Category,Snippet,Tool,Coverage,Status,Size,Run,Duration
B1a,B1a_oneParamBoolean,CATG,100.00,C,2,run-01-30sec,1902
B1a,B1a_oneParamByte,CATG,100.00,C,1,run-01-30sec,902
B1a,B1a_oneParamChar,CATG,100.00,C,1,run-01-30sec,901
B1a,B1a_oneParamDouble,CATG,,N/A,,run-01-30sec,
B1a,B1a_oneParamFloat,CATG,,N/A,,run-01-30sec,
B1a,B1a_oneParamInt,CATG,100.00,C,1,run-01-30sec,901
B1a,B1a_oneParamLong,CATG,100.00,C,1,run-01-30sec,903
B1a,B1a_oneParamShort,CATG,100.00,C,1,run-01-30sec,801
B1a,B1a_twoParamBoolean,CATG,100.00,C,1,run-01-30sec,902
B1a,B1a_twoParamByte,CATG,100.00,C,1,run-01-30sec,901
B1a,B1a_twoParamChar,CATG,100.00,C,1,run-01-30sec,901
B1a,B1a_twoParamDouble,CATG,,N/A,,run-01-30sec,
B1a,B1a_twoParamFloat,CATG,,N/A,,run-01-30sec,
B1a,B1a_twoParamInt,CATG,100.00,C,1,run-01-30sec,902
B1a,B1a_twoParamLong,CATG,100.00,C,1,run-01-30sec,902
B1a,B1a_twoParamShort,CATG,100.00,C,1,run-01-30sec,901
B1b,B1b_constBoolean,CATG,100.00,C,1,run-01-30sec,801
B1b,B1b_constByte,CATG,100.00,C,1,run-01-30sec,801
B1b,B1b_constChar,CATG,100.00,C,1,run-01-30sec,808
B1b,B1b_constDouble,CATG,100.00,C,1,run-01-30sec,801
B1b,B1b_constFloat,CATG,100.00,C,1,run-01-30sec,802
B1b,B1b_constInt,CATG,100.00,C,1,run-01-30sec,801
B1b,B1b_constLong,CATG,100.00,C,1,run-01-30sec,801
B1b,B1b_constShort,CATG,100.00,C,1,run-01-30sec,802
B1c,B1c_add,CATG,100.00,C,1,run-01-30sec,901
B1c,B1c_addAssignment,CATG,100.00,C,1,run-01-30sec,901
B1c,B1c_divide,CATG,100.00,C,1,run-01-30sec,902
B1c,B1c_divideAssignment,CATG,100.00,C,1,run-01-30sec,905
B1c,B1c_modulo,CATG,100.00,C,1,run-01-30sec,902
B1c,B1c_moduloAssignment,CATG,100.00,C,1,run-01-30sec,901
B1c,B1c_multiply,CATG,100.00,C,1,run-01-30sec,901
B1c,B1c_multiplyAssignment,CATG,100.00,C,1,run-01-30sec,901
B1c,B1c_postfixMinusMinus,CATG,100.00,C,1,run-01-30sec,901
B1c,B1c_postfixPlusplus,CATG,100.00,C,1,run-01-30sec,902
B1c,B1c_substract,CATG,100.00,C,1,run-01-30sec,901
B1c,B1c_substractAssignment,CATG,100.00,C,1,run-01-30sec,901
B1c,B1c_unaryMinus,CATG,100.00,C,1,run-01-30sec,901
B1c,B1c_unaryMinusMinus,CATG,100.00,C,1,run-01-30sec,955
B1c,B1c_unaryPlus,CATG,100.00,C,1,run-01-30sec,903
B1c,B1c_unaryPlusPlus,CATG,100.00,C,1,run-01-30sec,902
B1d,B1d_and,CATG,100.00,C,3,run-01-30sec,3011
B1d,B1d_equal,CATG,100.00,C,2,run-01-30sec,1904
B1d,B1d_greater,CATG,100.00,C,2,run-01-30sec,1908
B1d,B1d_greaterOrEqual,CATG,100.00,C,2,run-01-30sec,1905
B1d,B1d_negate,CATG,100.00,C,2,run-01-30sec,1902
B1d,B1d_notEqual,CATG,100.00,C,2,run-01-30sec,1902
B1d,B1d_or,CATG,100.00,C,3,run-01-30sec,3004
B1d,B1d_smaller,CATG,100.00,C,2,run-01-30sec,1903
B1d,B1d_smallerOrEqual,CATG,100.00,C,2,run-01-30sec,1902
B1e,B1e_and,CATG,100.00,C,1,run-01-30sec,902
B1e,B1e_andAssignment,CATG,100.00,C,1,run-01-30sec,901
B1e,B1e_negate,CATG,100.00,C,1,run-01-30sec,901
B1e,B1e_or,CATG,100.00,C,1,run-01-30sec,902
B1e,B1e_orAssignment,CATG,100.00,C,1,run-01-30sec,901
B1e,B1e_shiftLeft,CATG,100.00,C,1,run-01-30sec,901
B1e,B1e_shiftLeftAssignment,CATG,100.00,C,1,run-01-30sec,901
B1e,B1e_shiftRight,CATG,100.00,C,1,run-01-30sec,901
B1e,B1e_shiftRightAssignment,CATG,100.00,C,1,run-01-30sec,801
B1e,B1e_shiftRightUnsigned,CATG,100.00,C,1,run-01-30sec,901
B1e,B1e_shiftRightUnsignedAssignment,CATG,100.00,C,1,run-01-30sec,901
B1e,B1e_xor,CATG,100.00,C,1,run-01-30sec,902
B1e,B1e_xorAssignment,CATG,100.00,C,1,run-01-30sec,901
B2a,B2a_oneParamBoolean,CATG,100.00,C,2,run-01-30sec,1903
B2a,B2a_oneParamDouble,CATG,,N/A,,run-01-30sec,
B2a,B2a_oneParamInt,CATG,100.00,C,4,run-01-30sec,3905
B2a,B2a_twoParamsBoolean,CATG,72.73,C,4,run-01-30sec,4213
B2a,B2a_twoParamsDouble,CATG,,N/A,,run-01-30sec,
B2a,B2a_twoParamsInt,CATG,84.62,C,7,run-01-30sec,7417
B2b,B2b_oneParamBoolean,CATG,100.00,C,2,run-01-30sec,3534
B2b,B2b_oneParamInt,CATG,100.00,C,2,run-01-30sec,1902
B2b,B2b_twoParamsBoolean,CATG,100.00,C,3,run-01-30sec,4222
B2b,B2b_twoParamsInt,CATG,100.00,C,3,run-01-30sec,3012
B2c,B2c_missingBreaks,CATG,,EX,,run-01-30sec,901
B2c,B2c_simple,CATG,,EX,,run-01-30sec,901
B2c,B2c_withReturn,CATG,,EX,,run-01-30sec,903
B2d,B2d_oneParamDouble,CATG,,N/A,,run-01-30sec,
B2d,B2d_oneParamFloat,CATG,,N/A,,run-01-30sec,
B2d,B2d_oneParamInt,CATG,100.00,C,2,run-01-30sec,2003
B2d,B2d_oneParamIntNoSolution,CATG,66.67,C,1,run-01-30sec,1102
B2d,B2d_quadraticDouble,CATG,,N/A,,run-01-30sec,
B2d,B2d_quadraticDoubleNoSolution,CATG,,N/A,,run-01-30sec,
B2d,B2d_quadraticFloat,CATG,,N/A,,run-01-30sec,
B2d,B2d_quadraticFloatNoSolution,CATG,,N/A,,run-01-30sec,
B2d,B2d_quadraticInt,CATG,80.00,NC,1,run-01-30sec,1238
B2d,B2d_quadraticIntNoSolution,CATG,,EX,,run-01-30sec,2206
B2d,B2d_threeParamsDouble,CATG,,N/A,,run-01-30sec,
B2d,B2d_threeParamsFloat,CATG,,N/A,,run-01-30sec,
B2d,B2d_threeParamsInt,CATG,100.00,C,4,run-01-30sec,4215
B2d,B2d_threeParamsIntNoSolution,CATG,83.33,C,3,run-01-30sec,3306
B2d,B2d_twoParamsDouble,CATG,,N/A,,run-01-30sec,
B2d,B2d_twoParamsFloat,CATG,,N/A,,run-01-30sec,
B2d,B2d_twoParamsInt,CATG,100.00,C,3,run-01-30sec,3107
B2d,B2d_twoParamsIntNoSolution,CATG,80.00,C,2,run-01-30sec,2003
B3a,B3a_complex,CATG,,T/M,,run-01-30sec,30142
B3a,B3a_infinite,CATG,,T/M,,run-01-30sec,30178
B3a,B3a_infiniteNotOptimalizable,CATG,,T/M,,run-01-30sec,30104
B3a,B3a_nestedLoop,CATG,,T/M,,run-01-30sec,30154
B3a,B3a_nestedLoopWithLabel,CATG,,T/M,,run-01-30sec,30095
B3a,B3a_withConditionAndLimit,CATG,100.00,C,12,run-01-30sec,12437
B3a,B3a_withConditionNoLimit,CATG,,T/M,,run-01-30sec,30189
B3a,B3a_withContinueBreak,CATG,,T/M,,run-01-30sec,30179
B3a,B3a_withLimit,CATG,100.00,C,12,run-01-30sec,12128
B3b,B3b_complex,CATG,,T/M,,run-01-30sec,30191
B3b,B3b_infinite,CATG,,T/M,,run-01-30sec,30136
B3b,B3b_infiniteNotOptimalizable,CATG,,T/M,,run-01-30sec,30119
B3b,B3b_nestedLoop,CATG,,T/M,,run-01-30sec,30156
B3b,B3b_nestedLoopWithLabel,CATG,,T/M,,run-01-30sec,30140
B3b,B3b_withConditionAndLimit,CATG,100.00,C,12,run-01-30sec,12535
B3b,B3b_withConditionNoLimit,CATG,,T/M,,run-01-30sec,30179
B3b,B3b_withContinueBreak,CATG,,T/M,,run-01-30sec,30161
B3b,B3b_withLimit,CATG,100.00,C,12,run-01-30sec,12223
B3c,B3c_complex,CATG,,T/M,,run-01-30sec,30153
B3c,B3c_infinite,CATG,,T/M,,run-01-30sec,30136
B3c,B3c_infiniteNotOptimalizable,CATG,,T/M,,run-01-30sec,30139
B3c,B3c_nestedLoop,CATG,,T/M,,run-01-30sec,30106
B3c,B3c_nestedLoopWithLabel,CATG,,T/M,,run-01-30sec,30133
B3c,B3c_withConditionAndLimit,CATG,100.00,C,11,run-01-30sec,11619
B3c,B3c_withConditionNoLimit,CATG,,T/M,,run-01-30sec,30168
B3c,B3c_withContinueBreak,CATG,,T/M,,run-01-30sec,30161
B3c,B3c_withLimit,CATG,100.00,C,11,run-01-30sec,11225
B4a,B4a_fromParams,CATG,100.00,C,4,run-01-30sec,4209
B4a,B4a_fromParamsWithIndex,CATG,100.00,C,6,run-01-30sec,6419
B4a,B4a_guessLength,CATG,100.00,C,2,run-01-30sec,1906
B4a,B4a_guessOneArray,CATG,,N/A,,run-01-30sec,
B4a,B4a_guessOneArrayWithLength,CATG,,N/A,,run-01-30sec,
B4a,B4a_indexParam,CATG,83.33,NC,3,run-01-30sec,3009
B4a,B4a_iterateWithFor,CATG,,N/A,,run-01-30sec,
B4a,B4a_iterateWithForeach,CATG,,N/A,,run-01-30sec,
B4a,B4a_twoArrays,CATG,,N/A,,run-01-30sec,
B4b,B4b_fromParams,CATG,100.00,C,4,run-01-30sec,4220
B4b,B4b_fromParamsWithIndex,CATG,,EX,,run-01-30sec,3106
B4b,B4b_guessLength,CATG,100.00,C,2,run-01-30sec,2004
B4b,B4b_guessOneArray,CATG,,N/A,,run-01-30sec,
B4b,B4b_guessOneArrayWithLength,CATG,,N/A,,run-01-30sec,
B4b,B4b_indexParam,CATG,75.00,NC,1,run-01-30sec,1002
B4b,B4b_iterateWithFor,CATG,,N/A,,run-01-30sec,
B4b,B4b_iterateWithForeach,CATG,,N/A,,run-01-30sec,
B4b,B4b_twoArrays,CATG,,N/A,,run-01-30sec,
B5a1,B5a1_conditionalCall,CATG,100.00,C,8,run-01-30sec,8911
B5a1,B5a1_simple,CATG,100.00,C,7,run-01-30sec,7117
B5a1,B5a1_useReturnValue,CATG,100.00,C,7,run-01-30sec,7220
B5a2,B5a2_conditionalCall,CATG,100.00,C,8,run-01-30sec,8814
B5a2,B5a2_simple,CATG,100.00,C,7,run-01-30sec,7215
B5a2,B5a2_useReturnValue,CATG,100.00,C,7,run-01-30sec,7320
B5b1,B5b1_fibonacci,CATG,100.00,C,12,run-01-30sec,20148
B5b1,B5b1_simple,CATG,100.00,C,1,run-01-30sec,901
B5b2,B5b2_fibonacci,CATG,,T/M,,run-01-30sec,30147
B5b2,B5b2_simple,CATG,100.00,C,1,run-01-30sec,1002
B6a,B6a_always,CATG,,EX,,run-01-30sec,801
B6a,B6a_call,CATG,,EX,,run-01-30sec,7214
B6a,B6a_conditionalAndLoop,CATG,,EX,,run-01-30sec,12221
B6a,B6a_recursive,CATG,100.00,C,1,run-01-30sec,901
B6a,B6a_tryCatch,CATG,,EX,,run-01-30sec,7323
B6a,B6a_tryCatchFinally,CATG,,EX,,run-01-30sec,22239
B6b,B6b_always,CATG,,EX,,run-01-30sec,801
B6b,B6b_call,CATG,,EX,,run-01-30sec,7215
B6b,B6b_conditionalAndLoop,CATG,,EX,,run-01-30sec,12329
B6b,B6b_recursive,CATG,100.00,C,1,run-01-30sec,901
B6b,B6b_tryCatch,CATG,,EX,,run-01-30sec,7313
B6b,B6b_tryCatchFinally,CATG,,EX,,run-01-30sec,22252
B6c,B6c_arithmeticException,CATG,,EX,,run-01-30sec,2003
B6c,B6c_arrayIndexOutOfBoundsException,CATG,,EX,,run-01-30sec,1904
B6c,B6c_classCastException,CATG,,EX,,run-01-30sec,2002
B6c,B6c_illegalArgumentException,CATG,,EX,,run-01-30sec,2004
B6c,B6c_illegalStateException,CATG,,EX,,run-01-30sec,2003
B6c,B6c_indexOutOfBoundsException,CATG,,EX,,run-01-30sec,1905
B6c,B6c_nullPointerException,CATG,,EX,,run-01-30sec,1904
B6c,B6c_securityException,CATG,,EX,,run-01-30sec,1904
B6c,B6c_unsupportedOperationException,CATG,,EX,,run-01-30sec,2002
S1,S1_returnStructure,CATG,,N/A,,run-01-30sec,
S1,S1_returnStructureParams,CATG,100.00,C,1,run-01-30sec,1002
S1,S1_useStructure,CATG,,N/A,,run-01-30sec,
S1,S1_useStructureParams,CATG,100.00,C,1,run-01-30sec,1001
S2,S2_oneStructure,CATG,,N/A,,run-01-30sec,
S2,S2_oneStructureParams,CATG,100.00,C,7,run-01-30sec,7618
S2,S2_twoStructures,CATG,,N/A,,run-01-30sec,
S2,S2_twoStructuresParams,CATG,100.00,C,7,run-01-30sec,7721
S3,S3_arrayOfStructures,CATG,,N/A,,run-01-30sec,
S3,S3_arrayOfStructuresParams,CATG,,N/A,,run-01-30sec,
S3,S3_noLimit,CATG,,N/A,,run-01-30sec,
S3,S3_noLimitParams,CATG,,T/M,,run-01-30sec,30108
S3,S3_withLimit,CATG,,N/A,,run-01-30sec,
S3,S3_withLimitParams,CATG,88.89,NC,12,run-01-30sec,13331
S4,S4_guess,CATG,,N/A,,run-01-30sec,
S4,S4_guessCoordinates,CATG,,N/A,,run-01-30sec,
S4,S4_guessParams,CATG,100.00,C,9,run-01-30sec,9819
O1,O1_fullCoverage,CATG,,N/A,,run-01-30sec,
O1,O1_guessImpossibleObject,CATG,,N/A,,run-01-30sec,
O1,O1_guessImpossibleOperationCount,CATG,,N/A,,run-01-30sec,
O1,O1_guessImpossibleOperationCountParams,CATG,,T/M,,run-01-30sec,30132
O1,O1_guessImpossibleResult,CATG,,N/A,,run-01-30sec,
O1,O1_guessImpossibleResultAndOperationCount,CATG,,N/A,,run-01-30sec,
O1,O1_guessImpossibleResultAndOperationCountParams,CATG,,T/M,,run-01-30sec,30153
O1,O1_guessImpossibleResultParams,CATG,,T/M,,run-01-30sec,30159
O1,O1_guessObject,CATG,,N/A,,run-01-30sec,
O1,O1_guessOperationCount,CATG,,N/A,,run-01-30sec,
O1,O1_guessOperationCountParams,CATG,,T/M,,run-01-30sec,30138
O1,O1_guessResult,CATG,,N/A,,run-01-30sec,
O1,O1_guessResultAndOperationCount,CATG,,N/A,,run-01-30sec,
O1,O1_guessResultAndOperationCountParams,CATG,,T/M,,run-01-30sec,30156
O1,O1_guessResultParams,CATG,100.00,C,16,run-01-30sec,17534
O1,O1_oneOperationNoCheck,CATG,,N/A,,run-01-30sec,
O1,O1_oneOperationParams,CATG,100.00,C,2,run-01-30sec,2003
O1,O1_oneOperationWithCheck,CATG,,N/A,,run-01-30sec,
O1,O1_twoOperationsParams,CATG,100.00,C,4,run-01-30sec,4209
O1,O1_twoOperationsWithCheck,CATG,,N/A,,run-01-30sec,
O1,O1_twoOperationsWithNocheck,CATG,,N/A,,run-01-30sec,
O2,O2_guessResult,CATG,,N/A,,run-01-30sec,
O2,O2_guessResultParams,CATG,100.00,C,16,run-01-30sec,17628
O3a,O3a_guessResult,CATG,,N/A,,run-01-30sec,
O3a,O3a_guessResultParams,CATG,100.00,C,16,run-01-30sec,17540
O3b,O3b_guess,CATG,,N/A,,run-01-30sec,
O3b,O3b_guessImpossible,CATG,,N/A,,run-01-30sec,
O3b,O3b_validate,CATG,,N/A,,run-01-30sec,
O3c,O3c_guess,CATG,,N/A,,run-01-30sec,
O3c,O3c_guessImpossible,CATG,,N/A,,run-01-30sec,
O3c,O3c_validate,CATG,,N/A,,run-01-30sec,
O4,O4_guessImpossible,CATG,,N/A,,run-01-30sec,
O4,O4_guessImpossibleParams,CATG,87.50,C,8,run-01-30sec,9120
O4,O4_guessResult,CATG,,N/A,,run-01-30sec,
O4,O4_guessResultParams,CATG,93.75,C,15,run-01-30sec,17246
G1,G1_guessType,CATG,,N/A,,run-01-30sec,
G1,G1_guessTypeAndUse,CATG,,N/A,,run-01-30sec,
G1,G1_guessTypeWithExtends,CATG,,N/A,,run-01-30sec,
G1,G1_guessTypeWithExtendsAndUse,CATG,,N/A,,run-01-30sec,
G2,G2_guessDescendant,CATG,,N/A,,run-01-30sec,
G2,G2_guessImpossible,CATG,,N/A,,run-01-30sec,
G2,G2_guessInteger,CATG,,N/A,,run-01-30sec,
G2,G2_guessIntegerNoHelp,CATG,,N/A,,run-01-30sec,
G2,G2_guessSafe,CATG,,N/A,,run-01-30sec,
G2,G2_guessSafeNoHelp,CATG,,N/A,,run-01-30sec,
L1,L1_abs,CATG,66.67,NC,1,run-01-30sec,901
L1,L1_absImpossible,CATG,66.67,C,1,run-01-30sec,901
L1,L1_cbrt,CATG,,N/A,,run-01-30sec,
L1,L1_cos,CATG,,N/A,,run-01-30sec,
L1,L1_cosImpossible,CATG,,N/A,,run-01-30sec,
L1,L1_log10GuessArgument,CATG,,N/A,,run-01-30sec,
L1,L1_logGuessArgument,CATG,,N/A,,run-01-30sec,
L1,L1_logGuessBase,CATG,,N/A,,run-01-30sec,
L1,L1_logGuessBaseAndArgument,CATG,,N/A,,run-01-30sec,
L1,L1_minMax,CATG,66.67,NC,1,run-01-30sec,901
L1,L1_minMaxImpossible,CATG,66.67,C,1,run-01-30sec,904
L1,L1_minMaxWithOrder,CATG,66.67,NC,1,run-01-30sec,901
L1,L1_powGuessBase,CATG,,N/A,,run-01-30sec,
L1,L1_powGuessBaseAndExponent,CATG,,N/A,,run-01-30sec,
L1,L1_powGuessExponent,CATG,,N/A,,run-01-30sec,
L1,L1_sin,CATG,,N/A,,run-01-30sec,
L1,L1_sinImpossible,CATG,,N/A,,run-01-30sec,
L1,L1_sqrt,CATG,,N/A,,run-01-30sec,
L1,L1_sqrtImpossible,CATG,,N/A,,run-01-30sec,
L1,L1_tan,CATG,,N/A,,run-01-30sec,
L2,L2_add,CATG,57.14,NC,1,run-01-30sec,901
L2,L2_addWithCondition,CATG,53.85,NC,1,run-01-30sec,1716
L2,L2_charAt,CATG,,EX,,run-01-30sec,901
L2,L2_compareTo,CATG,55.56,NC,1,run-01-30sec,903
L2,L2_compareToIgnoreCase,CATG,55.56,NC,1,run-01-30sec,901
L2,L2_equality,CATG,77.78,NC,3,run-01-30sec,2905
L2,L2_equalityIgnoreCase,CATG,55.56,NC,1,run-01-30sec,902
L2,L2_indexOf,CATG,50.00,NC,1,run-01-30sec,901
L2,L2_length,CATG,57.14,NC,1,run-01-30sec,901
L2,L2_regionEquality,CATG,50.00,NC,1,run-01-30sec,1111
L2,L2_startsEnds,CATG,42.86,NC,1,run-01-30sec,901
L2,L2_substring,CATG,,EX,,run-01-30sec,901
L2,L2_switchString,CATG,,N/A,,run-01-30sec,
L3,L3_guessDouble,CATG,,N/A,,run-01-30sec,
L3,L3_guessInteger,CATG,100.00,C,3,run-01-30sec,3004
L3,L3_integerOverflow,CATG,100.00,C,3,run-01-30sec,3006
L4,L4_guessElementAndIndex,CATG,,EX,,run-01-30sec,2003
L4,L4_guessElements,CATG,100.00,C,3,run-01-30sec,3105
L4,L4_guessGenericListWithElement,CATG,,N/A,,run-01-30sec,
L4,L4_guessGenericListWithSize,CATG,,N/A,,run-01-30sec,
L4,L4_guessGenericVectorWithElement,CATG,,N/A,,run-01-30sec,
L4,L4_guessGenericVectorWithSize,CATG,,N/A,,run-01-30sec,
L4,L4_guessIndices,CATG,88.89,NC,1,run-01-30sec,1001
L4,L4_guessListWithSize,CATG,,N/A,,run-01-30sec,
L4,L4_guessSize,CATG,100.00,C,2,run-01-30sec,1903
L4,L4_guessSizeAndElements,CATG,100.00,C,4,run-01-30sec,4309
L4,L4_guessVectorWithSize,CATG,,N/A,,run-01-30sec,
LO,LO_associatesAPIGuessDate,CATG,43.75,NC,1,run-01-30sec,901
LO,LO_associatesAPIGuessValidDateFormat,CATG,50.00,NC,1,run-01-30sec,901
LO,LO_guessUUID,CATG,33.33,NC,1,run-01-30sec,903
LO,LO_guessValidUUID,CATG,50.00,NC,1,run-01-30sec,901
LO,LO_inheritsAPIGuessOneObject,CATG,,N/A,,run-01-30sec,
LO,LO_inheritsAPIGuessOnePrimitive,CATG,,EX,,run-01-30sec,4111
LO,LO_inheritsAPIGuessTwoObjects,CATG,,N/A,,run-01-30sec,
LO,LO_inheritsAPIGuessTwoPrimitives,CATG,,EX,,run-01-30sec,7312
LO,LO_regexCaseInsensitive,CATG,71.43,NC,1,run-01-30sec,901
LO,LO_regexCaseSensitive,CATG,60.00,NC,1,run-01-30sec,902
Others,Others_guess,CATG,,N/A,,run-01-30sec,
Others,Others_guessEnum,CATG,,N/A,,run-01-30sec,
Others,Others_guessEnumOrdinal,CATG,,N/A,,run-01-30sec,
Others,Others_guessEnumString,CATG,,N/A,,run-01-30sec,
Others,Others_guessWithLength,CATG,,N/A,,run-01-30sec,
Others,Others_iterateWithFor,CATG,,N/A,,run-01-30sec,
Others,Others_iterateWithForeach,CATG,,N/A,,run-01-30sec,
Others,Others_minMax,CATG,,N/A,,run-01-30sec,904
Others,Others_minMaxImpossible,CATG,,N/A,,run-01-30sec,903
Others,Others_minMaxWithOrder,CATG,,N/A,,run-01-30sec,901
Others,Others_switchEnum,CATG,,N/A,,run-01-30sec,
Others,Others_test,CATG,100.00,C,2,run-01-30sec,1903
B1a,B1a_oneParamBoolean,CATG,100.00,C,2,run-02-30sec,1904
B1a,B1a_oneParamByte,CATG,100.00,C,1,run-02-30sec,903
B1a,B1a_oneParamChar,CATG,100.00,C,1,run-02-30sec,901
B1a,B1a_oneParamDouble,CATG,,N/A,,run-02-30sec,
B1a,B1a_oneParamFloat,CATG,,N/A,,run-02-30sec,
B1a,B1a_oneParamInt,CATG,100.00,C,1,run-02-30sec,901
B1a,B1a_oneParamLong,CATG,100.00,C,1,run-02-30sec,901
B1a,B1a_oneParamShort,CATG,100.00,C,1,run-02-30sec,903
B1a,B1a_twoParamBoolean,CATG,100.00,C,1,run-02-30sec,901
B1a,B1a_twoParamByte,CATG,100.00,C,1,run-02-30sec,901
B1a,B1a_twoParamChar,CATG,100.00,C,1,run-02-30sec,903
B1a,B1a_twoParamDouble,CATG,,N/A,,run-02-30sec,
B1a,B1a_twoParamFloat,CATG,,N/A,,run-02-30sec,
B1a,B1a_twoParamInt,CATG,100.00,C,1,run-02-30sec,901
B1a,B1a_twoParamLong,CATG,100.00,C,1,run-02-30sec,901
B1a,B1a_twoParamShort,CATG,100.00,C,1,run-02-30sec,902
B1b,B1b_constBoolean,CATG,100.00,C,1,run-02-30sec,801
B1b,B1b_constByte,CATG,100.00,C,1,run-02-30sec,801
B1b,B1b_constChar,CATG,100.00,C,1,run-02-30sec,803
B1b,B1b_constDouble,CATG,100.00,C,1,run-02-30sec,801
B1b,B1b_constFloat,CATG,100.00,C,1,run-02-30sec,801
B1b,B1b_constInt,CATG,100.00,C,1,run-02-30sec,801
B1b,B1b_constLong,CATG,100.00,C,1,run-02-30sec,801
B1b,B1b_constShort,CATG,100.00,C,1,run-02-30sec,801
B1c,B1c_add,CATG,100.00,C,1,run-02-30sec,901
B1c,B1c_addAssignment,CATG,100.00,C,1,run-02-30sec,947
B1c,B1c_divide,CATG,100.00,C,1,run-02-30sec,901
B1c,B1c_divideAssignment,CATG,100.00,C,1,run-02-30sec,901
B1c,B1c_modulo,CATG,100.00,C,1,run-02-30sec,902
B1c,B1c_moduloAssignment,CATG,100.00,C,1,run-02-30sec,901
B1c,B1c_multiply,CATG,100.00,C,1,run-02-30sec,1004
B1c,B1c_multiplyAssignment,CATG,100.00,C,1,run-02-30sec,901
B1c,B1c_postfixMinusMinus,CATG,100.00,C,1,run-02-30sec,901
B1c,B1c_postfixPlusplus,CATG,100.00,C,1,run-02-30sec,902
B1c,B1c_substract,CATG,100.00,C,1,run-02-30sec,901
B1c,B1c_substractAssignment,CATG,100.00,C,1,run-02-30sec,922
B1c,B1c_unaryMinus,CATG,100.00,C,1,run-02-30sec,901
B1c,B1c_unaryMinusMinus,CATG,100.00,C,1,run-02-30sec,902
B1c,B1c_unaryPlus,CATG,100.00,C,1,run-02-30sec,903
B1c,B1c_unaryPlusPlus,CATG,100.00,C,1,run-02-30sec,903
B1d,B1d_and,CATG,100.00,C,3,run-02-30sec,3005
B1d,B1d_equal,CATG,100.00,C,2,run-02-30sec,1906
B1d,B1d_greater,CATG,100.00,C,2,run-02-30sec,1906
B1d,B1d_greaterOrEqual,CATG,100.00,C,2,run-02-30sec,1904
B1d,B1d_negate,CATG,100.00,C,2,run-02-30sec,1914
B1d,B1d_notEqual,CATG,100.00,C,2,run-02-30sec,1905
B1d,B1d_or,CATG,100.00,C,3,run-02-30sec,3015
B1d,B1d_smaller,CATG,100.00,C,2,run-02-30sec,1911
B1d,B1d_smallerOrEqual,CATG,100.00,C,2,run-02-30sec,1903
B1e,B1e_and,CATG,100.00,C,1,run-02-30sec,901
B1e,B1e_andAssignment,CATG,100.00,C,1,run-02-30sec,902
B1e,B1e_negate,CATG,100.00,C,1,run-02-30sec,902
B1e,B1e_or,CATG,100.00,C,1,run-02-30sec,902
B1e,B1e_orAssignment,CATG,100.00,C,1,run-02-30sec,901
B1e,B1e_shiftLeft,CATG,100.00,C,1,run-02-30sec,901
B1e,B1e_shiftLeftAssignment,CATG,100.00,C,1,run-02-30sec,901
B1e,B1e_shiftRight,CATG,100.00,C,1,run-02-30sec,902
B1e,B1e_shiftRightAssignment,CATG,100.00,C,1,run-02-30sec,904
B1e,B1e_shiftRightUnsigned,CATG,100.00,C,1,run-02-30sec,902
B1e,B1e_shiftRightUnsignedAssignment,CATG,100.00,C,1,run-02-30sec,901
B1e,B1e_xor,CATG,100.00,C,1,run-02-30sec,905
B1e,B1e_xorAssignment,CATG,100.00,C,1,run-02-30sec,901
B2a,B2a_oneParamBoolean,CATG,100.00,C,2,run-02-30sec,2005
B2a,B2a_oneParamDouble,CATG,,N/A,,run-02-30sec,
B2a,B2a_oneParamInt,CATG,100.00,C,4,run-02-30sec,3909
B2a,B2a_twoParamsBoolean,CATG,72.73,C,4,run-02-30sec,4212
B2a,B2a_twoParamsDouble,CATG,,N/A,,run-02-30sec,
B2a,B2a_twoParamsInt,CATG,84.62,C,7,run-02-30sec,7518
B2b,B2b_oneParamBoolean,CATG,100.00,C,2,run-02-30sec,2003
B2b,B2b_oneParamInt,CATG,100.00,C,2,run-02-30sec,1905
B2b,B2b_twoParamsBoolean,CATG,100.00,C,3,run-02-30sec,3008
B2b,B2b_twoParamsInt,CATG,100.00,C,3,run-02-30sec,3004
B2c,B2c_missingBreaks,CATG,,EX,,run-02-30sec,902
B2c,B2c_simple,CATG,,EX,,run-02-30sec,802
B2c,B2c_withReturn,CATG,,EX,,run-02-30sec,906
B2d,B2d_oneParamDouble,CATG,,N/A,,run-02-30sec,
B2d,B2d_oneParamFloat,CATG,,N/A,,run-02-30sec,
B2d,B2d_oneParamInt,CATG,100.00,C,2,run-02-30sec,2003
B2d,B2d_oneParamIntNoSolution,CATG,66.67,C,1,run-02-30sec,1104
B2d,B2d_quadraticDouble,CATG,,N/A,,run-02-30sec,
B2d,B2d_quadraticDoubleNoSolution,CATG,,N/A,,run-02-30sec,
B2d,B2d_quadraticFloat,CATG,,N/A,,run-02-30sec,
B2d,B2d_quadraticFloatNoSolution,CATG,,N/A,,run-02-30sec,
B2d,B2d_quadraticInt,CATG,80.00,NC,1,run-02-30sec,1103
B2d,B2d_quadraticIntNoSolution,CATG,,EX,,run-02-30sec,2206
B2d,B2d_threeParamsDouble,CATG,,N/A,,run-02-30sec,
B2d,B2d_threeParamsFloat,CATG,,N/A,,run-02-30sec,
B2d,B2d_threeParamsInt,CATG,100.00,C,4,run-02-30sec,4308
B2d,B2d_threeParamsIntNoSolution,CATG,83.33,C,3,run-02-30sec,3304
B2d,B2d_twoParamsDouble,CATG,,N/A,,run-02-30sec,
B2d,B2d_twoParamsFloat,CATG,,N/A,,run-02-30sec,
B2d,B2d_twoParamsInt,CATG,100.00,C,3,run-02-30sec,3105
B2d,B2d_twoParamsIntNoSolution,CATG,80.00,C,2,run-02-30sec,2003
B3a,B3a_complex,CATG,,T/M,,run-02-30sec,30139
B3a,B3a_infinite,CATG,,T/M,,run-02-30sec,30157
B3a,B3a_infiniteNotOptimalizable,CATG,,T/M,,run-02-30sec,30065
B3a,B3a_nestedLoop,CATG,,T/M,,run-02-30sec,30139
B3a,B3a_nestedLoopWithLabel,CATG,,T/M,,run-02-30sec,30153
B3a,B3a_withConditionAndLimit,CATG,100.00,C,12,run-02-30sec,12524
B3a,B3a_withConditionNoLimit,CATG,,T/M,,run-02-30sec,30139
B3a,B3a_withContinueBreak,CATG,,T/M,,run-02-30sec,30103
B3a,B3a_withLimit,CATG,100.00,C,12,run-02-30sec,12222
B3b,B3b_complex,CATG,,T/M,,run-02-30sec,30152
B3b,B3b_infinite,CATG,,T/M,,run-02-30sec,30162
B3b,B3b_infiniteNotOptimalizable,CATG,,T/M,,run-02-30sec,30189
B3b,B3b_nestedLoop,CATG,,T/M,,run-02-30sec,30171
B3b,B3b_nestedLoopWithLabel,CATG,,T/M,,run-02-30sec,30140
B3b,B3b_withConditionAndLimit,CATG,100.00,C,12,run-02-30sec,12529
B3b,B3b_withConditionNoLimit,CATG,,T/M,,run-02-30sec,30189
B3b,B3b_withContinueBreak,CATG,,T/M,,run-02-30sec,30195
B3b,B3b_withLimit,CATG,100.00,C,12,run-02-30sec,12470
B3c,B3c_complex,CATG,,T/M,,run-02-30sec,30142
B3c,B3c_infinite,CATG,,T/M,,run-02-30sec,30167
B3c,B3c_infiniteNotOptimalizable,CATG,,T/M,,run-02-30sec,30144
B3c,B3c_nestedLoop,CATG,,T/M,,run-02-30sec,30194
B3c,B3c_nestedLoopWithLabel,CATG,,T/M,,run-02-30sec,30152
B3c,B3c_withConditionAndLimit,CATG,100.00,C,11,run-02-30sec,11625
B3c,B3c_withConditionNoLimit,CATG,,T/M,,run-02-30sec,30188
B3c,B3c_withContinueBreak,CATG,,T/M,,run-02-30sec,30166
B3c,B3c_withLimit,CATG,100.00,C,11,run-02-30sec,11337
B4a,B4a_fromParams,CATG,100.00,C,4,run-02-30sec,4211
B4a,B4a_fromParamsWithIndex,CATG,100.00,C,6,run-02-30sec,6307
B4a,B4a_guessLength,CATG,100.00,C,2,run-02-30sec,2003
B4a,B4a_guessOneArray,CATG,,N/A,,run-02-30sec,
B4a,B4a_guessOneArrayWithLength,CATG,,N/A,,run-02-30sec,
B4a,B4a_indexParam,CATG,83.33,NC,3,run-02-30sec,3006
B4a,B4a_iterateWithFor,CATG,,N/A,,run-02-30sec,
B4a,B4a_iterateWithForeach,CATG,,N/A,,run-02-30sec,
B4a,B4a_twoArrays,CATG,,N/A,,run-02-30sec,
B4b,B4b_fromParams,CATG,100.00,C,4,run-02-30sec,4205
B4b,B4b_fromParamsWithIndex,CATG,,EX,,run-02-30sec,3204
B4b,B4b_guessLength,CATG,100.00,C,2,run-02-30sec,1902
B4b,B4b_guessOneArray,CATG,,N/A,,run-02-30sec,
B4b,B4b_guessOneArrayWithLength,CATG,,N/A,,run-02-30sec,
B4b,B4b_indexParam,CATG,75.00,NC,1,run-02-30sec,1001
B4b,B4b_iterateWithFor,CATG,,N/A,,run-02-30sec,
B4b,B4b_iterateWithForeach,CATG,,N/A,,run-02-30sec,
B4b,B4b_twoArrays,CATG,,N/A,,run-02-30sec,
B5a1,B5a1_conditionalCall,CATG,100.00,C,8,run-02-30sec,8828
B5a1,B5a1_simple,CATG,100.00,C,7,run-02-30sec,7219
B5a1,B5a1_useReturnValue,CATG,100.00,C,7,run-02-30sec,7219
B5a2,B5a2_conditionalCall,CATG,100.00,C,8,run-02-30sec,8823
B5a2,B5a2_simple,CATG,100.00,C,7,run-02-30sec,7215
B5a2,B5a2_useReturnValue,CATG,100.00,C,7,run-02-30sec,7315
B5b1,B5b1_fibonacci,CATG,100.00,C,12,run-02-30sec,20142
B5b1,B5b1_simple,CATG,100.00,C,1,run-02-30sec,903
B5b2,B5b2_fibonacci,CATG,,T/M,,run-02-30sec,30136
B5b2,B5b2_simple,CATG,100.00,C,1,run-02-30sec,1030
B6a,B6a_always,CATG,,EX,,run-02-30sec,801
B6a,B6a_call,CATG,,EX,,run-02-30sec,7111
B6a,B6a_conditionalAndLoop,CATG,,EX,,run-02-30sec,12319
B6a,B6a_recursive,CATG,100.00,C,1,run-02-30sec,904
B6a,B6a_tryCatch,CATG,,EX,,run-02-30sec,7312
B6a,B6a_tryCatchFinally,CATG,,EX,,run-02-30sec,22058
B6b,B6b_always,CATG,,EX,,run-02-30sec,802
B6b,B6b_call,CATG,,EX,,run-02-30sec,7215
B6b,B6b_conditionalAndLoop,CATG,,EX,,run-02-30sec,12325
B6b,B6b_recursive,CATG,100.00,C,1,run-02-30sec,903
B6b,B6b_tryCatch,CATG,,EX,,run-02-30sec,7315
B6b,B6b_tryCatchFinally,CATG,,EX,,run-02-30sec,22270
B6c,B6c_arithmeticException,CATG,,EX,,run-02-30sec,2004
B6c,B6c_arrayIndexOutOfBoundsException,CATG,,EX,,run-02-30sec,1902
B6c,B6c_classCastException,CATG,,EX,,run-02-30sec,2002
B6c,B6c_illegalArgumentException,CATG,,EX,,run-02-30sec,1902
B6c,B6c_illegalStateException,CATG,,EX,,run-02-30sec,2002
B6c,B6c_indexOutOfBoundsException,CATG,,EX,,run-02-30sec,2004
B6c,B6c_nullPointerException,CATG,,EX,,run-02-30sec,2008
B6c,B6c_securityException,CATG,,EX,,run-02-30sec,1906
B6c,B6c_unsupportedOperationException,CATG,,EX,,run-02-30sec,1905
S1,S1_returnStructure,CATG,,N/A,,run-02-30sec,
S1,S1_returnStructureParams,CATG,100.00,C,1,run-02-30sec,901
S1,S1_useStructure,CATG,,N/A,,run-02-30sec,
S1,S1_useStructureParams,CATG,100.00,C,1,run-02-30sec,904
S2,S2_oneStructure,CATG,,N/A,,run-02-30sec,
S2,S2_oneStructureParams,CATG,100.00,C,7,run-02-30sec,8741
S2,S2_twoStructures,CATG,,N/A,,run-02-30sec,
S2,S2_twoStructuresParams,CATG,100.00,C,7,run-02-30sec,7716
S3,S3_arrayOfStructures,CATG,,N/A,,run-02-30sec,
S3,S3_arrayOfStructuresParams,CATG,,N/A,,run-02-30sec,
S3,S3_noLimit,CATG,,N/A,,run-02-30sec,
S3,S3_noLimitParams,CATG,,T/M,,run-02-30sec,30132
S3,S3_withLimit,CATG,,N/A,,run-02-30sec,
S3,S3_withLimitParams,CATG,88.89,NC,12,run-02-30sec,13234
S4,S4_guess,CATG,,N/A,,run-02-30sec,
S4,S4_guessCoordinates,CATG,,N/A,,run-02-30sec,
S4,S4_guessParams,CATG,100.00,C,9,run-02-30sec,9922
O1,O1_fullCoverage,CATG,,N/A,,run-02-30sec,
O1,O1_guessImpossibleObject,CATG,,N/A,,run-02-30sec,
O1,O1_guessImpossibleOperationCount,CATG,,N/A,,run-02-30sec,
O1,O1_guessImpossibleOperationCountParams,CATG,,T/M,,run-02-30sec,30135
O1,O1_guessImpossibleResult,CATG,,N/A,,run-02-30sec,
O1,O1_guessImpossibleResultAndOperationCount,CATG,,N/A,,run-02-30sec,
O1,O1_guessImpossibleResultAndOperationCountParams,CATG,,T/M,,run-02-30sec,30135
O1,O1_guessImpossibleResultParams,CATG,,T/M,,run-02-30sec,30168
O1,O1_guessObject,CATG,,N/A,,run-02-30sec,
O1,O1_guessOperationCount,CATG,,N/A,,run-02-30sec,
O1,O1_guessOperationCountParams,CATG,,T/M,,run-02-30sec,30145
O1,O1_guessResult,CATG,,N/A,,run-02-30sec,
O1,O1_guessResultAndOperationCount,CATG,,N/A,,run-02-30sec,
O1,O1_guessResultAndOperationCountParams,CATG,,T/M,,run-02-30sec,30137
O1,O1_guessResultParams,CATG,100.00,C,16,run-02-30sec,17737
O1,O1_oneOperationNoCheck,CATG,,N/A,,run-02-30sec,
O1,O1_oneOperationParams,CATG,100.00,C,2,run-02-30sec,2003
O1,O1_oneOperationWithCheck,CATG,,N/A,,run-02-30sec,
O1,O1_twoOperationsParams,CATG,100.00,C,4,run-02-30sec,4316
O1,O1_twoOperationsWithCheck,CATG,,N/A,,run-02-30sec,
O1,O1_twoOperationsWithNocheck,CATG,,N/A,,run-02-30sec,
O2,O2_guessResult,CATG,,N/A,,run-02-30sec,
O2,O2_guessResultParams,CATG,100.00,C,16,run-02-30sec,17686
O3a,O3a_guessResult,CATG,,N/A,,run-02-30sec,
O3a,O3a_guessResultParams,CATG,100.00,C,16,run-02-30sec,17544
O3b,O3b_guess,CATG,,N/A,,run-02-30sec,
O3b,O3b_guessImpossible,CATG,,N/A,,run-02-30sec,
O3b,O3b_validate,CATG,,N/A,,run-02-30sec,
O3c,O3c_guess,CATG,,N/A,,run-02-30sec,
O3c,O3c_guessImpossible,CATG,,N/A,,run-02-30sec,
O3c,O3c_validate,CATG,,N/A,,run-02-30sec,
O4,O4_guessImpossible,CATG,,N/A,,run-02-30sec,
O4,O4_guessImpossibleParams,CATG,87.50,C,8,run-02-30sec,9013
O4,O4_guessResult,CATG,,N/A,,run-02-30sec,
O4,O4_guessResultParams,CATG,93.75,C,15,run-02-30sec,17869
G1,G1_guessType,CATG,,N/A,,run-02-30sec,
G1,G1_guessTypeAndUse,CATG,,N/A,,run-02-30sec,
G1,G1_guessTypeWithExtends,CATG,,N/A,,run-02-30sec,
G1,G1_guessTypeWithExtendsAndUse,CATG,,N/A,,run-02-30sec,
G2,G2_guessDescendant,CATG,,N/A,,run-02-30sec,
G2,G2_guessImpossible,CATG,,N/A,,run-02-30sec,
G2,G2_guessInteger,CATG,,N/A,,run-02-30sec,
G2,G2_guessIntegerNoHelp,CATG,,N/A,,run-02-30sec,
G2,G2_guessSafe,CATG,,N/A,,run-02-30sec,
G2,G2_guessSafeNoHelp,CATG,,N/A,,run-02-30sec,
L1,L1_abs,CATG,66.67,NC,1,run-02-30sec,1004
L1,L1_absImpossible,CATG,66.67,C,1,run-02-30sec,901
L1,L1_cbrt,CATG,,N/A,,run-02-30sec,
L1,L1_cos,CATG,,N/A,,run-02-30sec,
L1,L1_cosImpossible,CATG,,N/A,,run-02-30sec,
L1,L1_log10GuessArgument,CATG,,N/A,,run-02-30sec,
L1,L1_logGuessArgument,CATG,,N/A,,run-02-30sec,
L1,L1_logGuessBase,CATG,,N/A,,run-02-30sec,
L1,L1_logGuessBaseAndArgument,CATG,,N/A,,run-02-30sec,
L1,L1_minMax,CATG,66.67,NC,1,run-02-30sec,901
L1,L1_minMaxImpossible,CATG,66.67,C,1,run-02-30sec,903
L1,L1_minMaxWithOrder,CATG,66.67,NC,1,run-02-30sec,903
L1,L1_powGuessBase,CATG,,N/A,,run-02-30sec,
L1,L1_powGuessBaseAndExponent,CATG,,N/A,,run-02-30sec,
L1,L1_powGuessExponent,CATG,,N/A,,run-02-30sec,
L1,L1_sin,CATG,,N/A,,run-02-30sec,
L1,L1_sinImpossible,CATG,,N/A,,run-02-30sec,
L1,L1_sqrt,CATG,,N/A,,run-02-30sec,
L1,L1_sqrtImpossible,CATG,,N/A,,run-02-30sec,
L1,L1_tan,CATG,,N/A,,run-02-30sec,
L2,L2_add,CATG,57.14,NC,1,run-02-30sec,902
L2,L2_addWithCondition,CATG,53.85,NC,1,run-02-30sec,901
L2,L2_charAt,CATG,,EX,,run-02-30sec,901
L2,L2_compareTo,CATG,55.56,NC,1,run-02-30sec,901
L2,L2_compareToIgnoreCase,CATG,55.56,NC,1,run-02-30sec,904
L2,L2_equality,CATG,77.78,NC,3,run-02-30sec,2806
L2,L2_equalityIgnoreCase,CATG,55.56,NC,1,run-02-30sec,901
L2,L2_indexOf,CATG,50.00,NC,1,run-02-30sec,901
L2,L2_length,CATG,57.14,NC,1,run-02-30sec,903
L2,L2_regionEquality,CATG,50.00,NC,1,run-02-30sec,901
L2,L2_startsEnds,CATG,42.86,NC,1,run-02-30sec,905
L2,L2_substring,CATG,,EX,,run-02-30sec,902
L2,L2_switchString,CATG,,N/A,,run-02-30sec,
L3,L3_guessDouble,CATG,,N/A,,run-02-30sec,
L3,L3_guessInteger,CATG,100.00,C,3,run-02-30sec,2907
L3,L3_integerOverflow,CATG,100.00,C,3,run-02-30sec,3013
L4,L4_guessElementAndIndex,CATG,,EX,,run-02-30sec,2005
L4,L4_guessElements,CATG,100.00,C,3,run-02-30sec,3105
L4,L4_guessGenericListWithElement,CATG,,N/A,,run-02-30sec,
L4,L4_guessGenericListWithSize,CATG,,N/A,,run-02-30sec,
L4,L4_guessGenericVectorWithElement,CATG,,N/A,,run-02-30sec,
L4,L4_guessGenericVectorWithSize,CATG,,N/A,,run-02-30sec,
L4,L4_guessIndices,CATG,88.89,NC,1,run-02-30sec,1001
L4,L4_guessListWithSize,CATG,,N/A,,run-02-30sec,
L4,L4_guessSize,CATG,100.00,C,2,run-02-30sec,2004
L4,L4_guessSizeAndElements,CATG,100.00,C,4,run-02-30sec,4208
L4,L4_guessVectorWithSize,CATG,,N/A,,run-02-30sec,
LO,LO_associatesAPIGuessDate,CATG,43.75,NC,1,run-02-30sec,902
LO,LO_associatesAPIGuessValidDateFormat,CATG,50.00,NC,1,run-02-30sec,901
LO,LO_guessUUID,CATG,33.33,NC,1,run-02-30sec,901
LO,LO_guessValidUUID,CATG,50.00,NC,1,run-02-30sec,901
LO,LO_inheritsAPIGuessOneObject,CATG,,N/A,,run-02-30sec,
LO,LO_inheritsAPIGuessOnePrimitive,CATG,,EX,,run-02-30sec,4107
LO,LO_inheritsAPIGuessTwoObjects,CATG,,N/A,,run-02-30sec,
LO,LO_inheritsAPIGuessTwoPrimitives,CATG,,EX,,run-02-30sec,7432
LO,LO_regexCaseInsensitive,CATG,71.43,NC,1,run-02-30sec,901
LO,LO_regexCaseSensitive,CATG,60.00,NC,1,run-02-30sec,901
Others,Others_guess,CATG,,N/A,,run-02-30sec,
Others,Others_guessEnum,CATG,,N/A,,run-02-30sec,
Others,Others_guessEnumOrdinal,CATG,,N/A,,run-02-30sec,
Others,Others_guessEnumString,CATG,,N/A,,run-02-30sec,
Others,Others_guessWithLength,CATG,,N/A,,run-02-30sec,
Others,Others_iterateWithFor,CATG,,N/A,,run-02-30sec,
Others,Others_iterateWithForeach,CATG,,N/A,,run-02-30sec,
Others,Others_minMax,CATG,,N/A,,run-02-30sec,902
Others,Others_minMaxImpossible,CATG,,N/A,,run-02-30sec,901
Others,Others_minMaxWithOrder,CATG,,N/A,,run-02-30sec,901
Others,Others_switchEnum,CATG,,N/A,,run-02-30sec,
Others,Others_test,CATG,100.00,C,2,run-02-30sec,1905
B1a,B1a_oneParamBoolean,CATG,100.00,C,2,run-03-30sec,1903
B1a,B1a_oneParamByte,CATG,100.00,C,1,run-03-30sec,903
B1a,B1a_oneParamChar,CATG,100.00,C,1,run-03-30sec,948
B1a,B1a_oneParamDouble,CATG,,N/A,,run-03-30sec,
B1a,B1a_oneParamFloat,CATG,,N/A,,run-03-30sec,
B1a,B1a_oneParamInt,CATG,100.00,C,1,run-03-30sec,901
B1a,B1a_oneParamLong,CATG,100.00,C,1,run-03-30sec,901
B1a,B1a_oneParamShort,CATG,100.00,C,1,run-03-30sec,905
B1a,B1a_twoParamBoolean,CATG,100.00,C,1,run-03-30sec,901
B1a,B1a_twoParamByte,CATG,100.00,C,1,run-03-30sec,901
B1a,B1a_twoParamChar,CATG,100.00,C,1,run-03-30sec,902
B1a,B1a_twoParamDouble,CATG,,N/A,,run-03-30sec,
B1a,B1a_twoParamFloat,CATG,,N/A,,run-03-30sec,
B1a,B1a_twoParamInt,CATG,100.00,C,1,run-03-30sec,905
B1a,B1a_twoParamLong,CATG,100.00,C,1,run-03-30sec,901
B1a,B1a_twoParamShort,CATG,100.00,C,1,run-03-30sec,901
B1b,B1b_constBoolean,CATG,100.00,C,1,run-03-30sec,801
B1b,B1b_constByte,CATG,100.00,C,1,run-03-30sec,801
B1b,B1b_constChar,CATG,100.00,C,1,run-03-30sec,802
B1b,B1b_constDouble,CATG,100.00,C,1,run-03-30sec,802
B1b,B1b_constFloat,CATG,100.00,C,1,run-03-30sec,802
B1b,B1b_constInt,CATG,100.00,C,1,run-03-30sec,802
B1b,B1b_constLong,CATG,100.00,C,1,run-03-30sec,802
B1b,B1b_constShort,CATG,100.00,C,1,run-03-30sec,803
B1c,B1c_add,CATG,100.00,C,1,run-03-30sec,902
B1c,B1c_addAssignment,CATG,100.00,C,1,run-03-30sec,902
B1c,B1c_divide,CATG,100.00,C,1,run-03-30sec,902
B1c,B1c_divideAssignment,CATG,100.00,C,1,run-03-30sec,904
B1c,B1c_modulo,CATG,100.00,C,1,run-03-30sec,901
B1c,B1c_moduloAssignment,CATG,100.00,C,1,run-03-30sec,902
B1c,B1c_multiply,CATG,100.00,C,1,run-03-30sec,903
B1c,B1c_multiplyAssignment,CATG,100.00,C,1,run-03-30sec,902
B1c,B1c_postfixMinusMinus,CATG,100.00,C,1,run-03-30sec,901
B1c,B1c_postfixPlusplus,CATG,100.00,C,1,run-03-30sec,902
B1c,B1c_substract,CATG,100.00,C,1,run-03-30sec,902
B1c,B1c_substractAssignment,CATG,100.00,C,1,run-03-30sec,956
B1c,B1c_unaryMinus,CATG,100.00,C,1,run-03-30sec,901
B1c,B1c_unaryMinusMinus,CATG,100.00,C,1,run-03-30sec,939
B1c,B1c_unaryPlus,CATG,100.00,C,1,run-03-30sec,914
B1c,B1c_unaryPlusPlus,CATG,100.00,C,1,run-03-30sec,902
B1d,B1d_and,CATG,100.00,C,3,run-03-30sec,3006
B1d,B1d_equal,CATG,100.00,C,2,run-03-30sec,1902
B1d,B1d_greater,CATG,100.00,C,2,run-03-30sec,1903
B1d,B1d_greaterOrEqual,CATG,100.00,C,2,run-03-30sec,1903
B1d,B1d_negate,CATG,100.00,C,2,run-03-30sec,1905
B1d,B1d_notEqual,CATG,100.00,C,2,run-03-30sec,1904
B1d,B1d_or,CATG,100.00,C,3,run-03-30sec,3007
B1d,B1d_smaller,CATG,100.00,C,2,run-03-30sec,1907
B1d,B1d_smallerOrEqual,CATG,100.00,C,2,run-03-30sec,1905
B1e,B1e_and,CATG,100.00,C,1,run-03-30sec,901
B1e,B1e_andAssignment,CATG,100.00,C,1,run-03-30sec,902
B1e,B1e_negate,CATG,100.00,C,1,run-03-30sec,904
B1e,B1e_or,CATG,100.00,C,1,run-03-30sec,901
B1e,B1e_orAssignment,CATG,100.00,C,1,run-03-30sec,901
B1e,B1e_shiftLeft,CATG,100.00,C,1,run-03-30sec,902
B1e,B1e_shiftLeftAssignment,CATG,100.00,C,1,run-03-30sec,901
B1e,B1e_shiftRight,CATG,100.00,C,1,run-03-30sec,902
B1e,B1e_shiftRightAssignment,CATG,100.00,C,1,run-03-30sec,902
B1e,B1e_shiftRightUnsigned,CATG,100.00,C,1,run-03-30sec,901
B1e,B1e_shiftRightUnsignedAssignment,CATG,100.00,C,1,run-03-30sec,901
B1e,B1e_xor,CATG,100.00,C,1,run-03-30sec,902
B1e,B1e_xorAssignment,CATG,100.00,C,1,run-03-30sec,903
B2a,B2a_oneParamBoolean,CATG,100.00,C,2,run-03-30sec,1903
B2a,B2a_oneParamDouble,CATG,,N/A,,run-03-30sec,
B2a,B2a_oneParamInt,CATG,100.00,C,4,run-03-30sec,3909
B2a,B2a_twoParamsBoolean,CATG,72.73,C,4,run-03-30sec,4114
B2a,B2a_twoParamsDouble,CATG,,N/A,,run-03-30sec,
B2a,B2a_twoParamsInt,CATG,84.62,C,7,run-03-30sec,7315
B2b,B2b_oneParamBoolean,CATG,100.00,C,2,run-03-30sec,1904
B2b,B2b_oneParamInt,CATG,100.00,C,2,run-03-30sec,1803
B2b,B2b_twoParamsBoolean,CATG,100.00,C,3,run-03-30sec,3009
B2b,B2b_twoParamsInt,CATG,100.00,C,3,run-03-30sec,3006
B2c,B2c_missingBreaks,CATG,,EX,,run-03-30sec,901
B2c,B2c_simple,CATG,,EX,,run-03-30sec,901
B2c,B2c_withReturn,CATG,,EX,,run-03-30sec,902
B2d,B2d_oneParamDouble,CATG,,N/A,,run-03-30sec,
B2d,B2d_oneParamFloat,CATG,,N/A,,run-03-30sec,
B2d,B2d_oneParamInt,CATG,100.00,C,2,run-03-30sec,2004
B2d,B2d_oneParamIntNoSolution,CATG,66.67,C,1,run-03-30sec,1102
B2d,B2d_quadraticDouble,CATG,,N/A,,run-03-30sec,
B2d,B2d_quadraticDoubleNoSolution,CATG,,N/A,,run-03-30sec,
B2d,B2d_quadraticFloat,CATG,,N/A,,run-03-30sec,
B2d,B2d_quadraticFloatNoSolution,CATG,,N/A,,run-03-30sec,
B2d,B2d_quadraticInt,CATG,80.00,NC,1,run-03-30sec,1102
B2d,B2d_quadraticIntNoSolution,CATG,,EX,,run-03-30sec,2203
B2d,B2d_threeParamsDouble,CATG,,N/A,,run-03-30sec,
B2d,B2d_threeParamsFloat,CATG,,N/A,,run-03-30sec,
B2d,B2d_threeParamsInt,CATG,100.00,C,4,run-03-30sec,4212
B2d,B2d_threeParamsIntNoSolution,CATG,83.33,C,3,run-03-30sec,3305
B2d,B2d_twoParamsDouble,CATG,,N/A,,run-03-30sec,
B2d,B2d_twoParamsFloat,CATG,,N/A,,run-03-30sec,
B2d,B2d_twoParamsInt,CATG,100.00,C,3,run-03-30sec,3106
B2d,B2d_twoParamsIntNoSolution,CATG,80.00,C,2,run-03-30sec,2003
B3a,B3a_complex,CATG,,T/M,,run-03-30sec,30146
B3a,B3a_infinite,CATG,,T/M,,run-03-30sec,30108
B3a,B3a_infiniteNotOptimalizable,CATG,,T/M,,run-03-30sec,30142
B3a,B3a_nestedLoop,CATG,,T/M,,run-03-30sec,30110
B3a,B3a_nestedLoopWithLabel,CATG,,T/M,,run-03-30sec,30165
B3a,B3a_withConditionAndLimit,CATG,100.00,C,12,run-03-30sec,12431
B3a,B3a_withConditionNoLimit,CATG,,T/M,,run-03-30sec,30152
B3a,B3a_withContinueBreak,CATG,,T/M,,run-03-30sec,30155
B3a,B3a_withLimit,CATG,100.00,C,12,run-03-30sec,12333
B3b,B3b_complex,CATG,,T/M,,run-03-30sec,30150
B3b,B3b_infinite,CATG,,T/M,,run-03-30sec,30132
B3b,B3b_infiniteNotOptimalizable,CATG,,T/M,,run-03-30sec,30171
B3b,B3b_nestedLoop,CATG,,T/M,,run-03-30sec,30148
B3b,B3b_nestedLoopWithLabel,CATG,,T/M,,run-03-30sec,30171
B3b,B3b_withConditionAndLimit,CATG,100.00,C,12,run-03-30sec,12441
B3b,B3b_withConditionNoLimit,CATG,,T/M,,run-03-30sec,30145
B3b,B3b_withContinueBreak,CATG,,T/M,,run-03-30sec,30160
B3b,B3b_withLimit,CATG,100.00,C,12,run-03-30sec,12325
B3c,B3c_complex,CATG,,T/M,,run-03-30sec,30175
B3c,B3c_infinite,CATG,,T/M,,run-03-30sec,30134
B3c,B3c_infiniteNotOptimalizable,CATG,,T/M,,run-03-30sec,30142
B3c,B3c_nestedLoop,CATG,,T/M,,run-03-30sec,30175
B3c,B3c_nestedLoopWithLabel,CATG,,T/M,,run-03-30sec,30134
B3c,B3c_withConditionAndLimit,CATG,100.00,C,11,run-03-30sec,11627
B3c,B3c_withConditionNoLimit,CATG,,T/M,,run-03-30sec,30189
B3c,B3c_withContinueBreak,CATG,,T/M,,run-03-30sec,30175
B3c,B3c_withLimit,CATG,100.00,C,11,run-03-30sec,11323
B4a,B4a_fromParams,CATG,100.00,C,4,run-03-30sec,4208
B4a,B4a_fromParamsWithIndex,CATG,100.00,C,6,run-03-30sec,6414
B4a,B4a_guessLength,CATG,100.00,C,2,run-03-30sec,2005
B4a,B4a_guessOneArray,CATG,,N/A,,run-03-30sec,
B4a,B4a_guessOneArrayWithLength,CATG,,N/A,,run-03-30sec,
B4a,B4a_indexParam,CATG,83.33,NC,3,run-03-30sec,2904
B4a,B4a_iterateWithFor,CATG,,N/A,,run-03-30sec,
B4a,B4a_iterateWithForeach,CATG,,N/A,,run-03-30sec,
B4a,B4a_twoArrays,CATG,,N/A,,run-03-30sec,
B4b,B4b_fromParams,CATG,100.00,C,4,run-03-30sec,4112
B4b,B4b_fromParamsWithIndex,CATG,,EX,,run-03-30sec,3206
B4b,B4b_guessLength,CATG,100.00,C,2,run-03-30sec,1902
B4b,B4b_guessOneArray,CATG,,N/A,,run-03-30sec,
B4b,B4b_guessOneArrayWithLength,CATG,,N/A,,run-03-30sec,
B4b,B4b_indexParam,CATG,75.00,NC,1,run-03-30sec,1002
B4b,B4b_iterateWithFor,CATG,,N/A,,run-03-30sec,
B4b,B4b_iterateWithForeach,CATG,,N/A,,run-03-30sec,
B4b,B4b_twoArrays,CATG,,N/A,,run-03-30sec,
B5a1,B5a1_conditionalCall,CATG,100.00,C,8,run-03-30sec,8822
B5a1,B5a1_simple,CATG,100.00,C,7,run-03-30sec,7218
B5a1,B5a1_useReturnValue,CATG,100.00,C,7,run-03-30sec,7211
B5a2,B5a2_conditionalCall,CATG,100.00,C,8,run-03-30sec,8816
B5a2,B5a2_simple,CATG,100.00,C,7,run-03-30sec,7214
B5a2,B5a2_useReturnValue,CATG,100.00,C,7,run-03-30sec,7216
B5b1,B5b1_fibonacci,CATG,100.00,C,12,run-03-30sec,20941
B5b1,B5b1_simple,CATG,100.00,C,1,run-03-30sec,903
B5b2,B5b2_fibonacci,CATG,,T/M,,run-03-30sec,30189
B5b2,B5b2_simple,CATG,100.00,C,1,run-03-30sec,901
B6a,B6a_always,CATG,,EX,,run-03-30sec,803
B6a,B6a_call,CATG,,EX,,run-03-30sec,7211
B6a,B6a_conditionalAndLoop,CATG,,EX,,run-03-30sec,12232
B6a,B6a_recursive,CATG,100.00,C,1,run-03-30sec,901
B6a,B6a_tryCatch,CATG,,EX,,run-03-30sec,7313
B6a,B6a_tryCatchFinally,CATG,,EX,,run-03-30sec,22193
B6b,B6b_always,CATG,,EX,,run-03-30sec,803
B6b,B6b_call,CATG,,EX,,run-03-30sec,7312
B6b,B6b_conditionalAndLoop,CATG,,EX,,run-03-30sec,12327
B6b,B6b_recursive,CATG,100.00,C,1,run-03-30sec,902
B6b,B6b_tryCatch,CATG,,EX,,run-03-30sec,7317
B6b,B6b_tryCatchFinally,CATG,,EX,,run-03-30sec,22038
B6c,B6c_arithmeticException,CATG,,EX,,run-03-30sec,1904
B6c,B6c_arrayIndexOutOfBoundsException,CATG,,EX,,run-03-30sec,1907
B6c,B6c_classCastException,CATG,,EX,,run-03-30sec,2004
B6c,B6c_illegalArgumentException,CATG,,EX,,run-03-30sec,1903
B6c,B6c_illegalStateException,CATG,,EX,,run-03-30sec,3046
B6c,B6c_indexOutOfBoundsException,CATG,,EX,,run-03-30sec,1902
B6c,B6c_nullPointerException,CATG,,EX,,run-03-30sec,1902
B6c,B6c_securityException,CATG,,EX,,run-03-30sec,2003
B6c,B6c_unsupportedOperationException,CATG,,EX,,run-03-30sec,2002
S1,S1_returnStructure,CATG,,N/A,,run-03-30sec,
S1,S1_returnStructureParams,CATG,100.00,C,1,run-03-30sec,901
S1,S1_useStructure,CATG,,N/A,,run-03-30sec,
S1,S1_useStructureParams,CATG,100.00,C,1,run-03-30sec,903
S2,S2_oneStructure,CATG,,N/A,,run-03-30sec,
S2,S2_oneStructureParams,CATG,100.00,C,7,run-03-30sec,7618
S2,S2_twoStructures,CATG,,N/A,,run-03-30sec,
S2,S2_twoStructuresParams,CATG,100.00,C,7,run-03-30sec,7713
S3,S3_arrayOfStructures,CATG,,N/A,,run-03-30sec,
S3,S3_arrayOfStructuresParams,CATG,,N/A,,run-03-30sec,
S3,S3_noLimit,CATG,,N/A,,run-03-30sec,
S3,S3_noLimitParams,CATG,,T/M,,run-03-30sec,30138
S3,S3_withLimit,CATG,,N/A,,run-03-30sec,
S3,S3_withLimitParams,CATG,88.89,NC,12,run-03-30sec,13440
S4,S4_guess,CATG,,N/A,,run-03-30sec,
S4,S4_guessCoordinates,CATG,,N/A,,run-03-30sec,
S4,S4_guessParams,CATG,100.00,C,9,run-03-30sec,9833
O1,O1_fullCoverage,CATG,,N/A,,run-03-30sec,
O1,O1_guessImpossibleObject,CATG,,N/A,,run-03-30sec,
O1,O1_guessImpossibleOperationCount,CATG,,N/A,,run-03-30sec,
O1,O1_guessImpossibleOperationCountParams,CATG,,T/M,,run-03-30sec,30137
O1,O1_guessImpossibleResult,CATG,,N/A,,run-03-30sec,
O1,O1_guessImpossibleResultAndOperationCount,CATG,,N/A,,run-03-30sec,
O1,O1_guessImpossibleResultAndOperationCountParams,CATG,,T/M,,run-03-30sec,30135
O1,O1_guessImpossibleResultParams,CATG,,T/M,,run-03-30sec,30153
O1,O1_guessObject,CATG,,N/A,,run-03-30sec,
O1,O1_guessOperationCount,CATG,,N/A,,run-03-30sec,
O1,O1_guessOperationCountParams,CATG,,T/M,,run-03-30sec,30130
O1,O1_guessResult,CATG,,N/A,,run-03-30sec,
O1,O1_guessResultAndOperationCount,CATG,,N/A,,run-03-30sec,
O1,O1_guessResultAndOperationCountParams,CATG,,T/M,,run-03-30sec,30134
O1,O1_guessResultParams,CATG,100.00,C,16,run-03-30sec,17639
O1,O1_oneOperationNoCheck,CATG,,N/A,,run-03-30sec,
O1,O1_oneOperationParams,CATG,100.00,C,2,run-03-30sec,2006
O1,O1_oneOperationWithCheck,CATG,,N/A,,run-03-30sec,
O1,O1_twoOperationsParams,CATG,100.00,C,4,run-03-30sec,4312
O1,O1_twoOperationsWithCheck,CATG,,N/A,,run-03-30sec,
O1,O1_twoOperationsWithNocheck,CATG,,N/A,,run-03-30sec,
O2,O2_guessResult,CATG,,N/A,,run-03-30sec,
O2,O2_guessResultParams,CATG,100.00,C,16,run-03-30sec,17730
O3a,O3a_guessResult,CATG,,N/A,,run-03-30sec,
O3a,O3a_guessResultParams,CATG,100.00,C,16,run-03-30sec,18582
O3b,O3b_guess,CATG,,N/A,,run-03-30sec,
O3b,O3b_guessImpossible,CATG,,N/A,,run-03-30sec,
O3b,O3b_validate,CATG,,N/A,,run-03-30sec,
O3c,O3c_guess,CATG,,N/A,,run-03-30sec,
O3c,O3c_guessImpossible,CATG,,N/A,,run-03-30sec,
O3c,O3c_validate,CATG,,N/A,,run-03-30sec,
O4,O4_guessImpossible,CATG,,N/A,,run-03-30sec,
O4,O4_guessImpossibleParams,CATG,87.50,C,8,run-03-30sec,9017
O4,O4_guessResult,CATG,,N/A,,run-03-30sec,
O4,O4_guessResultParams,CATG,93.75,C,15,run-03-30sec,16738
G1,G1_guessType,CATG,,N/A,,run-03-30sec,
G1,G1_guessTypeAndUse,CATG,,N/A,,run-03-30sec,
G1,G1_guessTypeWithExtends,CATG,,N/A,,run-03-30sec,
G1,G1_guessTypeWithExtendsAndUse,CATG,,N/A,,run-03-30sec,
G2,G2_guessDescendant,CATG,,N/A,,run-03-30sec,
G2,G2_guessImpossible,CATG,,N/A,,run-03-30sec,
G2,G2_guessInteger,CATG,,N/A,,run-03-30sec,
G2,G2_guessIntegerNoHelp,CATG,,N/A,,run-03-30sec,
G2,G2_guessSafe,CATG,,N/A,,run-03-30sec,
G2,G2_guessSafeNoHelp,CATG,,N/A,,run-03-30sec,
L1,L1_abs,CATG,66.67,NC,1,run-03-30sec,1001
L1,L1_absImpossible,CATG,66.67,C,1,run-03-30sec,901
L1,L1_cbrt,CATG,,N/A,,run-03-30sec,
L1,L1_cos,CATG,,N/A,,run-03-30sec,
L1,L1_cosImpossible,CATG,,N/A,,run-03-30sec,
L1,L1_log10GuessArgument,CATG,,N/A,,run-03-30sec,
L1,L1_logGuessArgument,CATG,,N/A,,run-03-30sec,
L1,L1_logGuessBase,CATG,,N/A,,run-03-30sec,
L1,L1_logGuessBaseAndArgument,CATG,,N/A,,run-03-30sec,
L1,L1_minMax,CATG,66.67,NC,1,run-03-30sec,904
L1,L1_minMaxImpossible,CATG,66.67,C,1,run-03-30sec,901
L1,L1_minMaxWithOrder,CATG,66.67,NC,1,run-03-30sec,903
L1,L1_powGuessBase,CATG,,N/A,,run-03-30sec,
L1,L1_powGuessBaseAndExponent,CATG,,N/A,,run-03-30sec,
L1,L1_powGuessExponent,CATG,,N/A,,run-03-30sec,
L1,L1_sin,CATG,,N/A,,run-03-30sec,
L1,L1_sinImpossible,CATG,,N/A,,run-03-30sec,
L1,L1_sqrt,CATG,,N/A,,run-03-30sec,
L1,L1_sqrtImpossible,CATG,,N/A,,run-03-30sec,
L1,L1_tan,CATG,,N/A,,run-03-30sec,
L2,L2_add,CATG,57.14,NC,1,run-03-30sec,901
L2,L2_addWithCondition,CATG,53.85,NC,1,run-03-30sec,903
L2,L2_charAt,CATG,,EX,,run-03-30sec,901
L2,L2_compareTo,CATG,55.56,NC,1,run-03-30sec,902
L2,L2_compareToIgnoreCase,CATG,55.56,NC,1,run-03-30sec,902
L2,L2_equality,CATG,77.78,NC,3,run-03-30sec,2807
L2,L2_equalityIgnoreCase,CATG,55.56,NC,1,run-03-30sec,901
L2,L2_indexOf,CATG,50.00,NC,1,run-03-30sec,901
L2,L2_length,CATG,57.14,NC,1,run-03-30sec,901
L2,L2_regionEquality,CATG,50.00,NC,1,run-03-30sec,902
L2,L2_startsEnds,CATG,42.86,NC,1,run-03-30sec,901
L2,L2_substring,CATG,,EX,,run-03-30sec,901
L2,L2_switchString,CATG,,N/A,,run-03-30sec,
L3,L3_guessDouble,CATG,,N/A,,run-03-30sec,
L3,L3_guessInteger,CATG,100.00,C,3,run-03-30sec,3004
L3,L3_integerOverflow,CATG,100.00,C,3,run-03-30sec,3006
L4,L4_guessElementAndIndex,CATG,,EX,,run-03-30sec,2005
L4,L4_guessElements,CATG,100.00,C,3,run-03-30sec,3105
L4,L4_guessGenericListWithElement,CATG,,N/A,,run-03-30sec,
L4,L4_guessGenericListWithSize,CATG,,N/A,,run-03-30sec,
L4,L4_guessGenericVectorWithElement,CATG,,N/A,,run-03-30sec,
L4,L4_guessGenericVectorWithSize,CATG,,N/A,,run-03-30sec,
L4,L4_guessIndices,CATG,88.89,NC,1,run-03-30sec,1001
L4,L4_guessListWithSize,CATG,,N/A,,run-03-30sec,
L4,L4_guessSize,CATG,100.00,C,2,run-03-30sec,2003
L4,L4_guessSizeAndElements,CATG,100.00,C,4,run-03-30sec,4210
L4,L4_guessVectorWithSize,CATG,,N/A,,run-03-30sec,
LO,LO_associatesAPIGuessDate,CATG,43.75,NC,1,run-03-30sec,901
LO,LO_associatesAPIGuessValidDateFormat,CATG,50.00,NC,1,run-03-30sec,901
LO,LO_guessUUID,CATG,33.33,NC,1,run-03-30sec,901
LO,LO_guessValidUUID,CATG,50.00,NC,1,run-03-30sec,902
LO,LO_inheritsAPIGuessOneObject,CATG,,N/A,,run-03-30sec,
LO,LO_inheritsAPIGuessOnePrimitive,CATG,,EX,,run-03-30sec,4108
LO,LO_inheritsAPIGuessTwoObjects,CATG,,N/A,,run-03-30sec,
LO,LO_inheritsAPIGuessTwoPrimitives,CATG,,EX,,run-03-30sec,7521
LO,LO_regexCaseInsensitive,CATG,71.43,NC,1,run-03-30sec,901
LO,LO_regexCaseSensitive,CATG,60.00,NC,1,run-03-30sec,901
Others,Others_guess,CATG,,N/A,,run-03-30sec,
Others,Others_guessEnum,CATG,,N/A,,run-03-30sec,
Others,Others_guessEnumOrdinal,CATG,,N/A,,run-03-30sec,
Others,Others_guessEnumString,CATG,,N/A,,run-03-30sec,
Others,Others_guessWithLength,CATG,,N/A,,run-03-30sec,
Others,Others_iterateWithFor,CATG,,N/A,,run-03-30sec,
Others,Others_iterateWithForeach,CATG,,N/A,,run-03-30sec,
Others,Others_minMax,CATG,,N/A,,run-03-30sec,903
Others,Others_minMaxImpossible,CATG,,N/A,,run-03-30sec,901
Others,Others_minMaxWithOrder,CATG,,N/A,,run-03-30sec,901
Others,Others_switchEnum,CATG,,N/A,,run-03-30sec,
Others,Others_test,CATG,100.00,C,2,run-03-30sec,2002
B1a,B1a_oneParamBoolean,CATG,100.00,C,2,run-04-30sec,1908
B1a,B1a_oneParamByte,CATG,100.00,C,1,run-04-30sec,901
B1a,B1a_oneParamChar,CATG,100.00,C,1,run-04-30sec,905
B1a,B1a_oneParamDouble,CATG,,N/A,,run-04-30sec,
B1a,B1a_oneParamFloat,CATG,,N/A,,run-04-30sec,
B1a,B1a_oneParamInt,CATG,100.00,C,1,run-04-30sec,904
B1a,B1a_oneParamLong,CATG,100.00,C,1,run-04-30sec,901
B1a,B1a_oneParamShort,CATG,100.00,C,1,run-04-30sec,901
B1a,B1a_twoParamBoolean,CATG,100.00,C,1,run-04-30sec,901
B1a,B1a_twoParamByte,CATG,100.00,C,1,run-04-30sec,904
B1a,B1a_twoParamChar,CATG,100.00,C,1,run-04-30sec,901
B1a,B1a_twoParamDouble,CATG,,N/A,,run-04-30sec,
B1a,B1a_twoParamFloat,CATG,,N/A,,run-04-30sec,
B1a,B1a_twoParamInt,CATG,100.00,C,1,run-04-30sec,901
B1a,B1a_twoParamLong,CATG,100.00,C,1,run-04-30sec,902
B1a,B1a_twoParamShort,CATG,100.00,C,1,run-04-30sec,902
B1b,B1b_constBoolean,CATG,100.00,C,1,run-04-30sec,803
B1b,B1b_constByte,CATG,100.00,C,1,run-04-30sec,801
B1b,B1b_constChar,CATG,100.00,C,1,run-04-30sec,801
B1b,B1b_constDouble,CATG,100.00,C,1,run-04-30sec,801
B1b,B1b_constFloat,CATG,100.00,C,1,run-04-30sec,801
B1b,B1b_constInt,CATG,100.00,C,1,run-04-30sec,804
B1b,B1b_constLong,CATG,100.00,C,1,run-04-30sec,801
B1b,B1b_constShort,CATG,100.00,C,1,run-04-30sec,959
B1c,B1c_add,CATG,100.00,C,1,run-04-30sec,901
B1c,B1c_addAssignment,CATG,100.00,C,1,run-04-30sec,943
B1c,B1c_divide,CATG,100.00,C,1,run-04-30sec,901
B1c,B1c_divideAssignment,CATG,100.00,C,1,run-04-30sec,965
B1c,B1c_modulo,CATG,100.00,C,1,run-04-30sec,903
B1c,B1c_moduloAssignment,CATG,100.00,C,1,run-04-30sec,902
B1c,B1c_multiply,CATG,100.00,C,1,run-04-30sec,901
B1c,B1c_multiplyAssignment,CATG,100.00,C,1,run-04-30sec,901
B1c,B1c_postfixMinusMinus,CATG,100.00,C,1,run-04-30sec,902
B1c,B1c_postfixPlusplus,CATG,100.00,C,1,run-04-30sec,901
B1c,B1c_substract,CATG,100.00,C,1,run-04-30sec,904
B1c,B1c_substractAssignment,CATG,100.00,C,1,run-04-30sec,901
B1c,B1c_unaryMinus,CATG,100.00,C,1,run-04-30sec,903
B1c,B1c_unaryMinusMinus,CATG,100.00,C,1,run-04-30sec,901
B1c,B1c_unaryPlus,CATG,100.00,C,1,run-04-30sec,902
B1c,B1c_unaryPlusPlus,CATG,100.00,C,1,run-04-30sec,903
B1d,B1d_and,CATG,100.00,C,3,run-04-30sec,3006
B1d,B1d_equal,CATG,100.00,C,2,run-04-30sec,1903
B1d,B1d_greater,CATG,100.00,C,2,run-04-30sec,1903
B1d,B1d_greaterOrEqual,CATG,100.00,C,2,run-04-30sec,1905
B1d,B1d_negate,CATG,100.00,C,2,run-04-30sec,1904
B1d,B1d_notEqual,CATG,100.00,C,2,run-04-30sec,1904
B1d,B1d_or,CATG,100.00,C,3,run-04-30sec,3006
B1d,B1d_smaller,CATG,100.00,C,2,run-04-30sec,1908
B1d,B1d_smallerOrEqual,CATG,100.00,C,2,run-04-30sec,1906
B1e,B1e_and,CATG,100.00,C,1,run-04-30sec,903
B1e,B1e_andAssignment,CATG,100.00,C,1,run-04-30sec,901
B1e,B1e_negate,CATG,100.00,C,1,run-04-30sec,902
B1e,B1e_or,CATG,100.00,C,1,run-04-30sec,901
B1e,B1e_orAssignment,CATG,100.00,C,1,run-04-30sec,901
B1e,B1e_shiftLeft,CATG,100.00,C,1,run-04-30sec,901
B1e,B1e_shiftLeftAssignment,CATG,100.00,C,1,run-04-30sec,902
B1e,B1e_shiftRight,CATG,100.00,C,1,run-04-30sec,903
B1e,B1e_shiftRightAssignment,CATG,100.00,C,1,run-04-30sec,901
B1e,B1e_shiftRightUnsigned,CATG,100.00,C,1,run-04-30sec,901
B1e,B1e_shiftRightUnsignedAssignment,CATG,100.00,C,1,run-04-30sec,901
B1e,B1e_xor,CATG,100.00,C,1,run-04-30sec,903
B1e,B1e_xorAssignment,CATG,100.00,C,1,run-04-30sec,901
B2a,B2a_oneParamBoolean,CATG,100.00,C,2,run-04-30sec,1905
B2a,B2a_oneParamDouble,CATG,,N/A,,run-04-30sec,
B2a,B2a_oneParamInt,CATG,100.00,C,4,run-04-30sec,3908
B2a,B2a_twoParamsBoolean,CATG,72.73,C,4,run-04-30sec,4111
B2a,B2a_twoParamsDouble,CATG,,N/A,,run-04-30sec,
B2a,B2a_twoParamsInt,CATG,84.62,C,7,run-04-30sec,7319
B2b,B2b_oneParamBoolean,CATG,100.00,C,2,run-04-30sec,2003
B2b,B2b_oneParamInt,CATG,100.00,C,2,run-04-30sec,1804
B2b,B2b_twoParamsBoolean,CATG,100.00,C,3,run-04-30sec,3006
B2b,B2b_twoParamsInt,CATG,100.00,C,3,run-04-30sec,3006
B2c,B2c_missingBreaks,CATG,,EX,,run-04-30sec,802
B2c,B2c_simple,CATG,,EX,,run-04-30sec,901
B2c,B2c_withReturn,CATG,,EX,,run-04-30sec,905
B2d,B2d_oneParamDouble,CATG,,N/A,,run-04-30sec,
B2d,B2d_oneParamFloat,CATG,,N/A,,run-04-30sec,
B2d,B2d_oneParamInt,CATG,100.00,C,2,run-04-30sec,1903
B2d,B2d_oneParamIntNoSolution,CATG,66.67,C,1,run-04-30sec,1105
B2d,B2d_quadraticDouble,CATG,,N/A,,run-04-30sec,
B2d,B2d_quadraticDoubleNoSolution,CATG,,N/A,,run-04-30sec,
B2d,B2d_quadraticFloat,CATG,,N/A,,run-04-30sec,
B2d,B2d_quadraticFloatNoSolution,CATG,,N/A,,run-04-30sec,
B2d,B2d_quadraticInt,CATG,80.00,NC,1,run-04-30sec,1101
B2d,B2d_quadraticIntNoSolution,CATG,,EX,,run-04-30sec,2203
B2d,B2d_threeParamsDouble,CATG,,N/A,,run-04-30sec,
B2d,B2d_threeParamsFloat,CATG,,N/A,,run-04-30sec,
B2d,B2d_threeParamsInt,CATG,100.00,C,4,run-04-30sec,4210
B2d,B2d_threeParamsIntNoSolution,CATG,83.33,C,3,run-04-30sec,3305
B2d,B2d_twoParamsDouble,CATG,,N/A,,run-04-30sec,
B2d,B2d_twoParamsFloat,CATG,,N/A,,run-04-30sec,
B2d,B2d_twoParamsInt,CATG,100.00,C,3,run-04-30sec,3104
B2d,B2d_twoParamsIntNoSolution,CATG,80.00,C,2,run-04-30sec,2003
B3a,B3a_complex,CATG,,T/M,,run-04-30sec,30165
B3a,B3a_infinite,CATG,,T/M,,run-04-30sec,30146
B3a,B3a_infiniteNotOptimalizable,CATG,,T/M,,run-04-30sec,30136
B3a,B3a_nestedLoop,CATG,,T/M,,run-04-30sec,30147
B3a,B3a_nestedLoopWithLabel,CATG,,T/M,,run-04-30sec,30134
B3a,B3a_withConditionAndLimit,CATG,100.00,C,12,run-04-30sec,12526
B3a,B3a_withConditionNoLimit,CATG,,T/M,,run-04-30sec,30135
B3a,B3a_withContinueBreak,CATG,,T/M,,run-04-30sec,30176
B3a,B3a_withLimit,CATG,100.00,C,12,run-04-30sec,12227
B3b,B3b_complex,CATG,,T/M,,run-04-30sec,30155
B3b,B3b_infinite,CATG,,T/M,,run-04-30sec,30193
B3b,B3b_infiniteNotOptimalizable,CATG,,T/M,,run-04-30sec,30166
B3b,B3b_nestedLoop,CATG,,T/M,,run-04-30sec,30157
B3b,B3b_nestedLoopWithLabel,CATG,,T/M,,run-04-30sec,30142
B3b,B3b_withConditionAndLimit,CATG,100.00,C,12,run-04-30sec,12537
B3b,B3b_withConditionNoLimit,CATG,,T/M,,run-04-30sec,30184
B3b,B3b_withContinueBreak,CATG,,T/M,,run-04-30sec,30103
B3b,B3b_withLimit,CATG,100.00,C,12,run-04-30sec,12328
B3c,B3c_complex,CATG,,T/M,,run-04-30sec,30137
B3c,B3c_infinite,CATG,,T/M,,run-04-30sec,30166
B3c,B3c_infiniteNotOptimalizable,CATG,,T/M,,run-04-30sec,30170
B3c,B3c_nestedLoop,CATG,,T/M,,run-04-30sec,30133
B3c,B3c_nestedLoopWithLabel,CATG,,T/M,,run-04-30sec,30145
B3c,B3c_withConditionAndLimit,CATG,100.00,C,11,run-04-30sec,11644
B3c,B3c_withConditionNoLimit,CATG,,T/M,,run-04-30sec,30153
B3c,B3c_withContinueBreak,CATG,,T/M,,run-04-30sec,30154
B3c,B3c_withLimit,CATG,100.00,C,11,run-04-30sec,11229
B4a,B4a_fromParams,CATG,100.00,C,4,run-04-30sec,4211
B4a,B4a_fromParamsWithIndex,CATG,100.00,C,6,run-04-30sec,6412
B4a,B4a_guessLength,CATG,100.00,C,2,run-04-30sec,2002
B4a,B4a_guessOneArray,CATG,,N/A,,run-04-30sec,
B4a,B4a_guessOneArrayWithLength,CATG,,N/A,,run-04-30sec,
B4a,B4a_indexParam,CATG,83.33,NC,3,run-04-30sec,2908
B4a,B4a_iterateWithFor,CATG,,N/A,,run-04-30sec,
B4a,B4a_iterateWithForeach,CATG,,N/A,,run-04-30sec,
B4a,B4a_twoArrays,CATG,,N/A,,run-04-30sec,
B4b,B4b_fromParams,CATG,100.00,C,4,run-04-30sec,4207
B4b,B4b_fromParamsWithIndex,CATG,,EX,,run-04-30sec,3204
B4b,B4b_guessLength,CATG,100.00,C,2,run-04-30sec,1902
B4b,B4b_guessOneArray,CATG,,N/A,,run-04-30sec,
B4b,B4b_guessOneArrayWithLength,CATG,,N/A,,run-04-30sec,
B4b,B4b_indexParam,CATG,75.00,NC,1,run-04-30sec,1001
B4b,B4b_iterateWithFor,CATG,,N/A,,run-04-30sec,
B4b,B4b_iterateWithForeach,CATG,,N/A,,run-04-30sec,
B4b,B4b_twoArrays,CATG,,N/A,,run-04-30sec,
B5a1,B5a1_conditionalCall,CATG,100.00,C,8,run-04-30sec,8818
B5a1,B5a1_simple,CATG,100.00,C,7,run-04-30sec,7119
B5a1,B5a1_useReturnValue,CATG,100.00,C,7,run-04-30sec,7315
B5a2,B5a2_conditionalCall,CATG,100.00,C,8,run-04-30sec,8818
B5a2,B5a2_simple,CATG,100.00,C,7,run-04-30sec,7214
B5a2,B5a2_useReturnValue,CATG,100.00,C,7,run-04-30sec,7312
B5b1,B5b1_fibonacci,CATG,100.00,C,12,run-04-30sec,21433
B5b1,B5b1_simple,CATG,100.00,C,1,run-04-30sec,901
B5b2,B5b2_fibonacci,CATG,,T/M,,run-04-30sec,30146
B5b2,B5b2_simple,CATG,100.00,C,1,run-04-30sec,1039
B6a,B6a_always,CATG,,EX,,run-04-30sec,800
B6a,B6a_call,CATG,,EX,,run-04-30sec,7213
B6a,B6a_conditionalAndLoop,CATG,,EX,,run-04-30sec,12224
B6a,B6a_recursive,CATG,100.00,C,1,run-04-30sec,903
B6a,B6a_tryCatch,CATG,,EX,,run-04-30sec,7312
B6a,B6a_tryCatchFinally,CATG,,EX,,run-04-30sec,22371
B6b,B6b_always,CATG,,EX,,run-04-30sec,806
B6b,B6b_call,CATG,,EX,,run-04-30sec,7318
B6b,B6b_conditionalAndLoop,CATG,,EX,,run-04-30sec,13265
B6b,B6b_recursive,CATG,100.00,C,1,run-04-30sec,904
B6b,B6b_tryCatch,CATG,,EX,,run-04-30sec,7315
B6b,B6b_tryCatchFinally,CATG,,EX,,run-04-30sec,22056
B6c,B6c_arithmeticException,CATG,,EX,,run-04-30sec,1903
B6c,B6c_arrayIndexOutOfBoundsException,CATG,,EX,,run-04-30sec,2005
B6c,B6c_classCastException,CATG,,EX,,run-04-30sec,2004
B6c,B6c_illegalArgumentException,CATG,,EX,,run-04-30sec,1907
B6c,B6c_illegalStateException,CATG,,EX,,run-04-30sec,1904
B6c,B6c_indexOutOfBoundsException,CATG,,EX,,run-04-30sec,1906
B6c,B6c_nullPointerException,CATG,,EX,,run-04-30sec,1903
B6c,B6c_securityException,CATG,,EX,,run-04-30sec,2006
B6c,B6c_unsupportedOperationException,CATG,,EX,,run-04-30sec,2003
S1,S1_returnStructure,CATG,,N/A,,run-04-30sec,
S1,S1_returnStructureParams,CATG,100.00,C,1,run-04-30sec,1001
S1,S1_useStructure,CATG,,N/A,,run-04-30sec,
S1,S1_useStructureParams,CATG,100.00,C,1,run-04-30sec,1001
S2,S2_oneStructure,CATG,,N/A,,run-04-30sec,
S2,S2_oneStructureParams,CATG,100.00,C,7,run-04-30sec,7718
S2,S2_twoStructures,CATG,,N/A,,run-04-30sec,
S2,S2_twoStructuresParams,CATG,100.00,C,7,run-04-30sec,7715
S3,S3_arrayOfStructures,CATG,,N/A,,run-04-30sec,
S3,S3_arrayOfStructuresParams,CATG,,N/A,,run-04-30sec,
S3,S3_noLimit,CATG,,N/A,,run-04-30sec,
S3,S3_noLimitParams,CATG,,T/M,,run-04-30sec,30106
S3,S3_withLimit,CATG,,N/A,,run-04-30sec,
S3,S3_withLimitParams,CATG,88.89,NC,12,run-04-30sec,13330
S4,S4_guess,CATG,,N/A,,run-04-30sec,
S4,S4_guessCoordinates,CATG,,N/A,,run-04-30sec,
S4,S4_guessParams,CATG,100.00,C,9,run-04-30sec,9819
O1,O1_fullCoverage,CATG,,N/A,,run-04-30sec,
O1,O1_guessImpossibleObject,CATG,,N/A,,run-04-30sec,
O1,O1_guessImpossibleOperationCount,CATG,,N/A,,run-04-30sec,
O1,O1_guessImpossibleOperationCountParams,CATG,,T/M,,run-04-30sec,30136
O1,O1_guessImpossibleResult,CATG,,N/A,,run-04-30sec,
O1,O1_guessImpossibleResultAndOperationCount,CATG,,N/A,,run-04-30sec,
O1,O1_guessImpossibleResultAndOperationCountParams,CATG,,T/M,,run-04-30sec,30143
O1,O1_guessImpossibleResultParams,CATG,,T/M,,run-04-30sec,30166
O1,O1_guessObject,CATG,,N/A,,run-04-30sec,
O1,O1_guessOperationCount,CATG,,N/A,,run-04-30sec,
O1,O1_guessOperationCountParams,CATG,,T/M,,run-04-30sec,30186
O1,O1_guessResult,CATG,,N/A,,run-04-30sec,
O1,O1_guessResultAndOperationCount,CATG,,N/A,,run-04-30sec,
O1,O1_guessResultAndOperationCountParams,CATG,,T/M,,run-04-30sec,30153
O1,O1_guessResultParams,CATG,100.00,C,16,run-04-30sec,17739
O1,O1_oneOperationNoCheck,CATG,,N/A,,run-04-30sec,
O1,O1_oneOperationParams,CATG,100.00,C,2,run-04-30sec,2003
O1,O1_oneOperationWithCheck,CATG,,N/A,,run-04-30sec,
O1,O1_twoOperationsParams,CATG,100.00,C,4,run-04-30sec,4306
O1,O1_twoOperationsWithCheck,CATG,,N/A,,run-04-30sec,
O1,O1_twoOperationsWithNocheck,CATG,,N/A,,run-04-30sec,
O2,O2_guessResult,CATG,,N/A,,run-04-30sec,
O2,O2_guessResultParams,CATG,100.00,C,16,run-04-30sec,17638
O3a,O3a_guessResult,CATG,,N/A,,run-04-30sec,
O3a,O3a_guessResultParams,CATG,100.00,C,16,run-04-30sec,17561
O3b,O3b_guess,CATG,,N/A,,run-04-30sec,
O3b,O3b_guessImpossible,CATG,,N/A,,run-04-30sec,
O3b,O3b_validate,CATG,,N/A,,run-04-30sec,
O3c,O3c_guess,CATG,,N/A,,run-04-30sec,
O3c,O3c_guessImpossible,CATG,,N/A,,run-04-30sec,
O3c,O3c_validate,CATG,,N/A,,run-04-30sec,
O4,O4_guessImpossible,CATG,,N/A,,run-04-30sec,
O4,O4_guessImpossibleParams,CATG,87.50,C,8,run-04-30sec,9017
O4,O4_guessResult,CATG,,N/A,,run-04-30sec,
O4,O4_guessResultParams,CATG,93.75,C,15,run-04-30sec,16738
G1,G1_guessType,CATG,,N/A,,run-04-30sec,
G1,G1_guessTypeAndUse,CATG,,N/A,,run-04-30sec,
G1,G1_guessTypeWithExtends,CATG,,N/A,,run-04-30sec,
G1,G1_guessTypeWithExtendsAndUse,CATG,,N/A,,run-04-30sec,
G2,G2_guessDescendant,CATG,,N/A,,run-04-30sec,
G2,G2_guessImpossible,CATG,,N/A,,run-04-30sec,
G2,G2_guessInteger,CATG,,N/A,,run-04-30sec,
G2,G2_guessIntegerNoHelp,CATG,,N/A,,run-04-30sec,
G2,G2_guessSafe,CATG,,N/A,,run-04-30sec,
G2,G2_guessSafeNoHelp,CATG,,N/A,,run-04-30sec,
L1,L1_abs,CATG,66.67,NC,1,run-04-30sec,901
L1,L1_absImpossible,CATG,66.67,C,1,run-04-30sec,1002
L1,L1_cbrt,CATG,,N/A,,run-04-30sec,
L1,L1_cos,CATG,,N/A,,run-04-30sec,
L1,L1_cosImpossible,CATG,,N/A,,run-04-30sec,
L1,L1_log10GuessArgument,CATG,,N/A,,run-04-30sec,
L1,L1_logGuessArgument,CATG,,N/A,,run-04-30sec,
L1,L1_logGuessBase,CATG,,N/A,,run-04-30sec,
L1,L1_logGuessBaseAndArgument,CATG,,N/A,,run-04-30sec,
L1,L1_minMax,CATG,66.67,NC,1,run-04-30sec,902
L1,L1_minMaxImpossible,CATG,66.67,C,1,run-04-30sec,901
L1,L1_minMaxWithOrder,CATG,66.67,NC,1,run-04-30sec,902
L1,L1_powGuessBase,CATG,,N/A,,run-04-30sec,
L1,L1_powGuessBaseAndExponent,CATG,,N/A,,run-04-30sec,
L1,L1_powGuessExponent,CATG,,N/A,,run-04-30sec,
L1,L1_sin,CATG,,N/A,,run-04-30sec,
L1,L1_sinImpossible,CATG,,N/A,,run-04-30sec,
L1,L1_sqrt,CATG,,N/A,,run-04-30sec,
L1,L1_sqrtImpossible,CATG,,N/A,,run-04-30sec,
L1,L1_tan,CATG,,N/A,,run-04-30sec,
L2,L2_add,CATG,57.14,NC,1,run-04-30sec,902
L2,L2_addWithCondition,CATG,53.85,NC,1,run-04-30sec,901
L2,L2_charAt,CATG,,EX,,run-04-30sec,901
L2,L2_compareTo,CATG,55.56,NC,1,run-04-30sec,901
L2,L2_compareToIgnoreCase,CATG,55.56,NC,1,run-04-30sec,901
L2,L2_equality,CATG,77.78,NC,3,run-04-30sec,2804
L2,L2_equalityIgnoreCase,CATG,55.56,NC,1,run-04-30sec,903
L2,L2_indexOf,CATG,50.00,NC,1,run-04-30sec,902
L2,L2_length,CATG,57.14,NC,1,run-04-30sec,901
L2,L2_regionEquality,CATG,50.00,NC,1,run-04-30sec,902
L2,L2_startsEnds,CATG,42.86,NC,1,run-04-30sec,904
L2,L2_substring,CATG,,EX,,run-04-30sec,901
L2,L2_switchString,CATG,,N/A,,run-04-30sec,
L3,L3_guessDouble,CATG,,N/A,,run-04-30sec,
L3,L3_guessInteger,CATG,100.00,C,3,run-04-30sec,2910
L3,L3_integerOverflow,CATG,100.00,C,3,run-04-30sec,3005
L4,L4_guessElementAndIndex,CATG,,EX,,run-04-30sec,2105
L4,L4_guessElements,CATG,100.00,C,3,run-04-30sec,3105
L4,L4_guessGenericListWithElement,CATG,,N/A,,run-04-30sec,
L4,L4_guessGenericListWithSize,CATG,,N/A,,run-04-30sec,
L4,L4_guessGenericVectorWithElement,CATG,,N/A,,run-04-30sec,
L4,L4_guessGenericVectorWithSize,CATG,,N/A,,run-04-30sec,
L4,L4_guessIndices,CATG,88.89,NC,1,run-04-30sec,1001
L4,L4_guessListWithSize,CATG,,N/A,,run-04-30sec,
L4,L4_guessSize,CATG,100.00,C,2,run-04-30sec,2004
L4,L4_guessSizeAndElements,CATG,100.00,C,4,run-04-30sec,4212
L4,L4_guessVectorWithSize,CATG,,N/A,,run-04-30sec,
LO,LO_associatesAPIGuessDate,CATG,43.75,NC,1,run-04-30sec,901
LO,LO_associatesAPIGuessValidDateFormat,CATG,50.00,NC,1,run-04-30sec,903
LO,LO_guessUUID,CATG,33.33,NC,1,run-04-30sec,901
LO,LO_guessValidUUID,CATG,50.00,NC,1,run-04-30sec,902
LO,LO_inheritsAPIGuessOneObject,CATG,,N/A,,run-04-30sec,
LO,LO_inheritsAPIGuessOnePrimitive,CATG,,EX,,run-04-30sec,4005
LO,LO_inheritsAPIGuessTwoObjects,CATG,,N/A,,run-04-30sec,
LO,LO_inheritsAPIGuessTwoPrimitives,CATG,,EX,,run-04-30sec,7416
LO,LO_regexCaseInsensitive,CATG,71.43,NC,1,run-04-30sec,901
LO,LO_regexCaseSensitive,CATG,60.00,NC,1,run-04-30sec,902
Others,Others_guess,CATG,,N/A,,run-04-30sec,
Others,Others_guessEnum,CATG,,N/A,,run-04-30sec,
Others,Others_guessEnumOrdinal,CATG,,N/A,,run-04-30sec,
Others,Others_guessEnumString,CATG,,N/A,,run-04-30sec,
Others,Others_guessWithLength,CATG,,N/A,,run-04-30sec,
Others,Others_iterateWithFor,CATG,,N/A,,run-04-30sec,
Others,Others_iterateWithForeach,CATG,,N/A,,run-04-30sec,
Others,Others_minMax,CATG,,N/A,,run-04-30sec,901
Others,Others_minMaxImpossible,CATG,,N/A,,run-04-30sec,901
Others,Others_minMaxWithOrder,CATG,,N/A,,run-04-30sec,902
Others,Others_switchEnum,CATG,,N/A,,run-04-30sec,
Others,Others_test,CATG,100.00,C,2,run-04-30sec,1902
B1a,B1a_oneParamBoolean,CATG,100.00,C,2,run-05-30sec,1905
B1a,B1a_oneParamByte,CATG,100.00,C,1,run-05-30sec,901
B1a,B1a_oneParamChar,CATG,100.00,C,1,run-05-30sec,905
B1a,B1a_oneParamDouble,CATG,,N/A,,run-05-30sec,
B1a,B1a_oneParamFloat,CATG,,N/A,,run-05-30sec,
B1a,B1a_oneParamInt,CATG,100.00,C,1,run-05-30sec,902
B1a,B1a_oneParamLong,CATG,100.00,C,1,run-05-30sec,902
B1a,B1a_oneParamShort,CATG,100.00,C,1,run-05-30sec,901
B1a,B1a_twoParamBoolean,CATG,100.00,C,1,run-05-30sec,903
B1a,B1a_twoParamByte,CATG,100.00,C,1,run-05-30sec,902
B1a,B1a_twoParamChar,CATG,100.00,C,1,run-05-30sec,902
B1a,B1a_twoParamDouble,CATG,,N/A,,run-05-30sec,
B1a,B1a_twoParamFloat,CATG,,N/A,,run-05-30sec,
B1a,B1a_twoParamInt,CATG,100.00,C,1,run-05-30sec,902
B1a,B1a_twoParamLong,CATG,100.00,C,1,run-05-30sec,902
B1a,B1a_twoParamShort,CATG,100.00,C,1,run-05-30sec,901
B1b,B1b_constBoolean,CATG,100.00,C,1,run-05-30sec,802
B1b,B1b_constByte,CATG,100.00,C,1,run-05-30sec,803
B1b,B1b_constChar,CATG,100.00,C,1,run-05-30sec,801
B1b,B1b_constDouble,CATG,100.00,C,1,run-05-30sec,801
B1b,B1b_constFloat,CATG,100.00,C,1,run-05-30sec,801
B1b,B1b_constInt,CATG,100.00,C,1,run-05-30sec,802
B1b,B1b_constLong,CATG,100.00,C,1,run-05-30sec,803
B1b,B1b_constShort,CATG,100.00,C,1,run-05-30sec,802
B1c,B1c_add,CATG,100.00,C,1,run-05-30sec,902
B1c,B1c_addAssignment,CATG,100.00,C,1,run-05-30sec,902
B1c,B1c_divide,CATG,100.00,C,1,run-05-30sec,903
B1c,B1c_divideAssignment,CATG,100.00,C,1,run-05-30sec,1027
B1c,B1c_modulo,CATG,100.00,C,1,run-05-30sec,901
B1c,B1c_moduloAssignment,CATG,100.00,C,1,run-05-30sec,902
B1c,B1c_multiply,CATG,100.00,C,1,run-05-30sec,901
B1c,B1c_multiplyAssignment,CATG,100.00,C,1,run-05-30sec,902
B1c,B1c_postfixMinusMinus,CATG,100.00,C,1,run-05-30sec,803
B1c,B1c_postfixPlusplus,CATG,100.00,C,1,run-05-30sec,904
B1c,B1c_substract,CATG,100.00,C,1,run-05-30sec,903
B1c,B1c_substractAssignment,CATG,100.00,C,1,run-05-30sec,904
B1c,B1c_unaryMinus,CATG,100.00,C,1,run-05-30sec,901
B1c,B1c_unaryMinusMinus,CATG,100.00,C,1,run-05-30sec,937
B1c,B1c_unaryPlus,CATG,100.00,C,1,run-05-30sec,902
B1c,B1c_unaryPlusPlus,CATG,100.00,C,1,run-05-30sec,902
B1d,B1d_and,CATG,100.00,C,3,run-05-30sec,3006
B1d,B1d_equal,CATG,100.00,C,2,run-05-30sec,1903
B1d,B1d_greater,CATG,100.00,C,2,run-05-30sec,1906
B1d,B1d_greaterOrEqual,CATG,100.00,C,2,run-05-30sec,1903
B1d,B1d_negate,CATG,100.00,C,2,run-05-30sec,1906
B1d,B1d_notEqual,CATG,100.00,C,2,run-05-30sec,1903
B1d,B1d_or,CATG,100.00,C,3,run-05-30sec,3007
B1d,B1d_smaller,CATG,100.00,C,2,run-05-30sec,1904
B1d,B1d_smallerOrEqual,CATG,100.00,C,2,run-05-30sec,1903
B1e,B1e_and,CATG,100.00,C,1,run-05-30sec,901
B1e,B1e_andAssignment,CATG,100.00,C,1,run-05-30sec,901
B1e,B1e_negate,CATG,100.00,C,1,run-05-30sec,902
B1e,B1e_or,CATG,100.00,C,1,run-05-30sec,903
B1e,B1e_orAssignment,CATG,100.00,C,1,run-05-30sec,903
B1e,B1e_shiftLeft,CATG,100.00,C,1,run-05-30sec,901
B1e,B1e_shiftLeftAssignment,CATG,100.00,C,1,run-05-30sec,902
B1e,B1e_shiftRight,CATG,100.00,C,1,run-05-30sec,901
B1e,B1e_shiftRightAssignment,CATG,100.00,C,1,run-05-30sec,901
B1e,B1e_shiftRightUnsigned,CATG,100.00,C,1,run-05-30sec,901
B1e,B1e_shiftRightUnsignedAssignment,CATG,100.00,C,1,run-05-30sec,901
B1e,B1e_xor,CATG,100.00,C,1,run-05-30sec,901
B1e,B1e_xorAssignment,CATG,100.00,C,1,run-05-30sec,905
B2a,B2a_oneParamBoolean,CATG,100.00,C,2,run-05-30sec,1902
B2a,B2a_oneParamDouble,CATG,,N/A,,run-05-30sec,
B2a,B2a_oneParamInt,CATG,100.00,C,4,run-05-30sec,3907
B2a,B2a_twoParamsBoolean,CATG,72.73,C,4,run-05-30sec,4111
B2a,B2a_twoParamsDouble,CATG,,N/A,,run-05-30sec,
B2a,B2a_twoParamsInt,CATG,84.62,C,7,run-05-30sec,7321
B2b,B2b_oneParamBoolean,CATG,100.00,C,2,run-05-30sec,2003
B2b,B2b_oneParamInt,CATG,100.00,C,2,run-05-30sec,1904
B2b,B2b_twoParamsBoolean,CATG,100.00,C,3,run-05-30sec,3006
B2b,B2b_twoParamsInt,CATG,100.00,C,3,run-05-30sec,3006
B2c,B2c_missingBreaks,CATG,,EX,,run-05-30sec,901
B2c,B2c_simple,CATG,,EX,,run-05-30sec,901
B2c,B2c_withReturn,CATG,,EX,,run-05-30sec,903
B2d,B2d_oneParamDouble,CATG,,N/A,,run-05-30sec,
B2d,B2d_oneParamFloat,CATG,,N/A,,run-05-30sec,
B2d,B2d_oneParamInt,CATG,100.00,C,2,run-05-30sec,2004
B2d,B2d_oneParamIntNoSolution,CATG,66.67,C,1,run-05-30sec,1150
B2d,B2d_quadraticDouble,CATG,,N/A,,run-05-30sec,
B2d,B2d_quadraticDoubleNoSolution,CATG,,N/A,,run-05-30sec,
B2d,B2d_quadraticFloat,CATG,,N/A,,run-05-30sec,
B2d,B2d_quadraticFloatNoSolution,CATG,,N/A,,run-05-30sec,
B2d,B2d_quadraticInt,CATG,80.00,NC,1,run-05-30sec,1101
B2d,B2d_quadraticIntNoSolution,CATG,,EX,,run-05-30sec,2204
B2d,B2d_threeParamsDouble,CATG,,N/A,,run-05-30sec,
B2d,B2d_threeParamsFloat,CATG,,N/A,,run-05-30sec,
B2d,B2d_threeParamsInt,CATG,100.00,C,4,run-05-30sec,4208
B2d,B2d_threeParamsIntNoSolution,CATG,83.33,C,3,run-05-30sec,3305
B2d,B2d_twoParamsDouble,CATG,,N/A,,run-05-30sec,
B2d,B2d_twoParamsFloat,CATG,,N/A,,run-05-30sec,
B2d,B2d_twoParamsInt,CATG,100.00,C,3,run-05-30sec,3107
B2d,B2d_twoParamsIntNoSolution,CATG,80.00,C,2,run-05-30sec,2002
B3a,B3a_complex,CATG,,T/M,,run-05-30sec,30194
B3a,B3a_infinite,CATG,,T/M,,run-05-30sec,30148
B3a,B3a_infiniteNotOptimalizable,CATG,,T/M,,run-05-30sec,30138
B3a,B3a_nestedLoop,CATG,,T/M,,run-05-30sec,30101
B3a,B3a_nestedLoopWithLabel,CATG,,T/M,,run-05-30sec,30191
B3a,B3a_withConditionAndLimit,CATG,100.00,C,12,run-05-30sec,12525
B3a,B3a_withConditionNoLimit,CATG,,T/M,,run-05-30sec,30190
B3a,B3a_withContinueBreak,CATG,,T/M,,run-05-30sec,30163
B3a,B3a_withLimit,CATG,100.00,C,12,run-05-30sec,12231
B3b,B3b_complex,CATG,,T/M,,run-05-30sec,30150
B3b,B3b_infinite,CATG,,T/M,,run-05-30sec,30144
B3b,B3b_infiniteNotOptimalizable,CATG,,T/M,,run-05-30sec,30158
B3b,B3b_nestedLoop,CATG,,T/M,,run-05-30sec,30164
B3b,B3b_nestedLoopWithLabel,CATG,,T/M,,run-05-30sec,30165
B3b,B3b_withConditionAndLimit,CATG,100.00,C,12,run-05-30sec,13055
B3b,B3b_withConditionNoLimit,CATG,,T/M,,run-05-30sec,30092
B3b,B3b_withContinueBreak,CATG,,T/M,,run-05-30sec,30098
B3b,B3b_withLimit,CATG,100.00,C,12,run-05-30sec,12226
B3c,B3c_complex,CATG,,T/M,,run-05-30sec,30143
B3c,B3c_infinite,CATG,,T/M,,run-05-30sec,30144
B3c,B3c_infiniteNotOptimalizable,CATG,,T/M,,run-05-30sec,30143
B3c,B3c_nestedLoop,CATG,,T/M,,run-05-30sec,30153
B3c,B3c_nestedLoopWithLabel,CATG,,T/M,,run-05-30sec,30148
B3c,B3c_withConditionAndLimit,CATG,100.00,C,11,run-05-30sec,11626
B3c,B3c_withConditionNoLimit,CATG,,T/M,,run-05-30sec,30194
B3c,B3c_withContinueBreak,CATG,,T/M,,run-05-30sec,30156
B3c,B3c_withLimit,CATG,100.00,C,11,run-05-30sec,11223
B4a,B4a_fromParams,CATG,100.00,C,4,run-05-30sec,4209
B4a,B4a_fromParamsWithIndex,CATG,100.00,C,6,run-05-30sec,6553
B4a,B4a_guessLength,CATG,100.00,C,2,run-05-30sec,1903
B4a,B4a_guessOneArray,CATG,,N/A,,run-05-30sec,
B4a,B4a_guessOneArrayWithLength,CATG,,N/A,,run-05-30sec,
B4a,B4a_indexParam,CATG,83.33,NC,3,run-05-30sec,3003
B4a,B4a_iterateWithFor,CATG,,N/A,,run-05-30sec,
B4a,B4a_iterateWithForeach,CATG,,N/A,,run-05-30sec,
B4a,B4a_twoArrays,CATG,,N/A,,run-05-30sec,
B4b,B4b_fromParams,CATG,100.00,C,4,run-05-30sec,4307
B4b,B4b_fromParamsWithIndex,CATG,,EX,,run-05-30sec,3104
B4b,B4b_guessLength,CATG,100.00,C,2,run-05-30sec,1909
B4b,B4b_guessOneArray,CATG,,N/A,,run-05-30sec,
B4b,B4b_guessOneArrayWithLength,CATG,,N/A,,run-05-30sec,
B4b,B4b_indexParam,CATG,75.00,NC,1,run-05-30sec,1001
B4b,B4b_iterateWithFor,CATG,,N/A,,run-05-30sec,
B4b,B4b_iterateWithForeach,CATG,,N/A,,run-05-30sec,
B4b,B4b_twoArrays,CATG,,N/A,,run-05-30sec,
B5a1,B5a1_conditionalCall,CATG,100.00,C,8,run-05-30sec,8825
B5a1,B5a1_simple,CATG,100.00,C,7,run-05-30sec,7212
B5a1,B5a1_useReturnValue,CATG,100.00,C,7,run-05-30sec,7317
B5a2,B5a2_conditionalCall,CATG,100.00,C,8,run-05-30sec,8716
B5a2,B5a2_simple,CATG,100.00,C,7,run-05-30sec,7211
B5a2,B5a2_useReturnValue,CATG,100.00,C,7,run-05-30sec,7320
B5b1,B5b1_fibonacci,CATG,100.00,C,12,run-05-30sec,20736
B5b1,B5b1_simple,CATG,100.00,C,1,run-05-30sec,901
B5b2,B5b2_fibonacci,CATG,,T/M,,run-05-30sec,30165
B5b2,B5b2_simple,CATG,100.00,C,1,run-05-30sec,1001
B6a,B6a_always,CATG,,EX,,run-05-30sec,804
B6a,B6a_call,CATG,,EX,,run-05-30sec,7214
B6a,B6a_conditionalAndLoop,CATG,,EX,,run-05-30sec,12224
B6a,B6a_recursive,CATG,100.00,C,1,run-05-30sec,901
B6a,B6a_tryCatch,CATG,,EX,,run-05-30sec,7312
B6a,B6a_tryCatchFinally,CATG,,EX,,run-05-30sec,22253
B6b,B6b_always,CATG,,EX,,run-05-30sec,801
B6b,B6b_call,CATG,,EX,,run-05-30sec,7219
B6b,B6b_conditionalAndLoop,CATG,,EX,,run-05-30sec,13458
B6b,B6b_recursive,CATG,100.00,C,1,run-05-30sec,1002
B6b,B6b_tryCatch,CATG,,EX,,run-05-30sec,7215
B6b,B6b_tryCatchFinally,CATG,,EX,,run-05-30sec,22352
B6c,B6c_arithmeticException,CATG,,EX,,run-05-30sec,1906
B6c,B6c_arrayIndexOutOfBoundsException,CATG,,EX,,run-05-30sec,1903
B6c,B6c_classCastException,CATG,,EX,,run-05-30sec,2007
B6c,B6c_illegalArgumentException,CATG,,EX,,run-05-30sec,2002
B6c,B6c_illegalStateException,CATG,,EX,,run-05-30sec,2007
B6c,B6c_indexOutOfBoundsException,CATG,,EX,,run-05-30sec,2003
B6c,B6c_nullPointerException,CATG,,EX,,run-05-30sec,1902
B6c,B6c_securityException,CATG,,EX,,run-05-30sec,1906
B6c,B6c_unsupportedOperationException,CATG,,EX,,run-05-30sec,2004
S1,S1_returnStructure,CATG,,N/A,,run-05-30sec,
S1,S1_returnStructureParams,CATG,100.00,C,1,run-05-30sec,1001
S1,S1_useStructure,CATG,,N/A,,run-05-30sec,
S1,S1_useStructureParams,CATG,100.00,C,1,run-05-30sec,901
S2,S2_oneStructure,CATG,,N/A,,run-05-30sec,
S2,S2_oneStructureParams,CATG,100.00,C,7,run-05-30sec,7611
S2,S2_twoStructures,CATG,,N/A,,run-05-30sec,
S2,S2_twoStructuresParams,CATG,100.00,C,7,run-05-30sec,7711
S3,S3_arrayOfStructures,CATG,,N/A,,run-05-30sec,
S3,S3_arrayOfStructuresParams,CATG,,N/A,,run-05-30sec,
S3,S3_noLimit,CATG,,N/A,,run-05-30sec,
S3,S3_noLimitParams,CATG,,T/M,,run-05-30sec,30177
S3,S3_withLimit,CATG,,N/A,,run-05-30sec,
S3,S3_withLimitParams,CATG,88.89,NC,12,run-05-30sec,13340
S4,S4_guess,CATG,,N/A,,run-05-30sec,
S4,S4_guessCoordinates,CATG,,N/A,,run-05-30sec,
S4,S4_guessParams,CATG,100.00,C,9,run-05-30sec,9816
O1,O1_fullCoverage,CATG,,N/A,,run-05-30sec,
O1,O1_guessImpossibleObject,CATG,,N/A,,run-05-30sec,
O1,O1_guessImpossibleOperationCount,CATG,,N/A,,run-05-30sec,
O1,O1_guessImpossibleOperationCountParams,CATG,,T/M,,run-05-30sec,30131
O1,O1_guessImpossibleResult,CATG,,N/A,,run-05-30sec,
O1,O1_guessImpossibleResultAndOperationCount,CATG,,N/A,,run-05-30sec,
O1,O1_guessImpossibleResultAndOperationCountParams,CATG,,T/M,,run-05-30sec,30136
O1,O1_guessImpossibleResultParams,CATG,,T/M,,run-05-30sec,30171
O1,O1_guessObject,CATG,,N/A,,run-05-30sec,
O1,O1_guessOperationCount,CATG,,N/A,,run-05-30sec,
O1,O1_guessOperationCountParams,CATG,,T/M,,run-05-30sec,30183
O1,O1_guessResult,CATG,,N/A,,run-05-30sec,
O1,O1_guessResultAndOperationCount,CATG,,N/A,,run-05-30sec,
O1,O1_guessResultAndOperationCountParams,CATG,,T/M,,run-05-30sec,30147
O1,O1_guessResultParams,CATG,100.00,C,16,run-05-30sec,17729
O1,O1_oneOperationNoCheck,CATG,,N/A,,run-05-30sec,
O1,O1_oneOperationParams,CATG,100.00,C,2,run-05-30sec,2006
O1,O1_oneOperationWithCheck,CATG,,N/A,,run-05-30sec,
O1,O1_twoOperationsParams,CATG,100.00,C,4,run-05-30sec,4407
O1,O1_twoOperationsWithCheck,CATG,,N/A,,run-05-30sec,
O1,O1_twoOperationsWithNocheck,CATG,,N/A,,run-05-30sec,
O2,O2_guessResult,CATG,,N/A,,run-05-30sec,
O2,O2_guessResultParams,CATG,100.00,C,16,run-05-30sec,17736
O3a,O3a_guessResult,CATG,,N/A,,run-05-30sec,
O3a,O3a_guessResultParams,CATG,100.00,C,16,run-05-30sec,17643
O3b,O3b_guess,CATG,,N/A,,run-05-30sec,
O3b,O3b_guessImpossible,CATG,,N/A,,run-05-30sec,
O3b,O3b_validate,CATG,,N/A,,run-05-30sec,
O3c,O3c_guess,CATG,,N/A,,run-05-30sec,
O3c,O3c_guessImpossible,CATG,,N/A,,run-05-30sec,
O3c,O3c_validate,CATG,,N/A,,run-05-30sec,
O4,O4_guessImpossible,CATG,,N/A,,run-05-30sec,
O4,O4_guessImpossibleParams,CATG,87.50,C,8,run-05-30sec,9115
O4,O4_guessResult,CATG,,N/A,,run-05-30sec,
O4,O4_guessResultParams,CATG,93.75,C,15,run-05-30sec,16739
G1,G1_guessType,CATG,,N/A,,run-05-30sec,
G1,G1_guessTypeAndUse,CATG,,N/A,,run-05-30sec,
G1,G1_guessTypeWithExtends,CATG,,N/A,,run-05-30sec,
G1,G1_guessTypeWithExtendsAndUse,CATG,,N/A,,run-05-30sec,
G2,G2_guessDescendant,CATG,,N/A,,run-05-30sec,
G2,G2_guessImpossible,CATG,,N/A,,run-05-30sec,
G2,G2_guessInteger,CATG,,N/A,,run-05-30sec,
G2,G2_guessIntegerNoHelp,CATG,,N/A,,run-05-30sec,
G2,G2_guessSafe,CATG,,N/A,,run-05-30sec,
G2,G2_guessSafeNoHelp,CATG,,N/A,,run-05-30sec,
L1,L1_abs,CATG,66.67,NC,1,run-05-30sec,903
L1,L1_absImpossible,CATG,66.67,C,1,run-05-30sec,902
L1,L1_cbrt,CATG,,N/A,,run-05-30sec,
L1,L1_cos,CATG,,N/A,,run-05-30sec,
L1,L1_cosImpossible,CATG,,N/A,,run-05-30sec,
L1,L1_log10GuessArgument,CATG,,N/A,,run-05-30sec,
L1,L1_logGuessArgument,CATG,,N/A,,run-05-30sec,
L1,L1_logGuessBase,CATG,,N/A,,run-05-30sec,
L1,L1_logGuessBaseAndArgument,CATG,,N/A,,run-05-30sec,
L1,L1_minMax,CATG,66.67,NC,1,run-05-30sec,902
L1,L1_minMaxImpossible,CATG,66.67,C,1,run-05-30sec,901
L1,L1_minMaxWithOrder,CATG,66.67,NC,1,run-05-30sec,903
L1,L1_powGuessBase,CATG,,N/A,,run-05-30sec,
L1,L1_powGuessBaseAndExponent,CATG,,N/A,,run-05-30sec,
L1,L1_powGuessExponent,CATG,,N/A,,run-05-30sec,
L1,L1_sin,CATG,,N/A,,run-05-30sec,
L1,L1_sinImpossible,CATG,,N/A,,run-05-30sec,
L1,L1_sqrt,CATG,,N/A,,run-05-30sec,
L1,L1_sqrtImpossible,CATG,,N/A,,run-05-30sec,
L1,L1_tan,CATG,,N/A,,run-05-30sec,
L2,L2_add,CATG,57.14,NC,1,run-05-30sec,901
L2,L2_addWithCondition,CATG,53.85,NC,1,run-05-30sec,901
L2,L2_charAt,CATG,,EX,,run-05-30sec,902
L2,L2_compareTo,CATG,55.56,NC,1,run-05-30sec,901
L2,L2_compareToIgnoreCase,CATG,55.56,NC,1,run-05-30sec,901
L2,L2_equality,CATG,77.78,NC,3,run-05-30sec,2810
L2,L2_equalityIgnoreCase,CATG,55.56,NC,1,run-05-30sec,903
L2,L2_indexOf,CATG,50.00,NC,1,run-05-30sec,905
L2,L2_length,CATG,57.14,NC,1,run-05-30sec,902
L2,L2_regionEquality,CATG,50.00,NC,1,run-05-30sec,901
L2,L2_startsEnds,CATG,42.86,NC,1,run-05-30sec,901
L2,L2_substring,CATG,,EX,,run-05-30sec,904
L2,L2_switchString,CATG,,N/A,,run-05-30sec,
L3,L3_guessDouble,CATG,,N/A,,run-05-30sec,
L3,L3_guessInteger,CATG,100.00,C,3,run-05-30sec,2904
L3,L3_integerOverflow,CATG,100.00,C,3,run-05-30sec,3005
L4,L4_guessElementAndIndex,CATG,,EX,,run-05-30sec,2003
L4,L4_guessElements,CATG,100.00,C,3,run-05-30sec,3109
L4,L4_guessGenericListWithElement,CATG,,N/A,,run-05-30sec,
L4,L4_guessGenericListWithSize,CATG,,N/A,,run-05-30sec,
L4,L4_guessGenericVectorWithElement,CATG,,N/A,,run-05-30sec,
L4,L4_guessGenericVectorWithSize,CATG,,N/A,,run-05-30sec,
L4,L4_guessIndices,CATG,88.89,NC,1,run-05-30sec,1001
L4,L4_guessListWithSize,CATG,,N/A,,run-05-30sec,
L4,L4_guessSize,CATG,100.00,C,2,run-05-30sec,2003
L4,L4_guessSizeAndElements,CATG,100.00,C,4,run-05-30sec,4211
L4,L4_guessVectorWithSize,CATG,,N/A,,run-05-30sec,
LO,LO_associatesAPIGuessDate,CATG,43.75,NC,1,run-05-30sec,901
LO,LO_associatesAPIGuessValidDateFormat,CATG,50.00,NC,1,run-05-30sec,902
LO,LO_guessUUID,CATG,33.33,NC,1,run-05-30sec,901
LO,LO_guessValidUUID,CATG,50.00,NC,1,run-05-30sec,901
LO,LO_inheritsAPIGuessOneObject,CATG,,N/A,,run-05-30sec,
LO,LO_inheritsAPIGuessOnePrimitive,CATG,,EX,,run-05-30sec,4108
LO,LO_inheritsAPIGuessTwoObjects,CATG,,N/A,,run-05-30sec,
LO,LO_inheritsAPIGuessTwoPrimitives,CATG,,EX,,run-05-30sec,7410
LO,LO_regexCaseInsensitive,CATG,71.43,NC,1,run-05-30sec,901
LO,LO_regexCaseSensitive,CATG,60.00,NC,1,run-05-30sec,902
Others,Others_guess,CATG,,N/A,,run-05-30sec,
Others,Others_guessEnum,CATG,,N/A,,run-05-30sec,
Others,Others_guessEnumOrdinal,CATG,,N/A,,run-05-30sec,
Others,Others_guessEnumString,CATG,,N/A,,run-05-30sec,
Others,Others_guessWithLength,CATG,,N/A,,run-05-30sec,
Others,Others_iterateWithFor,CATG,,N/A,,run-05-30sec,
Others,Others_iterateWithForeach,CATG,,N/A,,run-05-30sec,
Others,Others_minMax,CATG,,N/A,,run-05-30sec,901
Others,Others_minMaxImpossible,CATG,,N/A,,run-05-30sec,901
Others,Others_minMaxWithOrder,CATG,,N/A,,run-05-30sec,901
Others,Others_switchEnum,CATG,,N/A,,run-05-30sec,
Others,Others_test,CATG,100.00,C,2,run-05-30sec,1904
B1a,B1a_oneParamBoolean,CATG,100.00,C,2,run-06-30sec,1905
B1a,B1a_oneParamByte,CATG,100.00,C,1,run-06-30sec,906
B1a,B1a_oneParamChar,CATG,100.00,C,1,run-06-30sec,902
B1a,B1a_oneParamDouble,CATG,,N/A,,run-06-30sec,
B1a,B1a_oneParamFloat,CATG,,N/A,,run-06-30sec,
B1a,B1a_oneParamInt,CATG,100.00,C,1,run-06-30sec,902
B1a,B1a_oneParamLong,CATG,100.00,C,1,run-06-30sec,904
B1a,B1a_oneParamShort,CATG,100.00,C,1,run-06-30sec,904
B1a,B1a_twoParamBoolean,CATG,100.00,C,1,run-06-30sec,902
B1a,B1a_twoParamByte,CATG,100.00,C,1,run-06-30sec,901
B1a,B1a_twoParamChar,CATG,100.00,C,1,run-06-30sec,901
B1a,B1a_twoParamDouble,CATG,,N/A,,run-06-30sec,
B1a,B1a_twoParamFloat,CATG,,N/A,,run-06-30sec,
B1a,B1a_twoParamInt,CATG,100.00,C,1,run-06-30sec,902
B1a,B1a_twoParamLong,CATG,100.00,C,1,run-06-30sec,902
B1a,B1a_twoParamShort,CATG,100.00,C,1,run-06-30sec,901
B1b,B1b_constBoolean,CATG,100.00,C,1,run-06-30sec,801
B1b,B1b_constByte,CATG,100.00,C,1,run-06-30sec,801
B1b,B1b_constChar,CATG,100.00,C,1,run-06-30sec,805
B1b,B1b_constDouble,CATG,100.00,C,1,run-06-30sec,801
B1b,B1b_constFloat,CATG,100.00,C,1,run-06-30sec,803
B1b,B1b_constInt,CATG,100.00,C,1,run-06-30sec,802
B1b,B1b_constLong,CATG,100.00,C,1,run-06-30sec,801
B1b,B1b_constShort,CATG,100.00,C,1,run-06-30sec,801
B1c,B1c_add,CATG,100.00,C,1,run-06-30sec,901
B1c,B1c_addAssignment,CATG,100.00,C,1,run-06-30sec,902
B1c,B1c_divide,CATG,100.00,C,1,run-06-30sec,901
B1c,B1c_divideAssignment,CATG,100.00,C,1,run-06-30sec,903
B1c,B1c_modulo,CATG,100.00,C,1,run-06-30sec,902
B1c,B1c_moduloAssignment,CATG,100.00,C,1,run-06-30sec,901
B1c,B1c_multiply,CATG,100.00,C,1,run-06-30sec,901
B1c,B1c_multiplyAssignment,CATG,100.00,C,1,run-06-30sec,902
B1c,B1c_postfixMinusMinus,CATG,100.00,C,1,run-06-30sec,927
B1c,B1c_postfixPlusplus,CATG,100.00,C,1,run-06-30sec,902
B1c,B1c_substract,CATG,100.00,C,1,run-06-30sec,901
B1c,B1c_substractAssignment,CATG,100.00,C,1,run-06-30sec,904
B1c,B1c_unaryMinus,CATG,100.00,C,1,run-06-30sec,902
B1c,B1c_unaryMinusMinus,CATG,100.00,C,1,run-06-30sec,939
B1c,B1c_unaryPlus,CATG,100.00,C,1,run-06-30sec,801
B1c,B1c_unaryPlusPlus,CATG,100.00,C,1,run-06-30sec,901
B1d,B1d_and,CATG,100.00,C,3,run-06-30sec,3004
B1d,B1d_equal,CATG,100.00,C,2,run-06-30sec,1906
B1d,B1d_greater,CATG,100.00,C,2,run-06-30sec,1905
B1d,B1d_greaterOrEqual,CATG,100.00,C,2,run-06-30sec,1907
B1d,B1d_negate,CATG,100.00,C,2,run-06-30sec,1907
B1d,B1d_notEqual,CATG,100.00,C,2,run-06-30sec,1903
B1d,B1d_or,CATG,100.00,C,3,run-06-30sec,3007
B1d,B1d_smaller,CATG,100.00,C,2,run-06-30sec,1903
B1d,B1d_smallerOrEqual,CATG,100.00,C,2,run-06-30sec,1904
B1e,B1e_and,CATG,100.00,C,1,run-06-30sec,901
B1e,B1e_andAssignment,CATG,100.00,C,1,run-06-30sec,901
B1e,B1e_negate,CATG,100.00,C,1,run-06-30sec,902
B1e,B1e_or,CATG,100.00,C,1,run-06-30sec,901
B1e,B1e_orAssignment,CATG,100.00,C,1,run-06-30sec,902
B1e,B1e_shiftLeft,CATG,100.00,C,1,run-06-30sec,901
B1e,B1e_shiftLeftAssignment,CATG,100.00,C,1,run-06-30sec,902
B1e,B1e_shiftRight,CATG,100.00,C,1,run-06-30sec,902
B1e,B1e_shiftRightAssignment,CATG,100.00,C,1,run-06-30sec,901
B1e,B1e_shiftRightUnsigned,CATG,100.00,C,1,run-06-30sec,902
B1e,B1e_shiftRightUnsignedAssignment,CATG,100.00,C,1,run-06-30sec,901
B1e,B1e_xor,CATG,100.00,C,1,run-06-30sec,901
B1e,B1e_xorAssignment,CATG,100.00,C,1,run-06-30sec,902
B2a,B2a_oneParamBoolean,CATG,100.00,C,2,run-06-30sec,1904
B2a,B2a_oneParamDouble,CATG,,N/A,,run-06-30sec,
B2a,B2a_oneParamInt,CATG,100.00,C,4,run-06-30sec,3810
B2a,B2a_twoParamsBoolean,CATG,72.73,C,4,run-06-30sec,4111
B2a,B2a_twoParamsDouble,CATG,,N/A,,run-06-30sec,
B2a,B2a_twoParamsInt,CATG,84.62,C,7,run-06-30sec,7313
B2b,B2b_oneParamBoolean,CATG,100.00,C,2,run-06-30sec,1903
B2b,B2b_oneParamInt,CATG,100.00,C,2,run-06-30sec,1902
B2b,B2b_twoParamsBoolean,CATG,100.00,C,3,run-06-30sec,3004
B2b,B2b_twoParamsInt,CATG,100.00,C,3,run-06-30sec,2909
B2c,B2c_missingBreaks,CATG,,EX,,run-06-30sec,901
B2c,B2c_simple,CATG,,EX,,run-06-30sec,902
B2c,B2c_withReturn,CATG,,EX,,run-06-30sec,903
B2d,B2d_oneParamDouble,CATG,,N/A,,run-06-30sec,
B2d,B2d_oneParamFloat,CATG,,N/A,,run-06-30sec,
B2d,B2d_oneParamInt,CATG,100.00,C,2,run-06-30sec,2004
B2d,B2d_oneParamIntNoSolution,CATG,66.67,C,1,run-06-30sec,1104
B2d,B2d_quadraticDouble,CATG,,N/A,,run-06-30sec,
B2d,B2d_quadraticDoubleNoSolution,CATG,,N/A,,run-06-30sec,
B2d,B2d_quadraticFloat,CATG,,N/A,,run-06-30sec,
B2d,B2d_quadraticFloatNoSolution,CATG,,N/A,,run-06-30sec,
B2d,B2d_quadraticInt,CATG,80.00,NC,1,run-06-30sec,1101
B2d,B2d_quadraticIntNoSolution,CATG,,EX,,run-06-30sec,2205
B2d,B2d_threeParamsDouble,CATG,,N/A,,run-06-30sec,
B2d,B2d_threeParamsFloat,CATG,,N/A,,run-06-30sec,
B2d,B2d_threeParamsInt,CATG,100.00,C,4,run-06-30sec,4219
B2d,B2d_threeParamsIntNoSolution,CATG,83.33,C,3,run-06-30sec,3307
B2d,B2d_twoParamsDouble,CATG,,N/A,,run-06-30sec,
B2d,B2d_twoParamsFloat,CATG,,N/A,,run-06-30sec,
B2d,B2d_twoParamsInt,CATG,100.00,C,3,run-06-30sec,3106
B2d,B2d_twoParamsIntNoSolution,CATG,80.00,C,2,run-06-30sec,2007
B3a,B3a_complex,CATG,,T/M,,run-06-30sec,30114
B3a,B3a_infinite,CATG,,T/M,,run-06-30sec,30142
B3a,B3a_infiniteNotOptimalizable,CATG,,T/M,,run-06-30sec,30142
B3a,B3a_nestedLoop,CATG,,T/M,,run-06-30sec,30136
B3a,B3a_nestedLoopWithLabel,CATG,,T/M,,run-06-30sec,30135
B3a,B3a_withConditionAndLimit,CATG,100.00,C,12,run-06-30sec,12523
B3a,B3a_withConditionNoLimit,CATG,,T/M,,run-06-30sec,30137
B3a,B3a_withContinueBreak,CATG,,T/M,,run-06-30sec,30172
B3a,B3a_withLimit,CATG,100.00,C,12,run-06-30sec,12120
B3b,B3b_complex,CATG,,T/M,,run-06-30sec,30192
B3b,B3b_infinite,CATG,,T/M,,run-06-30sec,30149
B3b,B3b_infiniteNotOptimalizable,CATG,,T/M,,run-06-30sec,30150
B3b,B3b_nestedLoop,CATG,,T/M,,run-06-30sec,30144
B3b,B3b_nestedLoopWithLabel,CATG,,T/M,,run-06-30sec,30142
B3b,B3b_withConditionAndLimit,CATG,100.00,C,12,run-06-30sec,12524
B3b,B3b_withConditionNoLimit,CATG,,T/M,,run-06-30sec,30135
B3b,B3b_withContinueBreak,CATG,,T/M,,run-06-30sec,30168
B3b,B3b_withLimit,CATG,100.00,C,12,run-06-30sec,12331
B3c,B3c_complex,CATG,,T/M,,run-06-30sec,30152
B3c,B3c_infinite,CATG,,T/M,,run-06-30sec,30167
B3c,B3c_infiniteNotOptimalizable,CATG,,T/M,,run-06-30sec,30153
B3c,B3c_nestedLoop,CATG,,T/M,,run-06-30sec,30134
B3c,B3c_nestedLoopWithLabel,CATG,,T/M,,run-06-30sec,30137
B3c,B3c_withConditionAndLimit,CATG,100.00,C,11,run-06-30sec,11630
B3c,B3c_withConditionNoLimit,CATG,,T/M,,run-06-30sec,30140
B3c,B3c_withContinueBreak,CATG,,T/M,,run-06-30sec,30183
B3c,B3c_withLimit,CATG,100.00,C,11,run-06-30sec,11339
B4a,B4a_fromParams,CATG,100.00,C,4,run-06-30sec,4209
B4a,B4a_fromParamsWithIndex,CATG,100.00,C,6,run-06-30sec,6409
B4a,B4a_guessLength,CATG,100.00,C,2,run-06-30sec,2003
B4a,B4a_guessOneArray,CATG,,N/A,,run-06-30sec,
B4a,B4a_guessOneArrayWithLength,CATG,,N/A,,run-06-30sec,
B4a,B4a_indexParam,CATG,83.33,NC,3,run-06-30sec,2914
B4a,B4a_iterateWithFor,CATG,,N/A,,run-06-30sec,
B4a,B4a_iterateWithForeach,CATG,,N/A,,run-06-30sec,
B4a,B4a_twoArrays,CATG,,N/A,,run-06-30sec,
B4b,B4b_fromParams,CATG,100.00,C,4,run-06-30sec,4212
B4b,B4b_fromParamsWithIndex,CATG,,EX,,run-06-30sec,3205
B4b,B4b_guessLength,CATG,100.00,C,2,run-06-30sec,1903
B4b,B4b_guessOneArray,CATG,,N/A,,run-06-30sec,
B4b,B4b_guessOneArrayWithLength,CATG,,N/A,,run-06-30sec,
B4b,B4b_indexParam,CATG,75.00,NC,1,run-06-30sec,1001
B4b,B4b_iterateWithFor,CATG,,N/A,,run-06-30sec,
B4b,B4b_iterateWithForeach,CATG,,N/A,,run-06-30sec,
B4b,B4b_twoArrays,CATG,,N/A,,run-06-30sec,
B5a1,B5a1_conditionalCall,CATG,100.00,C,8,run-06-30sec,8728
B5a1,B5a1_simple,CATG,100.00,C,7,run-06-30sec,7121
B5a1,B5a1_useReturnValue,CATG,100.00,C,7,run-06-30sec,7314
B5a2,B5a2_conditionalCall,CATG,100.00,C,8,run-06-30sec,8815
B5a2,B5a2_simple,CATG,100.00,C,7,run-06-30sec,7214
B5a2,B5a2_useReturnValue,CATG,100.00,C,7,run-06-30sec,7216
B5b1,B5b1_fibonacci,CATG,100.00,C,12,run-06-30sec,21144
B5b1,B5b1_simple,CATG,100.00,C,1,run-06-30sec,901
B5b2,B5b2_fibonacci,CATG,,T/M,,run-06-30sec,30151
B5b2,B5b2_simple,CATG,100.00,C,1,run-06-30sec,906
B6a,B6a_always,CATG,,EX,,run-06-30sec,803
B6a,B6a_call,CATG,,EX,,run-06-30sec,7215
B6a,B6a_conditionalAndLoop,CATG,,EX,,run-06-30sec,12321
B6a,B6a_recursive,CATG,100.00,C,1,run-06-30sec,1715
B6a,B6a_tryCatch,CATG,,EX,,run-06-30sec,7312
B6a,B6a_tryCatchFinally,CATG,,EX,,run-06-30sec,22242
B6b,B6b_always,CATG,,EX,,run-06-30sec,801
B6b,B6b_call,CATG,,EX,,run-06-30sec,7210
B6b,B6b_conditionalAndLoop,CATG,,EX,,run-06-30sec,12218
B6b,B6b_recursive,CATG,100.00,C,1,run-06-30sec,901
B6b,B6b_tryCatch,CATG,,EX,,run-06-30sec,7314
B6b,B6b_tryCatchFinally,CATG,,EX,,run-06-30sec,22249
B6c,B6c_arithmeticException,CATG,,EX,,run-06-30sec,2006
B6c,B6c_arrayIndexOutOfBoundsException,CATG,,EX,,run-06-30sec,2007
B6c,B6c_classCastException,CATG,,EX,,run-06-30sec,2002
B6c,B6c_illegalArgumentException,CATG,,EX,,run-06-30sec,1906
B6c,B6c_illegalStateException,CATG,,EX,,run-06-30sec,1905
B6c,B6c_indexOutOfBoundsException,CATG,,EX,,run-06-30sec,2013
B6c,B6c_nullPointerException,CATG,,EX,,run-06-30sec,2003
B6c,B6c_securityException,CATG,,EX,,run-06-30sec,1904
B6c,B6c_unsupportedOperationException,CATG,,EX,,run-06-30sec,2004
S1,S1_returnStructure,CATG,,N/A,,run-06-30sec,
S1,S1_returnStructureParams,CATG,100.00,C,1,run-06-30sec,902
S1,S1_useStructure,CATG,,N/A,,run-06-30sec,
S1,S1_useStructureParams,CATG,100.00,C,1,run-06-30sec,1001
S2,S2_oneStructure,CATG,,N/A,,run-06-30sec,
S2,S2_oneStructureParams,CATG,100.00,C,7,run-06-30sec,7614
S2,S2_twoStructures,CATG,,N/A,,run-06-30sec,
S2,S2_twoStructuresParams,CATG,100.00,C,7,run-06-30sec,7723
S3,S3_arrayOfStructures,CATG,,N/A,,run-06-30sec,
S3,S3_arrayOfStructuresParams,CATG,,N/A,,run-06-30sec,
S3,S3_noLimit,CATG,,N/A,,run-06-30sec,
S3,S3_noLimitParams,CATG,,T/M,,run-06-30sec,30175
S3,S3_withLimit,CATG,,N/A,,run-06-30sec,
S3,S3_withLimitParams,CATG,88.89,NC,12,run-06-30sec,13323
S4,S4_guess,CATG,,N/A,,run-06-30sec,
S4,S4_guessCoordinates,CATG,,N/A,,run-06-30sec,
S4,S4_guessParams,CATG,100.00,C,9,run-06-30sec,9926
O1,O1_fullCoverage,CATG,,N/A,,run-06-30sec,
O1,O1_guessImpossibleObject,CATG,,N/A,,run-06-30sec,
O1,O1_guessImpossibleOperationCount,CATG,,N/A,,run-06-30sec,
O1,O1_guessImpossibleOperationCountParams,CATG,,T/M,,run-06-30sec,30150
O1,O1_guessImpossibleResult,CATG,,N/A,,run-06-30sec,
O1,O1_guessImpossibleResultAndOperationCount,CATG,,N/A,,run-06-30sec,
O1,O1_guessImpossibleResultAndOperationCountParams,CATG,,T/M,,run-06-30sec,30181
O1,O1_guessImpossibleResultParams,CATG,,T/M,,run-06-30sec,30159
O1,O1_guessObject,CATG,,N/A,,run-06-30sec,
O1,O1_guessOperationCount,CATG,,N/A,,run-06-30sec,
O1,O1_guessOperationCountParams,CATG,,T/M,,run-06-30sec,30131
O1,O1_guessResult,CATG,,N/A,,run-06-30sec,
O1,O1_guessResultAndOperationCount,CATG,,N/A,,run-06-30sec,
O1,O1_guessResultAndOperationCountParams,CATG,,T/M,,run-06-30sec,30168
O1,O1_guessResultParams,CATG,100.00,C,16,run-06-30sec,17642
O1,O1_oneOperationNoCheck,CATG,,N/A,,run-06-30sec,
O1,O1_oneOperationParams,CATG,100.00,C,2,run-06-30sec,2003
O1,O1_oneOperationWithCheck,CATG,,N/A,,run-06-30sec,
O1,O1_twoOperationsParams,CATG,100.00,C,4,run-06-30sec,5425
O1,O1_twoOperationsWithCheck,CATG,,N/A,,run-06-30sec,
O1,O1_twoOperationsWithNocheck,CATG,,N/A,,run-06-30sec,
O2,O2_guessResult,CATG,,N/A,,run-06-30sec,
O2,O2_guessResultParams,CATG,100.00,C,16,run-06-30sec,17867
O3a,O3a_guessResult,CATG,,N/A,,run-06-30sec,
O3a,O3a_guessResultParams,CATG,100.00,C,16,run-06-30sec,17660
O3b,O3b_guess,CATG,,N/A,,run-06-30sec,
O3b,O3b_guessImpossible,CATG,,N/A,,run-06-30sec,
O3b,O3b_validate,CATG,,N/A,,run-06-30sec,
O3c,O3c_guess,CATG,,N/A,,run-06-30sec,
O3c,O3c_guessImpossible,CATG,,N/A,,run-06-30sec,
O3c,O3c_validate,CATG,,N/A,,run-06-30sec,
O4,O4_guessImpossible,CATG,,N/A,,run-06-30sec,
O4,O4_guessImpossibleParams,CATG,87.50,C,8,run-06-30sec,9014
O4,O4_guessResult,CATG,,N/A,,run-06-30sec,
O4,O4_guessResultParams,CATG,93.75,C,15,run-06-30sec,16740
G1,G1_guessType,CATG,,N/A,,run-06-30sec,
G1,G1_guessTypeAndUse,CATG,,N/A,,run-06-30sec,
G1,G1_guessTypeWithExtends,CATG,,N/A,,run-06-30sec,
G1,G1_guessTypeWithExtendsAndUse,CATG,,N/A,,run-06-30sec,
G2,G2_guessDescendant,CATG,,N/A,,run-06-30sec,
G2,G2_guessImpossible,CATG,,N/A,,run-06-30sec,
G2,G2_guessInteger,CATG,,N/A,,run-06-30sec,
G2,G2_guessIntegerNoHelp,CATG,,N/A,,run-06-30sec,
G2,G2_guessSafe,CATG,,N/A,,run-06-30sec,
G2,G2_guessSafeNoHelp,CATG,,N/A,,run-06-30sec,
L1,L1_abs,CATG,66.67,NC,1,run-06-30sec,902
L1,L1_absImpossible,CATG,66.67,C,1,run-06-30sec,903
L1,L1_cbrt,CATG,,N/A,,run-06-30sec,
L1,L1_cos,CATG,,N/A,,run-06-30sec,
L1,L1_cosImpossible,CATG,,N/A,,run-06-30sec,
L1,L1_log10GuessArgument,CATG,,N/A,,run-06-30sec,
L1,L1_logGuessArgument,CATG,,N/A,,run-06-30sec,
L1,L1_logGuessBase,CATG,,N/A,,run-06-30sec,
L1,L1_logGuessBaseAndArgument,CATG,,N/A,,run-06-30sec,
L1,L1_minMax,CATG,66.67,NC,1,run-06-30sec,901
L1,L1_minMaxImpossible,CATG,66.67,C,1,run-06-30sec,902
L1,L1_minMaxWithOrder,CATG,66.67,NC,1,run-06-30sec,904
L1,L1_powGuessBase,CATG,,N/A,,run-06-30sec,
L1,L1_powGuessBaseAndExponent,CATG,,N/A,,run-06-30sec,
L1,L1_powGuessExponent,CATG,,N/A,,run-06-30sec,
L1,L1_sin,CATG,,N/A,,run-06-30sec,
L1,L1_sinImpossible,CATG,,N/A,,run-06-30sec,
L1,L1_sqrt,CATG,,N/A,,run-06-30sec,
L1,L1_sqrtImpossible,CATG,,N/A,,run-06-30sec,
L1,L1_tan,CATG,,N/A,,run-06-30sec,
L2,L2_add,CATG,57.14,NC,1,run-06-30sec,801
L2,L2_addWithCondition,CATG,53.85,NC,1,run-06-30sec,901
L2,L2_charAt,CATG,,EX,,run-06-30sec,902
L2,L2_compareTo,CATG,55.56,NC,1,run-06-30sec,901
L2,L2_compareToIgnoreCase,CATG,55.56,NC,1,run-06-30sec,903
L2,L2_equality,CATG,77.78,NC,3,run-06-30sec,2807
L2,L2_equalityIgnoreCase,CATG,55.56,NC,1,run-06-30sec,902
L2,L2_indexOf,CATG,50.00,NC,1,run-06-30sec,902
L2,L2_length,CATG,57.14,NC,1,run-06-30sec,901
L2,L2_regionEquality,CATG,50.00,NC,1,run-06-30sec,901
L2,L2_startsEnds,CATG,42.86,NC,1,run-06-30sec,902
L2,L2_substring,CATG,,EX,,run-06-30sec,901
L2,L2_switchString,CATG,,N/A,,run-06-30sec,
L3,L3_guessDouble,CATG,,N/A,,run-06-30sec,
L3,L3_guessInteger,CATG,100.00,C,3,run-06-30sec,2903
L3,L3_integerOverflow,CATG,100.00,C,3,run-06-30sec,3105
L4,L4_guessElementAndIndex,CATG,,EX,,run-06-30sec,2005
L4,L4_guessElements,CATG,100.00,C,3,run-06-30sec,3105
L4,L4_guessGenericListWithElement,CATG,,N/A,,run-06-30sec,
L4,L4_guessGenericListWithSize,CATG,,N/A,,run-06-30sec,
L4,L4_guessGenericVectorWithElement,CATG,,N/A,,run-06-30sec,
L4,L4_guessGenericVectorWithSize,CATG,,N/A,,run-06-30sec,
L4,L4_guessIndices,CATG,88.89,NC,1,run-06-30sec,1002
L4,L4_guessListWithSize,CATG,,N/A,,run-06-30sec,
L4,L4_guessSize,CATG,100.00,C,2,run-06-30sec,2002
L4,L4_guessSizeAndElements,CATG,100.00,C,4,run-06-30sec,4211
L4,L4_guessVectorWithSize,CATG,,N/A,,run-06-30sec,
LO,LO_associatesAPIGuessDate,CATG,43.75,NC,1,run-06-30sec,901
LO,LO_associatesAPIGuessValidDateFormat,CATG,50.00,NC,1,run-06-30sec,902
LO,LO_guessUUID,CATG,33.33,NC,1,run-06-30sec,902
LO,LO_guessValidUUID,CATG,50.00,NC,1,run-06-30sec,901
LO,LO_inheritsAPIGuessOneObject,CATG,,N/A,,run-06-30sec,
LO,LO_inheritsAPIGuessOnePrimitive,CATG,,EX,,run-06-30sec,4010
LO,LO_inheritsAPIGuessTwoObjects,CATG,,N/A,,run-06-30sec,
LO,LO_inheritsAPIGuessTwoPrimitives,CATG,,EX,,run-06-30sec,7426
LO,LO_regexCaseInsensitive,CATG,71.43,NC,1,run-06-30sec,901
LO,LO_regexCaseSensitive,CATG,60.00,NC,1,run-06-30sec,901
Others,Others_guess,CATG,,N/A,,run-06-30sec,
Others,Others_guessEnum,CATG,,N/A,,run-06-30sec,
Others,Others_guessEnumOrdinal,CATG,,N/A,,run-06-30sec,
Others,Others_guessEnumString,CATG,,N/A,,run-06-30sec,
Others,Others_guessWithLength,CATG,,N/A,,run-06-30sec,
Others,Others_iterateWithFor,CATG,,N/A,,run-06-30sec,
Others,Others_iterateWithForeach,CATG,,N/A,,run-06-30sec,
Others,Others_minMax,CATG,,N/A,,run-06-30sec,905
Others,Others_minMaxImpossible,CATG,,N/A,,run-06-30sec,901
Others,Others_minMaxWithOrder,CATG,,N/A,,run-06-30sec,901
Others,Others_switchEnum,CATG,,N/A,,run-06-30sec,
Others,Others_test,CATG,100.00,C,2,run-06-30sec,1905
B1a,B1a_oneParamBoolean,CATG,100.00,C,2,run-07-30sec,1903
B1a,B1a_oneParamByte,CATG,100.00,C,1,run-07-30sec,903
B1a,B1a_oneParamChar,CATG,100.00,C,1,run-07-30sec,903
B1a,B1a_oneParamDouble,CATG,,N/A,,run-07-30sec,
B1a,B1a_oneParamFloat,CATG,,N/A,,run-07-30sec,
B1a,B1a_oneParamInt,CATG,100.00,C,1,run-07-30sec,902
B1a,B1a_oneParamLong,CATG,100.00,C,1,run-07-30sec,903
B1a,B1a_oneParamShort,CATG,100.00,C,1,run-07-30sec,902
B1a,B1a_twoParamBoolean,CATG,100.00,C,1,run-07-30sec,901
B1a,B1a_twoParamByte,CATG,100.00,C,1,run-07-30sec,902
B1a,B1a_twoParamChar,CATG,100.00,C,1,run-07-30sec,902
B1a,B1a_twoParamDouble,CATG,,N/A,,run-07-30sec,
B1a,B1a_twoParamFloat,CATG,,N/A,,run-07-30sec,
B1a,B1a_twoParamInt,CATG,100.00,C,1,run-07-30sec,901
B1a,B1a_twoParamLong,CATG,100.00,C,1,run-07-30sec,906
B1a,B1a_twoParamShort,CATG,100.00,C,1,run-07-30sec,901
B1b,B1b_constBoolean,CATG,100.00,C,1,run-07-30sec,802
B1b,B1b_constByte,CATG,100.00,C,1,run-07-30sec,802
B1b,B1b_constChar,CATG,100.00,C,1,run-07-30sec,801
B1b,B1b_constDouble,CATG,100.00,C,1,run-07-30sec,801
B1b,B1b_constFloat,CATG,100.00,C,1,run-07-30sec,804
B1b,B1b_constInt,CATG,100.00,C,1,run-07-30sec,803
B1b,B1b_constLong,CATG,100.00,C,1,run-07-30sec,803
B1b,B1b_constShort,CATG,100.00,C,1,run-07-30sec,802
B1c,B1c_add,CATG,100.00,C,1,run-07-30sec,901
B1c,B1c_addAssignment,CATG,100.00,C,1,run-07-30sec,939
B1c,B1c_divide,CATG,100.00,C,1,run-07-30sec,901
B1c,B1c_divideAssignment,CATG,100.00,C,1,run-07-30sec,902
B1c,B1c_modulo,CATG,100.00,C,1,run-07-30sec,902
B1c,B1c_moduloAssignment,CATG,100.00,C,1,run-07-30sec,901
B1c,B1c_multiply,CATG,100.00,C,1,run-07-30sec,902
B1c,B1c_multiplyAssignment,CATG,100.00,C,1,run-07-30sec,902
B1c,B1c_postfixMinusMinus,CATG,100.00,C,1,run-07-30sec,927
B1c,B1c_postfixPlusplus,CATG,100.00,C,1,run-07-30sec,901
B1c,B1c_substract,CATG,100.00,C,1,run-07-30sec,901
B1c,B1c_substractAssignment,CATG,100.00,C,1,run-07-30sec,901
B1c,B1c_unaryMinus,CATG,100.00,C,1,run-07-30sec,904
B1c,B1c_unaryMinusMinus,CATG,100.00,C,1,run-07-30sec,901
B1c,B1c_unaryPlus,CATG,100.00,C,1,run-07-30sec,903
B1c,B1c_unaryPlusPlus,CATG,100.00,C,1,run-07-30sec,902
B1d,B1d_and,CATG,100.00,C,3,run-07-30sec,3005
B1d,B1d_equal,CATG,100.00,C,2,run-07-30sec,2006
B1d,B1d_greater,CATG,100.00,C,2,run-07-30sec,1904
B1d,B1d_greaterOrEqual,CATG,100.00,C,2,run-07-30sec,1903
B1d,B1d_negate,CATG,100.00,C,2,run-07-30sec,1906
B1d,B1d_notEqual,CATG,100.00,C,2,run-07-30sec,1907
B1d,B1d_or,CATG,100.00,C,3,run-07-30sec,3004
B1d,B1d_smaller,CATG,100.00,C,2,run-07-30sec,1906
B1d,B1d_smallerOrEqual,CATG,100.00,C,2,run-07-30sec,1903
B1e,B1e_and,CATG,100.00,C,1,run-07-30sec,903
B1e,B1e_andAssignment,CATG,100.00,C,1,run-07-30sec,901
B1e,B1e_negate,CATG,100.00,C,1,run-07-30sec,901
B1e,B1e_or,CATG,100.00,C,1,run-07-30sec,901
B1e,B1e_orAssignment,CATG,100.00,C,1,run-07-30sec,901
B1e,B1e_shiftLeft,CATG,100.00,C,1,run-07-30sec,901
B1e,B1e_shiftLeftAssignment,CATG,100.00,C,1,run-07-30sec,902
B1e,B1e_shiftRight,CATG,100.00,C,1,run-07-30sec,901
B1e,B1e_shiftRightAssignment,CATG,100.00,C,1,run-07-30sec,901
B1e,B1e_shiftRightUnsigned,CATG,100.00,C,1,run-07-30sec,902
B1e,B1e_shiftRightUnsignedAssignment,CATG,100.00,C,1,run-07-30sec,901
B1e,B1e_xor,CATG,100.00,C,1,run-07-30sec,901
B1e,B1e_xorAssignment,CATG,100.00,C,1,run-07-30sec,902
B2a,B2a_oneParamBoolean,CATG,100.00,C,2,run-07-30sec,2003
B2a,B2a_oneParamDouble,CATG,,N/A,,run-07-30sec,
B2a,B2a_oneParamInt,CATG,100.00,C,4,run-07-30sec,3908
B2a,B2a_twoParamsBoolean,CATG,72.73,C,4,run-07-30sec,4212
B2a,B2a_twoParamsDouble,CATG,,N/A,,run-07-30sec,
B2a,B2a_twoParamsInt,CATG,84.62,C,7,run-07-30sec,7411
B2b,B2b_oneParamBoolean,CATG,100.00,C,2,run-07-30sec,2003
B2b,B2b_oneParamInt,CATG,100.00,C,2,run-07-30sec,1903
B2b,B2b_twoParamsBoolean,CATG,100.00,C,3,run-07-30sec,3004
B2b,B2b_twoParamsInt,CATG,100.00,C,3,run-07-30sec,3006
B2c,B2c_missingBreaks,CATG,,EX,,run-07-30sec,902
B2c,B2c_simple,CATG,,EX,,run-07-30sec,902
B2c,B2c_withReturn,CATG,,EX,,run-07-30sec,902
B2d,B2d_oneParamDouble,CATG,,N/A,,run-07-30sec,
B2d,B2d_oneParamFloat,CATG,,N/A,,run-07-30sec,
B2d,B2d_oneParamInt,CATG,100.00,C,2,run-07-30sec,1902
B2d,B2d_oneParamIntNoSolution,CATG,66.67,C,1,run-07-30sec,1101
B2d,B2d_quadraticDouble,CATG,,N/A,,run-07-30sec,
B2d,B2d_quadraticDoubleNoSolution,CATG,,N/A,,run-07-30sec,
B2d,B2d_quadraticFloat,CATG,,N/A,,run-07-30sec,
B2d,B2d_quadraticFloatNoSolution,CATG,,N/A,,run-07-30sec,
B2d,B2d_quadraticInt,CATG,80.00,NC,1,run-07-30sec,1104
B2d,B2d_quadraticIntNoSolution,CATG,,EX,,run-07-30sec,2207
B2d,B2d_threeParamsDouble,CATG,,N/A,,run-07-30sec,
B2d,B2d_threeParamsFloat,CATG,,N/A,,run-07-30sec,
B2d,B2d_threeParamsInt,CATG,100.00,C,4,run-07-30sec,4208
B2d,B2d_threeParamsIntNoSolution,CATG,83.33,C,3,run-07-30sec,3305
B2d,B2d_twoParamsDouble,CATG,,N/A,,run-07-30sec,
B2d,B2d_twoParamsFloat,CATG,,N/A,,run-07-30sec,
B2d,B2d_twoParamsInt,CATG,100.00,C,3,run-07-30sec,3109
B2d,B2d_twoParamsIntNoSolution,CATG,80.00,C,2,run-07-30sec,2004
B3a,B3a_complex,CATG,,T/M,,run-07-30sec,30135
B3a,B3a_infinite,CATG,,T/M,,run-07-30sec,30129
B3a,B3a_infiniteNotOptimalizable,CATG,,T/M,,run-07-30sec,30145
B3a,B3a_nestedLoop,CATG,,T/M,,run-07-30sec,30165
B3a,B3a_nestedLoopWithLabel,CATG,,T/M,,run-07-30sec,30157
B3a,B3a_withConditionAndLimit,CATG,100.00,C,12,run-07-30sec,12839
B3a,B3a_withConditionNoLimit,CATG,,T/M,,run-07-30sec,30173
B3a,B3a_withContinueBreak,CATG,,T/M,,run-07-30sec,30166
B3a,B3a_withLimit,CATG,100.00,C,12,run-07-30sec,13257
B3b,B3b_complex,CATG,,T/M,,run-07-30sec,30159
B3b,B3b_infinite,CATG,,T/M,,run-07-30sec,30119
B3b,B3b_infiniteNotOptimalizable,CATG,,T/M,,run-07-30sec,30171
B3b,B3b_nestedLoop,CATG,,T/M,,run-07-30sec,30175
B3b,B3b_nestedLoopWithLabel,CATG,,T/M,,run-07-30sec,30138
B3b,B3b_withConditionAndLimit,CATG,100.00,C,12,run-07-30sec,13340
B3b,B3b_withConditionNoLimit,CATG,,T/M,,run-07-30sec,30052
B3b,B3b_withContinueBreak,CATG,,T/M,,run-07-30sec,30160
B3b,B3b_withLimit,CATG,100.00,C,12,run-07-30sec,13067
B3c,B3c_complex,CATG,,T/M,,run-07-30sec,30162
B3c,B3c_infinite,CATG,,T/M,,run-07-30sec,30134
B3c,B3c_infiniteNotOptimalizable,CATG,,T/M,,run-07-30sec,30145
B3c,B3c_nestedLoop,CATG,,T/M,,run-07-30sec,30132
B3c,B3c_nestedLoopWithLabel,CATG,,T/M,,run-07-30sec,30158
B3c,B3c_withConditionAndLimit,CATG,100.00,C,11,run-07-30sec,11724
B3c,B3c_withConditionNoLimit,CATG,,T/M,,run-07-30sec,30161
B3c,B3c_withContinueBreak,CATG,,T/M,,run-07-30sec,30164
B3c,B3c_withLimit,CATG,100.00,C,11,run-07-30sec,11422
B4a,B4a_fromParams,CATG,100.00,C,4,run-07-30sec,4216
B4a,B4a_fromParamsWithIndex,CATG,100.00,C,6,run-07-30sec,6318
B4a,B4a_guessLength,CATG,100.00,C,2,run-07-30sec,2003
B4a,B4a_guessOneArray,CATG,,N/A,,run-07-30sec,
B4a,B4a_guessOneArrayWithLength,CATG,,N/A,,run-07-30sec,
B4a,B4a_indexParam,CATG,83.33,NC,3,run-07-30sec,2904
B4a,B4a_iterateWithFor,CATG,,N/A,,run-07-30sec,
B4a,B4a_iterateWithForeach,CATG,,N/A,,run-07-30sec,
B4a,B4a_twoArrays,CATG,,N/A,,run-07-30sec,
B4b,B4b_fromParams,CATG,100.00,C,4,run-07-30sec,4206
B4b,B4b_fromParamsWithIndex,CATG,,EX,,run-07-30sec,3104
B4b,B4b_guessLength,CATG,100.00,C,2,run-07-30sec,2004
B4b,B4b_guessOneArray,CATG,,N/A,,run-07-30sec,
B4b,B4b_guessOneArrayWithLength,CATG,,N/A,,run-07-30sec,
B4b,B4b_indexParam,CATG,75.00,NC,1,run-07-30sec,1002
B4b,B4b_iterateWithFor,CATG,,N/A,,run-07-30sec,
B4b,B4b_iterateWithForeach,CATG,,N/A,,run-07-30sec,
B4b,B4b_twoArrays,CATG,,N/A,,run-07-30sec,
B5a1,B5a1_conditionalCall,CATG,100.00,C,8,run-07-30sec,8825
B5a1,B5a1_simple,CATG,100.00,C,7,run-07-30sec,7315
B5a1,B5a1_useReturnValue,CATG,100.00,C,7,run-07-30sec,7316
B5a2,B5a2_conditionalCall,CATG,100.00,C,8,run-07-30sec,8916
B5a2,B5a2_simple,CATG,100.00,C,7,run-07-30sec,7320
B5a2,B5a2_useReturnValue,CATG,100.00,C,7,run-07-30sec,7320
B5b1,B5b1_fibonacci,CATG,100.00,C,12,run-07-30sec,21144
B5b1,B5b1_simple,CATG,100.00,C,1,run-07-30sec,901
B5b2,B5b2_fibonacci,CATG,,T/M,,run-07-30sec,30179
B5b2,B5b2_simple,CATG,100.00,C,1,run-07-30sec,901
B6a,B6a_always,CATG,,EX,,run-07-30sec,802
B6a,B6a_call,CATG,,EX,,run-07-30sec,7213
B6a,B6a_conditionalAndLoop,CATG,,EX,,run-07-30sec,13459
B6a,B6a_recursive,CATG,100.00,C,1,run-07-30sec,901
B6a,B6a_tryCatch,CATG,,EX,,run-07-30sec,7312
B6a,B6a_tryCatchFinally,CATG,,EX,,run-07-30sec,22246
B6b,B6b_always,CATG,,EX,,run-07-30sec,802
B6b,B6b_call,CATG,,EX,,run-07-30sec,7219
B6b,B6b_conditionalAndLoop,CATG,,EX,,run-07-30sec,12126
B6b,B6b_recursive,CATG,100.00,C,1,run-07-30sec,903
B6b,B6b_tryCatch,CATG,,EX,,run-07-30sec,7310
B6b,B6b_tryCatchFinally,CATG,,EX,,run-07-30sec,22144
B6c,B6c_arithmeticException,CATG,,EX,,run-07-30sec,2003
B6c,B6c_arrayIndexOutOfBoundsException,CATG,,EX,,run-07-30sec,2003
B6c,B6c_classCastException,CATG,,EX,,run-07-30sec,2006
B6c,B6c_illegalArgumentException,CATG,,EX,,run-07-30sec,1905
B6c,B6c_illegalStateException,CATG,,EX,,run-07-30sec,2006
B6c,B6c_indexOutOfBoundsException,CATG,,EX,,run-07-30sec,2004
B6c,B6c_nullPointerException,CATG,,EX,,run-07-30sec,1903
B6c,B6c_securityException,CATG,,EX,,run-07-30sec,2003
B6c,B6c_unsupportedOperationException,CATG,,EX,,run-07-30sec,2002
S1,S1_returnStructure,CATG,,N/A,,run-07-30sec,
S1,S1_returnStructureParams,CATG,100.00,C,1,run-07-30sec,1002
S1,S1_useStructure,CATG,,N/A,,run-07-30sec,
S1,S1_useStructureParams,CATG,100.00,C,1,run-07-30sec,1002
S2,S2_oneStructure,CATG,,N/A,,run-07-30sec,
S2,S2_oneStructureParams,CATG,100.00,C,7,run-07-30sec,7631
S2,S2_twoStructures,CATG,,N/A,,run-07-30sec,
S2,S2_twoStructuresParams,CATG,100.00,C,7,run-07-30sec,7613
S3,S3_arrayOfStructures,CATG,,N/A,,run-07-30sec,
S3,S3_arrayOfStructuresParams,CATG,,N/A,,run-07-30sec,
S3,S3_noLimit,CATG,,N/A,,run-07-30sec,
S3,S3_noLimitParams,CATG,,T/M,,run-07-30sec,30123
S3,S3_withLimit,CATG,,N/A,,run-07-30sec,
S3,S3_withLimitParams,CATG,88.89,NC,12,run-07-30sec,13334
S4,S4_guess,CATG,,N/A,,run-07-30sec,
S4,S4_guessCoordinates,CATG,,N/A,,run-07-30sec,
S4,S4_guessParams,CATG,100.00,C,9,run-07-30sec,9829
O1,O1_fullCoverage,CATG,,N/A,,run-07-30sec,
O1,O1_guessImpossibleObject,CATG,,N/A,,run-07-30sec,
O1,O1_guessImpossibleOperationCount,CATG,,N/A,,run-07-30sec,
O1,O1_guessImpossibleOperationCountParams,CATG,,T/M,,run-07-30sec,30116
O1,O1_guessImpossibleResult,CATG,,N/A,,run-07-30sec,
O1,O1_guessImpossibleResultAndOperationCount,CATG,,N/A,,run-07-30sec,
O1,O1_guessImpossibleResultAndOperationCountParams,CATG,,T/M,,run-07-30sec,30144
O1,O1_guessImpossibleResultParams,CATG,,T/M,,run-07-30sec,30173
O1,O1_guessObject,CATG,,N/A,,run-07-30sec,
O1,O1_guessOperationCount,CATG,,N/A,,run-07-30sec,
O1,O1_guessOperationCountParams,CATG,,T/M,,run-07-30sec,30156
O1,O1_guessResult,CATG,,N/A,,run-07-30sec,
O1,O1_guessResultAndOperationCount,CATG,,N/A,,run-07-30sec,
O1,O1_guessResultAndOperationCountParams,CATG,,T/M,,run-07-30sec,30144
O1,O1_guessResultParams,CATG,100.00,C,16,run-07-30sec,17633
O1,O1_oneOperationNoCheck,CATG,,N/A,,run-07-30sec,
O1,O1_oneOperationParams,CATG,100.00,C,2,run-07-30sec,2102
O1,O1_oneOperationWithCheck,CATG,,N/A,,run-07-30sec,
O1,O1_twoOperationsParams,CATG,100.00,C,4,run-07-30sec,7104
O1,O1_twoOperationsWithCheck,CATG,,N/A,,run-07-30sec,
O1,O1_twoOperationsWithNocheck,CATG,,N/A,,run-07-30sec,
O2,O2_guessResult,CATG,,N/A,,run-07-30sec,
O2,O2_guessResultParams,CATG,100.00,C,16,run-07-30sec,17747
O3a,O3a_guessResult,CATG,,N/A,,run-07-30sec,
O3a,O3a_guessResultParams,CATG,100.00,C,16,run-07-30sec,17632
O3b,O3b_guess,CATG,,N/A,,run-07-30sec,
O3b,O3b_guessImpossible,CATG,,N/A,,run-07-30sec,
O3b,O3b_validate,CATG,,N/A,,run-07-30sec,
O3c,O3c_guess,CATG,,N/A,,run-07-30sec,
O3c,O3c_guessImpossible,CATG,,N/A,,run-07-30sec,
O3c,O3c_validate,CATG,,N/A,,run-07-30sec,
O4,O4_guessImpossible,CATG,,N/A,,run-07-30sec,
O4,O4_guessImpossibleParams,CATG,87.50,C,8,run-07-30sec,8929
O4,O4_guessResult,CATG,,N/A,,run-07-30sec,
O4,O4_guessResultParams,CATG,93.75,C,15,run-07-30sec,16735
G1,G1_guessType,CATG,,N/A,,run-07-30sec,
G1,G1_guessTypeAndUse,CATG,,N/A,,run-07-30sec,
G1,G1_guessTypeWithExtends,CATG,,N/A,,run-07-30sec,
G1,G1_guessTypeWithExtendsAndUse,CATG,,N/A,,run-07-30sec,
G2,G2_guessDescendant,CATG,,N/A,,run-07-30sec,
G2,G2_guessImpossible,CATG,,N/A,,run-07-30sec,
G2,G2_guessInteger,CATG,,N/A,,run-07-30sec,
G2,G2_guessIntegerNoHelp,CATG,,N/A,,run-07-30sec,
G2,G2_guessSafe,CATG,,N/A,,run-07-30sec,
G2,G2_guessSafeNoHelp,CATG,,N/A,,run-07-30sec,
L1,L1_abs,CATG,66.67,NC,1,run-07-30sec,1002
L1,L1_absImpossible,CATG,66.67,C,1,run-07-30sec,901
L1,L1_cbrt,CATG,,N/A,,run-07-30sec,
L1,L1_cos,CATG,,N/A,,run-07-30sec,
L1,L1_cosImpossible,CATG,,N/A,,run-07-30sec,
L1,L1_log10GuessArgument,CATG,,N/A,,run-07-30sec,
L1,L1_logGuessArgument,CATG,,N/A,,run-07-30sec,
L1,L1_logGuessBase,CATG,,N/A,,run-07-30sec,
L1,L1_logGuessBaseAndArgument,CATG,,N/A,,run-07-30sec,
L1,L1_minMax,CATG,66.67,NC,1,run-07-30sec,901
L1,L1_minMaxImpossible,CATG,66.67,C,1,run-07-30sec,901
L1,L1_minMaxWithOrder,CATG,66.67,NC,1,run-07-30sec,901
L1,L1_powGuessBase,CATG,,N/A,,run-07-30sec,
L1,L1_powGuessBaseAndExponent,CATG,,N/A,,run-07-30sec,
L1,L1_powGuessExponent,CATG,,N/A,,run-07-30sec,
L1,L1_sin,CATG,,N/A,,run-07-30sec,
L1,L1_sinImpossible,CATG,,N/A,,run-07-30sec,
L1,L1_sqrt,CATG,,N/A,,run-07-30sec,
L1,L1_sqrtImpossible,CATG,,N/A,,run-07-30sec,
L1,L1_tan,CATG,,N/A,,run-07-30sec,
L2,L2_add,CATG,57.14,NC,1,run-07-30sec,901
L2,L2_addWithCondition,CATG,53.85,NC,1,run-07-30sec,901
L2,L2_charAt,CATG,,EX,,run-07-30sec,903
L2,L2_compareTo,CATG,55.56,NC,1,run-07-30sec,901
L2,L2_compareToIgnoreCase,CATG,55.56,NC,1,run-07-30sec,901
L2,L2_equality,CATG,77.78,NC,3,run-07-30sec,2812
L2,L2_equalityIgnoreCase,CATG,55.56,NC,1,run-07-30sec,901
L2,L2_indexOf,CATG,50.00,NC,1,run-07-30sec,901
L2,L2_length,CATG,57.14,NC,1,run-07-30sec,901
L2,L2_regionEquality,CATG,50.00,NC,1,run-07-30sec,902
L2,L2_startsEnds,CATG,42.86,NC,1,run-07-30sec,902
L2,L2_substring,CATG,,EX,,run-07-30sec,901
L2,L2_switchString,CATG,,N/A,,run-07-30sec,
L3,L3_guessDouble,CATG,,N/A,,run-07-30sec,
L3,L3_guessInteger,CATG,100.00,C,3,run-07-30sec,2905
L3,L3_integerOverflow,CATG,100.00,C,3,run-07-30sec,3005
L4,L4_guessElementAndIndex,CATG,,EX,,run-07-30sec,2006
L4,L4_guessElements,CATG,100.00,C,3,run-07-30sec,3105
L4,L4_guessGenericListWithElement,CATG,,N/A,,run-07-30sec,
L4,L4_guessGenericListWithSize,CATG,,N/A,,run-07-30sec,
L4,L4_guessGenericVectorWithElement,CATG,,N/A,,run-07-30sec,
L4,L4_guessGenericVectorWithSize,CATG,,N/A,,run-07-30sec,
L4,L4_guessIndices,CATG,88.89,NC,1,run-07-30sec,1002
L4,L4_guessListWithSize,CATG,,N/A,,run-07-30sec,
L4,L4_guessSize,CATG,100.00,C,2,run-07-30sec,2005
L4,L4_guessSizeAndElements,CATG,100.00,C,4,run-07-30sec,4307
L4,L4_guessVectorWithSize,CATG,,N/A,,run-07-30sec,
LO,LO_associatesAPIGuessDate,CATG,43.75,NC,1,run-07-30sec,902
LO,LO_associatesAPIGuessValidDateFormat,CATG,50.00,NC,1,run-07-30sec,901
LO,LO_guessUUID,CATG,33.33,NC,1,run-07-30sec,901
LO,LO_guessValidUUID,CATG,50.00,NC,1,run-07-30sec,901
LO,LO_inheritsAPIGuessOneObject,CATG,,N/A,,run-07-30sec,
LO,LO_inheritsAPIGuessOnePrimitive,CATG,,EX,,run-07-30sec,4106
LO,LO_inheritsAPIGuessTwoObjects,CATG,,N/A,,run-07-30sec,
LO,LO_inheritsAPIGuessTwoPrimitives,CATG,,EX,,run-07-30sec,7516
LO,LO_regexCaseInsensitive,CATG,71.43,NC,1,run-07-30sec,902
LO,LO_regexCaseSensitive,CATG,60.00,NC,1,run-07-30sec,901
Others,Others_guess,CATG,,N/A,,run-07-30sec,
Others,Others_guessEnum,CATG,,N/A,,run-07-30sec,
Others,Others_guessEnumOrdinal,CATG,,N/A,,run-07-30sec,
Others,Others_guessEnumString,CATG,,N/A,,run-07-30sec,
Others,Others_guessWithLength,CATG,,N/A,,run-07-30sec,
Others,Others_iterateWithFor,CATG,,N/A,,run-07-30sec,
Others,Others_iterateWithForeach,CATG,,N/A,,run-07-30sec,
Others,Others_minMax,CATG,,N/A,,run-07-30sec,902
Others,Others_minMaxImpossible,CATG,,N/A,,run-07-30sec,903
Others,Others_minMaxWithOrder,CATG,,N/A,,run-07-30sec,901
Others,Others_switchEnum,CATG,,N/A,,run-07-30sec,
Others,Others_test,CATG,100.00,C,2,run-07-30sec,1903
B1a,B1a_oneParamBoolean,CATG,100.00,C,2,run-08-30sec,2104
B1a,B1a_oneParamByte,CATG,100.00,C,1,run-08-30sec,901
B1a,B1a_oneParamChar,CATG,100.00,C,1,run-08-30sec,902
B1a,B1a_oneParamDouble,CATG,,N/A,,run-08-30sec,
B1a,B1a_oneParamFloat,CATG,,N/A,,run-08-30sec,
B1a,B1a_oneParamInt,CATG,100.00,C,1,run-08-30sec,903
B1a,B1a_oneParamLong,CATG,100.00,C,1,run-08-30sec,901
B1a,B1a_oneParamShort,CATG,100.00,C,1,run-08-30sec,901
B1a,B1a_twoParamBoolean,CATG,100.00,C,1,run-08-30sec,1002
B1a,B1a_twoParamByte,CATG,100.00,C,1,run-08-30sec,903
B1a,B1a_twoParamChar,CATG,100.00,C,1,run-08-30sec,901
B1a,B1a_twoParamDouble,CATG,,N/A,,run-08-30sec,
B1a,B1a_twoParamFloat,CATG,,N/A,,run-08-30sec,
B1a,B1a_twoParamInt,CATG,100.00,C,1,run-08-30sec,902
B1a,B1a_twoParamLong,CATG,100.00,C,1,run-08-30sec,902
B1a,B1a_twoParamShort,CATG,100.00,C,1,run-08-30sec,902
B1b,B1b_constBoolean,CATG,100.00,C,1,run-08-30sec,801
B1b,B1b_constByte,CATG,100.00,C,1,run-08-30sec,803
B1b,B1b_constChar,CATG,100.00,C,1,run-08-30sec,950
B1b,B1b_constDouble,CATG,100.00,C,1,run-08-30sec,802
B1b,B1b_constFloat,CATG,100.00,C,1,run-08-30sec,801
B1b,B1b_constInt,CATG,100.00,C,1,run-08-30sec,802
B1b,B1b_constLong,CATG,100.00,C,1,run-08-30sec,807
B1b,B1b_constShort,CATG,100.00,C,1,run-08-30sec,802
B1c,B1c_add,CATG,100.00,C,1,run-08-30sec,901
B1c,B1c_addAssignment,CATG,100.00,C,1,run-08-30sec,943
B1c,B1c_divide,CATG,100.00,C,1,run-08-30sec,901
B1c,B1c_divideAssignment,CATG,100.00,C,1,run-08-30sec,902
B1c,B1c_modulo,CATG,100.00,C,1,run-08-30sec,1308
B1c,B1c_moduloAssignment,CATG,100.00,C,1,run-08-30sec,901
B1c,B1c_multiply,CATG,100.00,C,1,run-08-30sec,902
B1c,B1c_multiplyAssignment,CATG,100.00,C,1,run-08-30sec,902
B1c,B1c_postfixMinusMinus,CATG,100.00,C,1,run-08-30sec,901
B1c,B1c_postfixPlusplus,CATG,100.00,C,1,run-08-30sec,902
B1c,B1c_substract,CATG,100.00,C,1,run-08-30sec,1412
B1c,B1c_substractAssignment,CATG,100.00,C,1,run-08-30sec,901
B1c,B1c_unaryMinus,CATG,100.00,C,1,run-08-30sec,904
B1c,B1c_unaryMinusMinus,CATG,100.00,C,1,run-08-30sec,901
B1c,B1c_unaryPlus,CATG,100.00,C,1,run-08-30sec,902
B1c,B1c_unaryPlusPlus,CATG,100.00,C,1,run-08-30sec,903
B1d,B1d_and,CATG,100.00,C,3,run-08-30sec,3004
B1d,B1d_equal,CATG,100.00,C,2,run-08-30sec,1904
B1d,B1d_greater,CATG,100.00,C,2,run-08-30sec,1918
B1d,B1d_greaterOrEqual,CATG,100.00,C,2,run-08-30sec,2003
B1d,B1d_negate,CATG,100.00,C,2,run-08-30sec,1905
B1d,B1d_notEqual,CATG,100.00,C,2,run-08-30sec,1902
B1d,B1d_or,CATG,100.00,C,3,run-08-30sec,3005
B1d,B1d_smaller,CATG,100.00,C,2,run-08-30sec,1910
B1d,B1d_smallerOrEqual,CATG,100.00,C,2,run-08-30sec,2006
B1e,B1e_and,CATG,100.00,C,1,run-08-30sec,902
B1e,B1e_andAssignment,CATG,100.00,C,1,run-08-30sec,901
B1e,B1e_negate,CATG,100.00,C,1,run-08-30sec,902
B1e,B1e_or,CATG,100.00,C,1,run-08-30sec,903
B1e,B1e_orAssignment,CATG,100.00,C,1,run-08-30sec,901
B1e,B1e_shiftLeft,CATG,100.00,C,1,run-08-30sec,901
B1e,B1e_shiftLeftAssignment,CATG,100.00,C,1,run-08-30sec,901
B1e,B1e_shiftRight,CATG,100.00,C,1,run-08-30sec,905
B1e,B1e_shiftRightAssignment,CATG,100.00,C,1,run-08-30sec,905
B1e,B1e_shiftRightUnsigned,CATG,100.00,C,1,run-08-30sec,901
B1e,B1e_shiftRightUnsignedAssignment,CATG,100.00,C,1,run-08-30sec,902
B1e,B1e_xor,CATG,100.00,C,1,run-08-30sec,901
B1e,B1e_xorAssignment,CATG,100.00,C,1,run-08-30sec,902
B2a,B2a_oneParamBoolean,CATG,100.00,C,2,run-08-30sec,2005
B2a,B2a_oneParamDouble,CATG,,N/A,,run-08-30sec,
B2a,B2a_oneParamInt,CATG,100.00,C,4,run-08-30sec,3909
B2a,B2a_twoParamsBoolean,CATG,72.73,C,4,run-08-30sec,4107
B2a,B2a_twoParamsDouble,CATG,,N/A,,run-08-30sec,
B2a,B2a_twoParamsInt,CATG,84.62,C,7,run-08-30sec,7315
B2b,B2b_oneParamBoolean,CATG,100.00,C,2,run-08-30sec,1904
B2b,B2b_oneParamInt,CATG,100.00,C,2,run-08-30sec,1802
B2b,B2b_twoParamsBoolean,CATG,100.00,C,3,run-08-30sec,3007
B2b,B2b_twoParamsInt,CATG,100.00,C,3,run-08-30sec,3006
B2c,B2c_missingBreaks,CATG,,EX,,run-08-30sec,902
B2c,B2c_simple,CATG,,EX,,run-08-30sec,902
B2c,B2c_withReturn,CATG,,EX,,run-08-30sec,902
B2d,B2d_oneParamDouble,CATG,,N/A,,run-08-30sec,
B2d,B2d_oneParamFloat,CATG,,N/A,,run-08-30sec,
B2d,B2d_oneParamInt,CATG,100.00,C,2,run-08-30sec,2003
B2d,B2d_oneParamIntNoSolution,CATG,66.67,C,1,run-08-30sec,1102
B2d,B2d_quadraticDouble,CATG,,N/A,,run-08-30sec,
B2d,B2d_quadraticDoubleNoSolution,CATG,,N/A,,run-08-30sec,
B2d,B2d_quadraticFloat,CATG,,N/A,,run-08-30sec,
B2d,B2d_quadraticFloatNoSolution,CATG,,N/A,,run-08-30sec,
B2d,B2d_quadraticInt,CATG,80.00,NC,1,run-08-30sec,1103
B2d,B2d_quadraticIntNoSolution,CATG,,EX,,run-08-30sec,2204
B2d,B2d_threeParamsDouble,CATG,,N/A,,run-08-30sec,
B2d,B2d_threeParamsFloat,CATG,,N/A,,run-08-30sec,
B2d,B2d_threeParamsInt,CATG,100.00,C,4,run-08-30sec,4217
B2d,B2d_threeParamsIntNoSolution,CATG,83.33,C,3,run-08-30sec,3306
B2d,B2d_twoParamsDouble,CATG,,N/A,,run-08-30sec,
B2d,B2d_twoParamsFloat,CATG,,N/A,,run-08-30sec,
B2d,B2d_twoParamsInt,CATG,100.00,C,3,run-08-30sec,3106
B2d,B2d_twoParamsIntNoSolution,CATG,80.00,C,2,run-08-30sec,2002
B3a,B3a_complex,CATG,,T/M,,run-08-30sec,30195
B3a,B3a_infinite,CATG,,T/M,,run-08-30sec,30144
B3a,B3a_infiniteNotOptimalizable,CATG,,T/M,,run-08-30sec,30143
B3a,B3a_nestedLoop,CATG,,T/M,,run-08-30sec,30134
B3a,B3a_nestedLoopWithLabel,CATG,,T/M,,run-08-30sec,30139
B3a,B3a_withConditionAndLimit,CATG,100.00,C,12,run-08-30sec,12428
B3a,B3a_withConditionNoLimit,CATG,,T/M,,run-08-30sec,30165
B3a,B3a_withContinueBreak,CATG,,T/M,,run-08-30sec,30158
B3a,B3a_withLimit,CATG,100.00,C,12,run-08-30sec,12320
B3b,B3b_complex,CATG,,T/M,,run-08-30sec,30143
B3b,B3b_infinite,CATG,,T/M,,run-08-30sec,30138
B3b,B3b_infiniteNotOptimalizable,CATG,,T/M,,run-08-30sec,30176
B3b,B3b_nestedLoop,CATG,,T/M,,run-08-30sec,30136
B3b,B3b_nestedLoopWithLabel,CATG,,T/M,,run-08-30sec,30184
B3b,B3b_withConditionAndLimit,CATG,100.00,C,12,run-08-30sec,12530
B3b,B3b_withConditionNoLimit,CATG,,T/M,,run-08-30sec,30157
B3b,B3b_withContinueBreak,CATG,,T/M,,run-08-30sec,30174
B3b,B3b_withLimit,CATG,100.00,C,12,run-08-30sec,12231
B3c,B3c_complex,CATG,,T/M,,run-08-30sec,30146
B3c,B3c_infinite,CATG,,T/M,,run-08-30sec,30108
B3c,B3c_infiniteNotOptimalizable,CATG,,T/M,,run-08-30sec,30138
B3c,B3c_nestedLoop,CATG,,T/M,,run-08-30sec,30155
B3c,B3c_nestedLoopWithLabel,CATG,,T/M,,run-08-30sec,30132
B3c,B3c_withConditionAndLimit,CATG,100.00,C,11,run-08-30sec,12650
B3c,B3c_withConditionNoLimit,CATG,,T/M,,run-08-30sec,30134
B3c,B3c_withContinueBreak,CATG,,T/M,,run-08-30sec,30168
B3c,B3c_withLimit,CATG,100.00,C,11,run-08-30sec,11221
B4a,B4a_fromParams,CATG,100.00,C,4,run-08-30sec,4211
B4a,B4a_fromParamsWithIndex,CATG,100.00,C,6,run-08-30sec,6413
B4a,B4a_guessLength,CATG,100.00,C,2,run-08-30sec,2005
B4a,B4a_guessOneArray,CATG,,N/A,,run-08-30sec,
B4a,B4a_guessOneArrayWithLength,CATG,,N/A,,run-08-30sec,
B4a,B4a_indexParam,CATG,83.33,NC,3,run-08-30sec,3006
B4a,B4a_iterateWithFor,CATG,,N/A,,run-08-30sec,
B4a,B4a_iterateWithForeach,CATG,,N/A,,run-08-30sec,
B4a,B4a_twoArrays,CATG,,N/A,,run-08-30sec,
B4b,B4b_fromParams,CATG,100.00,C,4,run-08-30sec,4205
B4b,B4b_fromParamsWithIndex,CATG,,EX,,run-08-30sec,3106
B4b,B4b_guessLength,CATG,100.00,C,2,run-08-30sec,2004
B4b,B4b_guessOneArray,CATG,,N/A,,run-08-30sec,
B4b,B4b_guessOneArrayWithLength,CATG,,N/A,,run-08-30sec,
B4b,B4b_indexParam,CATG,75.00,NC,1,run-08-30sec,903
B4b,B4b_iterateWithFor,CATG,,N/A,,run-08-30sec,
B4b,B4b_iterateWithForeach,CATG,,N/A,,run-08-30sec,
B4b,B4b_twoArrays,CATG,,N/A,,run-08-30sec,
B5a1,B5a1_conditionalCall,CATG,100.00,C,8,run-08-30sec,8834
B5a1,B5a1_simple,CATG,100.00,C,7,run-08-30sec,7112
B5a1,B5a1_useReturnValue,CATG,100.00,C,7,run-08-30sec,7212
B5a2,B5a2_conditionalCall,CATG,100.00,C,8,run-08-30sec,8723
B5a2,B5a2_simple,CATG,100.00,C,7,run-08-30sec,7221
B5a2,B5a2_useReturnValue,CATG,100.00,C,7,run-08-30sec,7310
B5b1,B5b1_fibonacci,CATG,100.00,C,12,run-08-30sec,21371
B5b1,B5b1_simple,CATG,100.00,C,1,run-08-30sec,901
B5b2,B5b2_fibonacci,CATG,,T/M,,run-08-30sec,30175
B5b2,B5b2_simple,CATG,100.00,C,1,run-08-30sec,901
B6a,B6a_always,CATG,,EX,,run-08-30sec,801
B6a,B6a_call,CATG,,EX,,run-08-30sec,7218
B6a,B6a_conditionalAndLoop,CATG,,EX,,run-08-30sec,12235
B6a,B6a_recursive,CATG,100.00,C,1,run-08-30sec,901
B6a,B6a_tryCatch,CATG,,EX,,run-08-30sec,7318
B6a,B6a_tryCatchFinally,CATG,,EX,,run-08-30sec,22253
B6b,B6b_always,CATG,,EX,,run-08-30sec,802
B6b,B6b_call,CATG,,EX,,run-08-30sec,7210
B6b,B6b_conditionalAndLoop,CATG,,EX,,run-08-30sec,12232
B6b,B6b_recursive,CATG,100.00,C,1,run-08-30sec,902
B6b,B6b_tryCatch,CATG,,EX,,run-08-30sec,7314
B6b,B6b_tryCatchFinally,CATG,,EX,,run-08-30sec,22242
B6c,B6c_arithmeticException,CATG,,EX,,run-08-30sec,2004
B6c,B6c_arrayIndexOutOfBoundsException,CATG,,EX,,run-08-30sec,2004
B6c,B6c_classCastException,CATG,,EX,,run-08-30sec,2003
B6c,B6c_illegalArgumentException,CATG,,EX,,run-08-30sec,2008
B6c,B6c_illegalStateException,CATG,,EX,,run-08-30sec,1906
B6c,B6c_indexOutOfBoundsException,CATG,,EX,,run-08-30sec,2006
B6c,B6c_nullPointerException,CATG,,EX,,run-08-30sec,1906
B6c,B6c_securityException,CATG,,EX,,run-08-30sec,1915
B6c,B6c_unsupportedOperationException,CATG,,EX,,run-08-30sec,1903
S1,S1_returnStructure,CATG,,N/A,,run-08-30sec,
S1,S1_returnStructureParams,CATG,100.00,C,1,run-08-30sec,1001
S1,S1_useStructure,CATG,,N/A,,run-08-30sec,
S1,S1_useStructureParams,CATG,100.00,C,1,run-08-30sec,908
S2,S2_oneStructure,CATG,,N/A,,run-08-30sec,
S2,S2_oneStructureParams,CATG,100.00,C,7,run-08-30sec,7714
S2,S2_twoStructures,CATG,,N/A,,run-08-30sec,
S2,S2_twoStructuresParams,CATG,100.00,C,7,run-08-30sec,7718
S3,S3_arrayOfStructures,CATG,,N/A,,run-08-30sec,
S3,S3_arrayOfStructuresParams,CATG,,N/A,,run-08-30sec,
S3,S3_noLimit,CATG,,N/A,,run-08-30sec,
S3,S3_noLimitParams,CATG,,T/M,,run-08-30sec,30133
S3,S3_withLimit,CATG,,N/A,,run-08-30sec,
S3,S3_withLimitParams,CATG,88.89,NC,12,run-08-30sec,13276
S4,S4_guess,CATG,,N/A,,run-08-30sec,
S4,S4_guessCoordinates,CATG,,N/A,,run-08-30sec,
S4,S4_guessParams,CATG,100.00,C,9,run-08-30sec,9818
O1,O1_fullCoverage,CATG,,N/A,,run-08-30sec,
O1,O1_guessImpossibleObject,CATG,,N/A,,run-08-30sec,
O1,O1_guessImpossibleOperationCount,CATG,,N/A,,run-08-30sec,
O1,O1_guessImpossibleOperationCountParams,CATG,,T/M,,run-08-30sec,30162
O1,O1_guessImpossibleResult,CATG,,N/A,,run-08-30sec,
O1,O1_guessImpossibleResultAndOperationCount,CATG,,N/A,,run-08-30sec,
O1,O1_guessImpossibleResultAndOperationCountParams,CATG,,T/M,,run-08-30sec,30119
O1,O1_guessImpossibleResultParams,CATG,,T/M,,run-08-30sec,30172
O1,O1_guessObject,CATG,,N/A,,run-08-30sec,
O1,O1_guessOperationCount,CATG,,N/A,,run-08-30sec,
O1,O1_guessOperationCountParams,CATG,,T/M,,run-08-30sec,30165
O1,O1_guessResult,CATG,,N/A,,run-08-30sec,
O1,O1_guessResultAndOperationCount,CATG,,N/A,,run-08-30sec,
O1,O1_guessResultAndOperationCountParams,CATG,,T/M,,run-08-30sec,30138
O1,O1_guessResultParams,CATG,100.00,C,16,run-08-30sec,17637
O1,O1_oneOperationNoCheck,CATG,,N/A,,run-08-30sec,
O1,O1_oneOperationParams,CATG,100.00,C,2,run-08-30sec,2010
O1,O1_oneOperationWithCheck,CATG,,N/A,,run-08-30sec,
O1,O1_twoOperationsParams,CATG,100.00,C,4,run-08-30sec,4307
O1,O1_twoOperationsWithCheck,CATG,,N/A,,run-08-30sec,
O1,O1_twoOperationsWithNocheck,CATG,,N/A,,run-08-30sec,
O2,O2_guessResult,CATG,,N/A,,run-08-30sec,
O2,O2_guessResultParams,CATG,100.00,C,16,run-08-30sec,17643
O3a,O3a_guessResult,CATG,,N/A,,run-08-30sec,
O3a,O3a_guessResultParams,CATG,100.00,C,16,run-08-30sec,17529
O3b,O3b_guess,CATG,,N/A,,run-08-30sec,
O3b,O3b_guessImpossible,CATG,,N/A,,run-08-30sec,
O3b,O3b_validate,CATG,,N/A,,run-08-30sec,
O3c,O3c_guess,CATG,,N/A,,run-08-30sec,
O3c,O3c_guessImpossible,CATG,,N/A,,run-08-30sec,
O3c,O3c_validate,CATG,,N/A,,run-08-30sec,
O4,O4_guessImpossible,CATG,,N/A,,run-08-30sec,
O4,O4_guessImpossibleParams,CATG,87.50,C,8,run-08-30sec,9022
O4,O4_guessResult,CATG,,N/A,,run-08-30sec,
O4,O4_guessResultParams,CATG,93.75,C,15,run-08-30sec,16734
G1,G1_guessType,CATG,,N/A,,run-08-30sec,
G1,G1_guessTypeAndUse,CATG,,N/A,,run-08-30sec,
G1,G1_guessTypeWithExtends,CATG,,N/A,,run-08-30sec,
G1,G1_guessTypeWithExtendsAndUse,CATG,,N/A,,run-08-30sec,
G2,G2_guessDescendant,CATG,,N/A,,run-08-30sec,
G2,G2_guessImpossible,CATG,,N/A,,run-08-30sec,
G2,G2_guessInteger,CATG,,N/A,,run-08-30sec,
G2,G2_guessIntegerNoHelp,CATG,,N/A,,run-08-30sec,
G2,G2_guessSafe,CATG,,N/A,,run-08-30sec,
G2,G2_guessSafeNoHelp,CATG,,N/A,,run-08-30sec,
L1,L1_abs,CATG,66.67,NC,1,run-08-30sec,901
L1,L1_absImpossible,CATG,66.67,C,1,run-08-30sec,901
L1,L1_cbrt,CATG,,N/A,,run-08-30sec,
L1,L1_cos,CATG,,N/A,,run-08-30sec,
L1,L1_cosImpossible,CATG,,N/A,,run-08-30sec,
L1,L1_log10GuessArgument,CATG,,N/A,,run-08-30sec,
L1,L1_logGuessArgument,CATG,,N/A,,run-08-30sec,
L1,L1_logGuessBase,CATG,,N/A,,run-08-30sec,
L1,L1_logGuessBaseAndArgument,CATG,,N/A,,run-08-30sec,
L1,L1_minMax,CATG,66.67,NC,1,run-08-30sec,902
L1,L1_minMaxImpossible,CATG,66.67,C,1,run-08-30sec,901
L1,L1_minMaxWithOrder,CATG,66.67,NC,1,run-08-30sec,902
L1,L1_powGuessBase,CATG,,N/A,,run-08-30sec,
L1,L1_powGuessBaseAndExponent,CATG,,N/A,,run-08-30sec,
L1,L1_powGuessExponent,CATG,,N/A,,run-08-30sec,
L1,L1_sin,CATG,,N/A,,run-08-30sec,
L1,L1_sinImpossible,CATG,,N/A,,run-08-30sec,
L1,L1_sqrt,CATG,,N/A,,run-08-30sec,
L1,L1_sqrtImpossible,CATG,,N/A,,run-08-30sec,
L1,L1_tan,CATG,,N/A,,run-08-30sec,
L2,L2_add,CATG,57.14,NC,1,run-08-30sec,904
L2,L2_addWithCondition,CATG,53.85,NC,1,run-08-30sec,901
L2,L2_charAt,CATG,,EX,,run-08-30sec,801
L2,L2_compareTo,CATG,55.56,NC,1,run-08-30sec,901
L2,L2_compareToIgnoreCase,CATG,55.56,NC,1,run-08-30sec,901
L2,L2_equality,CATG,77.78,NC,3,run-08-30sec,2804
L2,L2_equalityIgnoreCase,CATG,55.56,NC,1,run-08-30sec,901
L2,L2_indexOf,CATG,50.00,NC,1,run-08-30sec,903
L2,L2_length,CATG,57.14,NC,1,run-08-30sec,901
L2,L2_regionEquality,CATG,50.00,NC,1,run-08-30sec,905
L2,L2_startsEnds,CATG,42.86,NC,1,run-08-30sec,901
L2,L2_substring,CATG,,EX,,run-08-30sec,901
L2,L2_switchString,CATG,,N/A,,run-08-30sec,
L3,L3_guessDouble,CATG,,N/A,,run-08-30sec,
L3,L3_guessInteger,CATG,100.00,C,3,run-08-30sec,2905
L3,L3_integerOverflow,CATG,100.00,C,3,run-08-30sec,3011
L4,L4_guessElementAndIndex,CATG,,EX,,run-08-30sec,2005
L4,L4_guessElements,CATG,100.00,C,3,run-08-30sec,3109
L4,L4_guessGenericListWithElement,CATG,,N/A,,run-08-30sec,
L4,L4_guessGenericListWithSize,CATG,,N/A,,run-08-30sec,
L4,L4_guessGenericVectorWithElement,CATG,,N/A,,run-08-30sec,
L4,L4_guessGenericVectorWithSize,CATG,,N/A,,run-08-30sec,
L4,L4_guessIndices,CATG,88.89,NC,1,run-08-30sec,1001
L4,L4_guessListWithSize,CATG,,N/A,,run-08-30sec,
L4,L4_guessSize,CATG,100.00,C,2,run-08-30sec,2003
L4,L4_guessSizeAndElements,CATG,100.00,C,4,run-08-30sec,4214
L4,L4_guessVectorWithSize,CATG,,N/A,,run-08-30sec,
LO,LO_associatesAPIGuessDate,CATG,43.75,NC,1,run-08-30sec,901
LO,LO_associatesAPIGuessValidDateFormat,CATG,50.00,NC,1,run-08-30sec,901
LO,LO_guessUUID,CATG,33.33,NC,1,run-08-30sec,902
LO,LO_guessValidUUID,CATG,50.00,NC,1,run-08-30sec,901
LO,LO_inheritsAPIGuessOneObject,CATG,,N/A,,run-08-30sec,
LO,LO_inheritsAPIGuessOnePrimitive,CATG,,EX,,run-08-30sec,4108
LO,LO_inheritsAPIGuessTwoObjects,CATG,,N/A,,run-08-30sec,
LO,LO_inheritsAPIGuessTwoPrimitives,CATG,,EX,,run-08-30sec,7417
LO,LO_regexCaseInsensitive,CATG,71.43,NC,1,run-08-30sec,901
LO,LO_regexCaseSensitive,CATG,60.00,NC,1,run-08-30sec,901
Others,Others_guess,CATG,,N/A,,run-08-30sec,
Others,Others_guessEnum,CATG,,N/A,,run-08-30sec,
Others,Others_guessEnumOrdinal,CATG,,N/A,,run-08-30sec,
Others,Others_guessEnumString,CATG,,N/A,,run-08-30sec,
Others,Others_guessWithLength,CATG,,N/A,,run-08-30sec,
Others,Others_iterateWithFor,CATG,,N/A,,run-08-30sec,
Others,Others_iterateWithForeach,CATG,,N/A,,run-08-30sec,
Others,Others_minMax,CATG,,N/A,,run-08-30sec,902
Others,Others_minMaxImpossible,CATG,,N/A,,run-08-30sec,902
Others,Others_minMaxWithOrder,CATG,,N/A,,run-08-30sec,901
Others,Others_switchEnum,CATG,,N/A,,run-08-30sec,
Others,Others_test,CATG,100.00,C,2,run-08-30sec,2003
B1a,B1a_oneParamBoolean,CATG,100.00,C,2,run-09-30sec,1903
B1a,B1a_oneParamByte,CATG,100.00,C,1,run-09-30sec,901
B1a,B1a_oneParamChar,CATG,100.00,C,1,run-09-30sec,902
B1a,B1a_oneParamDouble,CATG,,N/A,,run-09-30sec,
B1a,B1a_oneParamFloat,CATG,,N/A,,run-09-30sec,
B1a,B1a_oneParamInt,CATG,100.00,C,1,run-09-30sec,901
B1a,B1a_oneParamLong,CATG,100.00,C,1,run-09-30sec,902
B1a,B1a_oneParamShort,CATG,100.00,C,1,run-09-30sec,902
B1a,B1a_twoParamBoolean,CATG,100.00,C,1,run-09-30sec,1002
B1a,B1a_twoParamByte,CATG,100.00,C,1,run-09-30sec,901
B1a,B1a_twoParamChar,CATG,100.00,C,1,run-09-30sec,902
B1a,B1a_twoParamDouble,CATG,,N/A,,run-09-30sec,
B1a,B1a_twoParamFloat,CATG,,N/A,,run-09-30sec,
B1a,B1a_twoParamInt,CATG,100.00,C,1,run-09-30sec,902
B1a,B1a_twoParamLong,CATG,100.00,C,1,run-09-30sec,901
B1a,B1a_twoParamShort,CATG,100.00,C,1,run-09-30sec,901
B1b,B1b_constBoolean,CATG,100.00,C,1,run-09-30sec,801
B1b,B1b_constByte,CATG,100.00,C,1,run-09-30sec,835
B1b,B1b_constChar,CATG,100.00,C,1,run-09-30sec,801
B1b,B1b_constDouble,CATG,100.00,C,1,run-09-30sec,801
B1b,B1b_constFloat,CATG,100.00,C,1,run-09-30sec,801
B1b,B1b_constInt,CATG,100.00,C,1,run-09-30sec,801
B1b,B1b_constLong,CATG,100.00,C,1,run-09-30sec,801
B1b,B1b_constShort,CATG,100.00,C,1,run-09-30sec,801
B1c,B1c_add,CATG,100.00,C,1,run-09-30sec,902
B1c,B1c_addAssignment,CATG,100.00,C,1,run-09-30sec,901
B1c,B1c_divide,CATG,100.00,C,1,run-09-30sec,902
B1c,B1c_divideAssignment,CATG,100.00,C,1,run-09-30sec,1419
B1c,B1c_modulo,CATG,100.00,C,1,run-09-30sec,901
B1c,B1c_moduloAssignment,CATG,100.00,C,1,run-09-30sec,904
B1c,B1c_multiply,CATG,100.00,C,1,run-09-30sec,901
B1c,B1c_multiplyAssignment,CATG,100.00,C,1,run-09-30sec,901
B1c,B1c_postfixMinusMinus,CATG,100.00,C,1,run-09-30sec,903
B1c,B1c_postfixPlusplus,CATG,100.00,C,1,run-09-30sec,1309
B1c,B1c_substract,CATG,100.00,C,1,run-09-30sec,901
B1c,B1c_substractAssignment,CATG,100.00,C,1,run-09-30sec,902
B1c,B1c_unaryMinus,CATG,100.00,C,1,run-09-30sec,901
B1c,B1c_unaryMinusMinus,CATG,100.00,C,1,run-09-30sec,901
B1c,B1c_unaryPlus,CATG,100.00,C,1,run-09-30sec,902
B1c,B1c_unaryPlusPlus,CATG,100.00,C,1,run-09-30sec,948
B1d,B1d_and,CATG,100.00,C,3,run-09-30sec,3007
B1d,B1d_equal,CATG,100.00,C,2,run-09-30sec,1907
B1d,B1d_greater,CATG,100.00,C,2,run-09-30sec,1903
B1d,B1d_greaterOrEqual,CATG,100.00,C,2,run-09-30sec,1904
B1d,B1d_negate,CATG,100.00,C,2,run-09-30sec,1905
B1d,B1d_notEqual,CATG,100.00,C,2,run-09-30sec,1903
B1d,B1d_or,CATG,100.00,C,3,run-09-30sec,3007
B1d,B1d_smaller,CATG,100.00,C,2,run-09-30sec,1903
B1d,B1d_smallerOrEqual,CATG,100.00,C,2,run-09-30sec,1903
B1e,B1e_and,CATG,100.00,C,1,run-09-30sec,903
B1e,B1e_andAssignment,CATG,100.00,C,1,run-09-30sec,901
B1e,B1e_negate,CATG,100.00,C,1,run-09-30sec,901
B1e,B1e_or,CATG,100.00,C,1,run-09-30sec,902
B1e,B1e_orAssignment,CATG,100.00,C,1,run-09-30sec,905
B1e,B1e_shiftLeft,CATG,100.00,C,1,run-09-30sec,903
B1e,B1e_shiftLeftAssignment,CATG,100.00,C,1,run-09-30sec,906
B1e,B1e_shiftRight,CATG,100.00,C,1,run-09-30sec,902
B1e,B1e_shiftRightAssignment,CATG,100.00,C,1,run-09-30sec,801
B1e,B1e_shiftRightUnsigned,CATG,100.00,C,1,run-09-30sec,901
B1e,B1e_shiftRightUnsignedAssignment,CATG,100.00,C,1,run-09-30sec,901
B1e,B1e_xor,CATG,100.00,C,1,run-09-30sec,901
B1e,B1e_xorAssignment,CATG,100.00,C,1,run-09-30sec,903
B2a,B2a_oneParamBoolean,CATG,100.00,C,2,run-09-30sec,1909
B2a,B2a_oneParamDouble,CATG,,N/A,,run-09-30sec,
B2a,B2a_oneParamInt,CATG,100.00,C,4,run-09-30sec,3909
B2a,B2a_twoParamsBoolean,CATG,72.73,C,4,run-09-30sec,4109
B2a,B2a_twoParamsDouble,CATG,,N/A,,run-09-30sec,
B2a,B2a_twoParamsInt,CATG,84.62,C,7,run-09-30sec,7320
B2b,B2b_oneParamBoolean,CATG,100.00,C,2,run-09-30sec,1903
B2b,B2b_oneParamInt,CATG,100.00,C,2,run-09-30sec,1906
B2b,B2b_twoParamsBoolean,CATG,100.00,C,3,run-09-30sec,3008
B2b,B2b_twoParamsInt,CATG,100.00,C,3,run-09-30sec,2905
B2c,B2c_missingBreaks,CATG,,EX,,run-09-30sec,901
B2c,B2c_simple,CATG,,EX,,run-09-30sec,901
B2c,B2c_withReturn,CATG,,EX,,run-09-30sec,901
B2d,B2d_oneParamDouble,CATG,,N/A,,run-09-30sec,
B2d,B2d_oneParamFloat,CATG,,N/A,,run-09-30sec,
B2d,B2d_oneParamInt,CATG,100.00,C,2,run-09-30sec,2003
B2d,B2d_oneParamIntNoSolution,CATG,66.67,C,1,run-09-30sec,1101
B2d,B2d_quadraticDouble,CATG,,N/A,,run-09-30sec,
B2d,B2d_quadraticDoubleNoSolution,CATG,,N/A,,run-09-30sec,
B2d,B2d_quadraticFloat,CATG,,N/A,,run-09-30sec,
B2d,B2d_quadraticFloatNoSolution,CATG,,N/A,,run-09-30sec,
B2d,B2d_quadraticInt,CATG,80.00,NC,1,run-09-30sec,1105
B2d,B2d_quadraticIntNoSolution,CATG,,EX,,run-09-30sec,2207
B2d,B2d_threeParamsDouble,CATG,,N/A,,run-09-30sec,
B2d,B2d_threeParamsFloat,CATG,,N/A,,run-09-30sec,
B2d,B2d_threeParamsInt,CATG,100.00,C,4,run-09-30sec,4208
B2d,B2d_threeParamsIntNoSolution,CATG,83.33,C,3,run-09-30sec,3306
B2d,B2d_twoParamsDouble,CATG,,N/A,,run-09-30sec,
B2d,B2d_twoParamsFloat,CATG,,N/A,,run-09-30sec,
B2d,B2d_twoParamsInt,CATG,100.00,C,3,run-09-30sec,3106
B2d,B2d_twoParamsIntNoSolution,CATG,80.00,C,2,run-09-30sec,2003
B3a,B3a_complex,CATG,,T/M,,run-09-30sec,30173
B3a,B3a_infinite,CATG,,T/M,,run-09-30sec,30148
B3a,B3a_infiniteNotOptimalizable,CATG,,T/M,,run-09-30sec,30136
B3a,B3a_nestedLoop,CATG,,T/M,,run-09-30sec,30145
B3a,B3a_nestedLoopWithLabel,CATG,,T/M,,run-09-30sec,30176
B3a,B3a_withConditionAndLimit,CATG,100.00,C,12,run-09-30sec,12435
B3a,B3a_withConditionNoLimit,CATG,,T/M,,run-09-30sec,30185
B3a,B3a_withContinueBreak,CATG,,T/M,,run-09-30sec,30172
B3a,B3a_withLimit,CATG,100.00,C,12,run-09-30sec,12238
B3b,B3b_complex,CATG,,T/M,,run-09-30sec,30142
B3b,B3b_infinite,CATG,,T/M,,run-09-30sec,30136
B3b,B3b_infiniteNotOptimalizable,CATG,,T/M,,run-09-30sec,30157
B3b,B3b_nestedLoop,CATG,,T/M,,run-09-30sec,30163
B3b,B3b_nestedLoopWithLabel,CATG,,T/M,,run-09-30sec,30176
B3b,B3b_withConditionAndLimit,CATG,100.00,C,12,run-09-30sec,12430
B3b,B3b_withConditionNoLimit,CATG,,T/M,,run-09-30sec,30107
B3b,B3b_withContinueBreak,CATG,,T/M,,run-09-30sec,30167
B3b,B3b_withLimit,CATG,100.00,C,12,run-09-30sec,12223
B3c,B3c_complex,CATG,,T/M,,run-09-30sec,30121
B3c,B3c_infinite,CATG,,T/M,,run-09-30sec,30135
B3c,B3c_infiniteNotOptimalizable,CATG,,T/M,,run-09-30sec,30156
B3c,B3c_nestedLoop,CATG,,T/M,,run-09-30sec,30101
B3c,B3c_nestedLoopWithLabel,CATG,,T/M,,run-09-30sec,30134
B3c,B3c_withConditionAndLimit,CATG,100.00,C,11,run-09-30sec,12650
B3c,B3c_withConditionNoLimit,CATG,,T/M,,run-09-30sec,30142
B3c,B3c_withContinueBreak,CATG,,T/M,,run-09-30sec,30168
B3c,B3c_withLimit,CATG,100.00,C,11,run-09-30sec,11118
B4a,B4a_fromParams,CATG,100.00,C,4,run-09-30sec,4211
B4a,B4a_fromParamsWithIndex,CATG,100.00,C,6,run-09-30sec,6408
B4a,B4a_guessLength,CATG,100.00,C,2,run-09-30sec,1908
B4a,B4a_guessOneArray,CATG,,N/A,,run-09-30sec,
B4a,B4a_guessOneArrayWithLength,CATG,,N/A,,run-09-30sec,
B4a,B4a_indexParam,CATG,83.33,NC,3,run-09-30sec,2904
B4a,B4a_iterateWithFor,CATG,,N/A,,run-09-30sec,
B4a,B4a_iterateWithForeach,CATG,,N/A,,run-09-30sec,
B4a,B4a_twoArrays,CATG,,N/A,,run-09-30sec,
B4b,B4b_fromParams,CATG,100.00,C,4,run-09-30sec,4209
B4b,B4b_fromParamsWithIndex,CATG,,EX,,run-09-30sec,3108
B4b,B4b_guessLength,CATG,100.00,C,2,run-09-30sec,2004
B4b,B4b_guessOneArray,CATG,,N/A,,run-09-30sec,
B4b,B4b_guessOneArrayWithLength,CATG,,N/A,,run-09-30sec,
B4b,B4b_indexParam,CATG,75.00,NC,1,run-09-30sec,1001
B4b,B4b_iterateWithFor,CATG,,N/A,,run-09-30sec,
B4b,B4b_iterateWithForeach,CATG,,N/A,,run-09-30sec,
B4b,B4b_twoArrays,CATG,,N/A,,run-09-30sec,
B5a1,B5a1_conditionalCall,CATG,100.00,C,8,run-09-30sec,8714
B5a1,B5a1_simple,CATG,100.00,C,7,run-09-30sec,7211
B5a1,B5a1_useReturnValue,CATG,100.00,C,7,run-09-30sec,7219
B5a2,B5a2_conditionalCall,CATG,100.00,C,8,run-09-30sec,9752
B5a2,B5a2_simple,CATG,100.00,C,7,run-09-30sec,7213
B5a2,B5a2_useReturnValue,CATG,100.00,C,7,run-09-30sec,7314
B5b1,B5b1_fibonacci,CATG,100.00,C,12,run-09-30sec,21656
B5b1,B5b1_simple,CATG,100.00,C,1,run-09-30sec,901
B5b2,B5b2_fibonacci,CATG,,T/M,,run-09-30sec,30144
B5b2,B5b2_simple,CATG,100.00,C,1,run-09-30sec,1034
B6a,B6a_always,CATG,,EX,,run-09-30sec,801
B6a,B6a_call,CATG,,EX,,run-09-30sec,7310
B6a,B6a_conditionalAndLoop,CATG,,EX,,run-09-30sec,12225
B6a,B6a_recursive,CATG,100.00,C,1,run-09-30sec,901
B6a,B6a_tryCatch,CATG,,EX,,run-09-30sec,7419
B6a,B6a_tryCatchFinally,CATG,,EX,,run-09-30sec,22048
B6b,B6b_always,CATG,,EX,,run-09-30sec,801
B6b,B6b_call,CATG,,EX,,run-09-30sec,7216
B6b,B6b_conditionalAndLoop,CATG,,EX,,run-09-30sec,12324
B6b,B6b_recursive,CATG,100.00,C,1,run-09-30sec,902
B6b,B6b_tryCatch,CATG,,EX,,run-09-30sec,7311
B6b,B6b_tryCatchFinally,CATG,,EX,,run-09-30sec,22141
B6c,B6c_arithmeticException,CATG,,EX,,run-09-30sec,1903
B6c,B6c_arrayIndexOutOfBoundsException,CATG,,EX,,run-09-30sec,2002
B6c,B6c_classCastException,CATG,,EX,,run-09-30sec,1905
B6c,B6c_illegalArgumentException,CATG,,EX,,run-09-30sec,2004
B6c,B6c_illegalStateException,CATG,,EX,,run-09-30sec,2006
B6c,B6c_indexOutOfBoundsException,CATG,,EX,,run-09-30sec,2005
B6c,B6c_nullPointerException,CATG,,EX,,run-09-30sec,1905
B6c,B6c_securityException,CATG,,EX,,run-09-30sec,2005
B6c,B6c_unsupportedOperationException,CATG,,EX,,run-09-30sec,1902
S1,S1_returnStructure,CATG,,N/A,,run-09-30sec,
S1,S1_returnStructureParams,CATG,100.00,C,1,run-09-30sec,901
S1,S1_useStructure,CATG,,N/A,,run-09-30sec,
S1,S1_useStructureParams,CATG,100.00,C,1,run-09-30sec,902
S2,S2_oneStructure,CATG,,N/A,,run-09-30sec,
S2,S2_oneStructureParams,CATG,100.00,C,7,run-09-30sec,7610
S2,S2_twoStructures,CATG,,N/A,,run-09-30sec,
S2,S2_twoStructuresParams,CATG,100.00,C,7,run-09-30sec,7712
S3,S3_arrayOfStructures,CATG,,N/A,,run-09-30sec,
S3,S3_arrayOfStructuresParams,CATG,,N/A,,run-09-30sec,
S3,S3_noLimit,CATG,,N/A,,run-09-30sec,
S3,S3_noLimitParams,CATG,,T/M,,run-09-30sec,30187
S3,S3_withLimit,CATG,,N/A,,run-09-30sec,
S3,S3_withLimitParams,CATG,88.89,NC,12,run-09-30sec,13230
S4,S4_guess,CATG,,N/A,,run-09-30sec,
S4,S4_guessCoordinates,CATG,,N/A,,run-09-30sec,
S4,S4_guessParams,CATG,100.00,C,9,run-09-30sec,9918
O1,O1_fullCoverage,CATG,,N/A,,run-09-30sec,
O1,O1_guessImpossibleObject,CATG,,N/A,,run-09-30sec,
O1,O1_guessImpossibleOperationCount,CATG,,N/A,,run-09-30sec,
O1,O1_guessImpossibleOperationCountParams,CATG,,T/M,,run-09-30sec,30131
O1,O1_guessImpossibleResult,CATG,,N/A,,run-09-30sec,
O1,O1_guessImpossibleResultAndOperationCount,CATG,,N/A,,run-09-30sec,
O1,O1_guessImpossibleResultAndOperationCountParams,CATG,,T/M,,run-09-30sec,30159
O1,O1_guessImpossibleResultParams,CATG,,T/M,,run-09-30sec,30161
O1,O1_guessObject,CATG,,N/A,,run-09-30sec,
O1,O1_guessOperationCount,CATG,,N/A,,run-09-30sec,
O1,O1_guessOperationCountParams,CATG,,T/M,,run-09-30sec,30142
O1,O1_guessResult,CATG,,N/A,,run-09-30sec,
O1,O1_guessResultAndOperationCount,CATG,,N/A,,run-09-30sec,
O1,O1_guessResultAndOperationCountParams,CATG,,T/M,,run-09-30sec,30172
O1,O1_guessResultParams,CATG,100.00,C,16,run-09-30sec,17643
O1,O1_oneOperationNoCheck,CATG,,N/A,,run-09-30sec,
O1,O1_oneOperationParams,CATG,100.00,C,2,run-09-30sec,2004
O1,O1_oneOperationWithCheck,CATG,,N/A,,run-09-30sec,
O1,O1_twoOperationsParams,CATG,100.00,C,4,run-09-30sec,4313
O1,O1_twoOperationsWithCheck,CATG,,N/A,,run-09-30sec,
O1,O1_twoOperationsWithNocheck,CATG,,N/A,,run-09-30sec,
O2,O2_guessResult,CATG,,N/A,,run-09-30sec,
O2,O2_guessResultParams,CATG,100.00,C,16,run-09-30sec,17639
O3a,O3a_guessResult,CATG,,N/A,,run-09-30sec,
O3a,O3a_guessResultParams,CATG,100.00,C,16,run-09-30sec,17642
O3b,O3b_guess,CATG,,N/A,,run-09-30sec,
O3b,O3b_guessImpossible,CATG,,N/A,,run-09-30sec,
O3b,O3b_validate,CATG,,N/A,,run-09-30sec,
O3c,O3c_guess,CATG,,N/A,,run-09-30sec,
O3c,O3c_guessImpossible,CATG,,N/A,,run-09-30sec,
O3c,O3c_validate,CATG,,N/A,,run-09-30sec,
O4,O4_guessImpossible,CATG,,N/A,,run-09-30sec,
O4,O4_guessImpossibleParams,CATG,87.50,C,8,run-09-30sec,9018
O4,O4_guessResult,CATG,,N/A,,run-09-30sec,
O4,O4_guessResultParams,CATG,93.75,C,15,run-09-30sec,16748
G1,G1_guessType,CATG,,N/A,,run-09-30sec,
G1,G1_guessTypeAndUse,CATG,,N/A,,run-09-30sec,
G1,G1_guessTypeWithExtends,CATG,,N/A,,run-09-30sec,
G1,G1_guessTypeWithExtendsAndUse,CATG,,N/A,,run-09-30sec,
G2,G2_guessDescendant,CATG,,N/A,,run-09-30sec,
G2,G2_guessImpossible,CATG,,N/A,,run-09-30sec,
G2,G2_guessInteger,CATG,,N/A,,run-09-30sec,
G2,G2_guessIntegerNoHelp,CATG,,N/A,,run-09-30sec,
G2,G2_guessSafe,CATG,,N/A,,run-09-30sec,
G2,G2_guessSafeNoHelp,CATG,,N/A,,run-09-30sec,
L1,L1_abs,CATG,66.67,NC,1,run-09-30sec,1001
L1,L1_absImpossible,CATG,66.67,C,1,run-09-30sec,903
L1,L1_cbrt,CATG,,N/A,,run-09-30sec,
L1,L1_cos,CATG,,N/A,,run-09-30sec,
L1,L1_cosImpossible,CATG,,N/A,,run-09-30sec,
L1,L1_log10GuessArgument,CATG,,N/A,,run-09-30sec,
L1,L1_logGuessArgument,CATG,,N/A,,run-09-30sec,
L1,L1_logGuessBase,CATG,,N/A,,run-09-30sec,
L1,L1_logGuessBaseAndArgument,CATG,,N/A,,run-09-30sec,
L1,L1_minMax,CATG,66.67,NC,1,run-09-30sec,902
L1,L1_minMaxImpossible,CATG,66.67,C,1,run-09-30sec,902
L1,L1_minMaxWithOrder,CATG,66.67,NC,1,run-09-30sec,901
L1,L1_powGuessBase,CATG,,N/A,,run-09-30sec,
L1,L1_powGuessBaseAndExponent,CATG,,N/A,,run-09-30sec,
L1,L1_powGuessExponent,CATG,,N/A,,run-09-30sec,
L1,L1_sin,CATG,,N/A,,run-09-30sec,
L1,L1_sinImpossible,CATG,,N/A,,run-09-30sec,
L1,L1_sqrt,CATG,,N/A,,run-09-30sec,
L1,L1_sqrtImpossible,CATG,,N/A,,run-09-30sec,
L1,L1_tan,CATG,,N/A,,run-09-30sec,
L2,L2_add,CATG,57.14,NC,1,run-09-30sec,901
L2,L2_addWithCondition,CATG,53.85,NC,1,run-09-30sec,901
L2,L2_charAt,CATG,,EX,,run-09-30sec,803
L2,L2_compareTo,CATG,55.56,NC,1,run-09-30sec,901
L2,L2_compareToIgnoreCase,CATG,55.56,NC,1,run-09-30sec,902
L2,L2_equality,CATG,77.78,NC,3,run-09-30sec,2804
L2,L2_equalityIgnoreCase,CATG,55.56,NC,1,run-09-30sec,906
L2,L2_indexOf,CATG,50.00,NC,1,run-09-30sec,901
L2,L2_length,CATG,57.14,NC,1,run-09-30sec,901
L2,L2_regionEquality,CATG,50.00,NC,1,run-09-30sec,901
L2,L2_startsEnds,CATG,42.86,NC,1,run-09-30sec,901
L2,L2_substring,CATG,,EX,,run-09-30sec,902
L2,L2_switchString,CATG,,N/A,,run-09-30sec,
L3,L3_guessDouble,CATG,,N/A,,run-09-30sec,
L3,L3_guessInteger,CATG,100.00,C,3,run-09-30sec,2905
L3,L3_integerOverflow,CATG,100.00,C,3,run-09-30sec,3004
L4,L4_guessElementAndIndex,CATG,,EX,,run-09-30sec,2006
L4,L4_guessElements,CATG,100.00,C,3,run-09-30sec,3106
L4,L4_guessGenericListWithElement,CATG,,N/A,,run-09-30sec,
L4,L4_guessGenericListWithSize,CATG,,N/A,,run-09-30sec,
L4,L4_guessGenericVectorWithElement,CATG,,N/A,,run-09-30sec,
L4,L4_guessGenericVectorWithSize,CATG,,N/A,,run-09-30sec,
L4,L4_guessIndices,CATG,88.89,NC,1,run-09-30sec,904
L4,L4_guessListWithSize,CATG,,N/A,,run-09-30sec,
L4,L4_guessSize,CATG,100.00,C,2,run-09-30sec,1902
L4,L4_guessSizeAndElements,CATG,100.00,C,4,run-09-30sec,4309
L4,L4_guessVectorWithSize,CATG,,N/A,,run-09-30sec,
LO,LO_associatesAPIGuessDate,CATG,43.75,NC,1,run-09-30sec,901
LO,LO_associatesAPIGuessValidDateFormat,CATG,50.00,NC,1,run-09-30sec,901
LO,LO_guessUUID,CATG,33.33,NC,1,run-09-30sec,901
LO,LO_guessValidUUID,CATG,50.00,NC,1,run-09-30sec,901
LO,LO_inheritsAPIGuessOneObject,CATG,,N/A,,run-09-30sec,
LO,LO_inheritsAPIGuessOnePrimitive,CATG,,EX,,run-09-30sec,4012
LO,LO_inheritsAPIGuessTwoObjects,CATG,,N/A,,run-09-30sec,
LO,LO_inheritsAPIGuessTwoPrimitives,CATG,,EX,,run-09-30sec,7418
LO,LO_regexCaseInsensitive,CATG,71.43,NC,1,run-09-30sec,901
LO,LO_regexCaseSensitive,CATG,60.00,NC,1,run-09-30sec,901
Others,Others_guess,CATG,,N/A,,run-09-30sec,
Others,Others_guessEnum,CATG,,N/A,,run-09-30sec,
Others,Others_guessEnumOrdinal,CATG,,N/A,,run-09-30sec,
Others,Others_guessEnumString,CATG,,N/A,,run-09-30sec,
Others,Others_guessWithLength,CATG,,N/A,,run-09-30sec,
Others,Others_iterateWithFor,CATG,,N/A,,run-09-30sec,
Others,Others_iterateWithForeach,CATG,,N/A,,run-09-30sec,
Others,Others_minMax,CATG,,N/A,,run-09-30sec,901
Others,Others_minMaxImpossible,CATG,,N/A,,run-09-30sec,901
Others,Others_minMaxWithOrder,CATG,,N/A,,run-09-30sec,901
Others,Others_switchEnum,CATG,,N/A,,run-09-30sec,
Others,Others_test,CATG,100.00,C,2,run-09-30sec,1902
B1a,B1a_oneParamBoolean,CATG,100.00,C,2,run-10-30sec,1907
B1a,B1a_oneParamByte,CATG,100.00,C,1,run-10-30sec,904
B1a,B1a_oneParamChar,CATG,100.00,C,1,run-10-30sec,901
B1a,B1a_oneParamDouble,CATG,,N/A,,run-10-30sec,
B1a,B1a_oneParamFloat,CATG,,N/A,,run-10-30sec,
B1a,B1a_oneParamInt,CATG,100.00,C,1,run-10-30sec,901
B1a,B1a_oneParamLong,CATG,100.00,C,1,run-10-30sec,902
B1a,B1a_oneParamShort,CATG,100.00,C,1,run-10-30sec,901
B1a,B1a_twoParamBoolean,CATG,100.00,C,1,run-10-30sec,901
B1a,B1a_twoParamByte,CATG,100.00,C,1,run-10-30sec,902
B1a,B1a_twoParamChar,CATG,100.00,C,1,run-10-30sec,901
B1a,B1a_twoParamDouble,CATG,,N/A,,run-10-30sec,
B1a,B1a_twoParamFloat,CATG,,N/A,,run-10-30sec,
B1a,B1a_twoParamInt,CATG,100.00,C,1,run-10-30sec,902
B1a,B1a_twoParamLong,CATG,100.00,C,1,run-10-30sec,903
B1a,B1a_twoParamShort,CATG,100.00,C,1,run-10-30sec,902
B1b,B1b_constBoolean,CATG,100.00,C,1,run-10-30sec,801
B1b,B1b_constByte,CATG,100.00,C,1,run-10-30sec,802
B1b,B1b_constChar,CATG,100.00,C,1,run-10-30sec,802
B1b,B1b_constDouble,CATG,100.00,C,1,run-10-30sec,801
B1b,B1b_constFloat,CATG,100.00,C,1,run-10-30sec,802
B1b,B1b_constInt,CATG,100.00,C,1,run-10-30sec,802
B1b,B1b_constLong,CATG,100.00,C,1,run-10-30sec,801
B1b,B1b_constShort,CATG,100.00,C,1,run-10-30sec,801
B1c,B1c_add,CATG,100.00,C,1,run-10-30sec,901
B1c,B1c_addAssignment,CATG,100.00,C,1,run-10-30sec,949
B1c,B1c_divide,CATG,100.00,C,1,run-10-30sec,902
B1c,B1c_divideAssignment,CATG,100.00,C,1,run-10-30sec,902
B1c,B1c_modulo,CATG,100.00,C,1,run-10-30sec,902
B1c,B1c_moduloAssignment,CATG,100.00,C,1,run-10-30sec,902
B1c,B1c_multiply,CATG,100.00,C,1,run-10-30sec,902
B1c,B1c_multiplyAssignment,CATG,100.00,C,1,run-10-30sec,904
B1c,B1c_postfixMinusMinus,CATG,100.00,C,1,run-10-30sec,901
B1c,B1c_postfixPlusplus,CATG,100.00,C,1,run-10-30sec,901
B1c,B1c_substract,CATG,100.00,C,1,run-10-30sec,901
B1c,B1c_substractAssignment,CATG,100.00,C,1,run-10-30sec,1037
B1c,B1c_unaryMinus,CATG,100.00,C,1,run-10-30sec,905
B1c,B1c_unaryMinusMinus,CATG,100.00,C,1,run-10-30sec,901
B1c,B1c_unaryPlus,CATG,100.00,C,1,run-10-30sec,904
B1c,B1c_unaryPlusPlus,CATG,100.00,C,1,run-10-30sec,901
B1d,B1d_and,CATG,100.00,C,3,run-10-30sec,3005
B1d,B1d_equal,CATG,100.00,C,2,run-10-30sec,1903
B1d,B1d_greater,CATG,100.00,C,2,run-10-30sec,1904
B1d,B1d_greaterOrEqual,CATG,100.00,C,2,run-10-30sec,1903
B1d,B1d_negate,CATG,100.00,C,2,run-10-30sec,1902
B1d,B1d_notEqual,CATG,100.00,C,2,run-10-30sec,1903
B1d,B1d_or,CATG,100.00,C,3,run-10-30sec,3006
B1d,B1d_smaller,CATG,100.00,C,2,run-10-30sec,1903
B1d,B1d_smallerOrEqual,CATG,100.00,C,2,run-10-30sec,1907
B1e,B1e_and,CATG,100.00,C,1,run-10-30sec,903
B1e,B1e_andAssignment,CATG,100.00,C,1,run-10-30sec,904
B1e,B1e_negate,CATG,100.00,C,1,run-10-30sec,901
B1e,B1e_or,CATG,100.00,C,1,run-10-30sec,903
B1e,B1e_orAssignment,CATG,100.00,C,1,run-10-30sec,901
B1e,B1e_shiftLeft,CATG,100.00,C,1,run-10-30sec,901
B1e,B1e_shiftLeftAssignment,CATG,100.00,C,1,run-10-30sec,1001
B1e,B1e_shiftRight,CATG,100.00,C,1,run-10-30sec,903
B1e,B1e_shiftRightAssignment,CATG,100.00,C,1,run-10-30sec,901
B1e,B1e_shiftRightUnsigned,CATG,100.00,C,1,run-10-30sec,901
B1e,B1e_shiftRightUnsignedAssignment,CATG,100.00,C,1,run-10-30sec,901
B1e,B1e_xor,CATG,100.00,C,1,run-10-30sec,902
B1e,B1e_xorAssignment,CATG,100.00,C,1,run-10-30sec,902
B2a,B2a_oneParamBoolean,CATG,100.00,C,2,run-10-30sec,1905
B2a,B2a_oneParamDouble,CATG,,N/A,,run-10-30sec,
B2a,B2a_oneParamInt,CATG,100.00,C,4,run-10-30sec,3908
B2a,B2a_twoParamsBoolean,CATG,72.73,C,4,run-10-30sec,4211
B2a,B2a_twoParamsDouble,CATG,,N/A,,run-10-30sec,
B2a,B2a_twoParamsInt,CATG,84.62,C,7,run-10-30sec,7215
B2b,B2b_oneParamBoolean,CATG,100.00,C,2,run-10-30sec,2002
B2b,B2b_oneParamInt,CATG,100.00,C,2,run-10-30sec,1903
B2b,B2b_twoParamsBoolean,CATG,100.00,C,3,run-10-30sec,3005
B2b,B2b_twoParamsInt,CATG,100.00,C,3,run-10-30sec,2908
B2c,B2c_missingBreaks,CATG,,EX,,run-10-30sec,901
B2c,B2c_simple,CATG,,EX,,run-10-30sec,901
B2c,B2c_withReturn,CATG,,EX,,run-10-30sec,901
B2d,B2d_oneParamDouble,CATG,,N/A,,run-10-30sec,
B2d,B2d_oneParamFloat,CATG,,N/A,,run-10-30sec,
B2d,B2d_oneParamInt,CATG,100.00,C,2,run-10-30sec,2005
B2d,B2d_oneParamIntNoSolution,CATG,66.67,C,1,run-10-30sec,1101
B2d,B2d_quadraticDouble,CATG,,N/A,,run-10-30sec,
B2d,B2d_quadraticDoubleNoSolution,CATG,,N/A,,run-10-30sec,
B2d,B2d_quadraticFloat,CATG,,N/A,,run-10-30sec,
B2d,B2d_quadraticFloatNoSolution,CATG,,N/A,,run-10-30sec,
B2d,B2d_quadraticInt,CATG,80.00,NC,1,run-10-30sec,1102
B2d,B2d_quadraticIntNoSolution,CATG,,EX,,run-10-30sec,2209
B2d,B2d_threeParamsDouble,CATG,,N/A,,run-10-30sec,
B2d,B2d_threeParamsFloat,CATG,,N/A,,run-10-30sec,
B2d,B2d_threeParamsInt,CATG,100.00,C,4,run-10-30sec,4205
B2d,B2d_threeParamsIntNoSolution,CATG,83.33,C,3,run-10-30sec,3308
B2d,B2d_twoParamsDouble,CATG,,N/A,,run-10-30sec,
B2d,B2d_twoParamsFloat,CATG,,N/A,,run-10-30sec,
B2d,B2d_twoParamsInt,CATG,100.00,C,3,run-10-30sec,3107
B2d,B2d_twoParamsIntNoSolution,CATG,80.00,C,2,run-10-30sec,2006
B3a,B3a_complex,CATG,,T/M,,run-10-30sec,30143
B3a,B3a_infinite,CATG,,T/M,,run-10-30sec,30121
B3a,B3a_infiniteNotOptimalizable,CATG,,T/M,,run-10-30sec,30164
B3a,B3a_nestedLoop,CATG,,T/M,,run-10-30sec,30144
B3a,B3a_nestedLoopWithLabel,CATG,,T/M,,run-10-30sec,30160
B3a,B3a_withConditionAndLimit,CATG,100.00,C,12,run-10-30sec,12528
B3a,B3a_withConditionNoLimit,CATG,,T/M,,run-10-30sec,30140
B3a,B3a_withContinueBreak,CATG,,T/M,,run-10-30sec,30163
B3a,B3a_withLimit,CATG,100.00,C,12,run-10-30sec,12233
B3b,B3b_complex,CATG,,T/M,,run-10-30sec,30139
B3b,B3b_infinite,CATG,,T/M,,run-10-30sec,30132
B3b,B3b_infiniteNotOptimalizable,CATG,,T/M,,run-10-30sec,30139
B3b,B3b_nestedLoop,CATG,,T/M,,run-10-30sec,30156
B3b,B3b_nestedLoopWithLabel,CATG,,T/M,,run-10-30sec,30135
B3b,B3b_withConditionAndLimit,CATG,100.00,C,12,run-10-30sec,12425
B3b,B3b_withConditionNoLimit,CATG,,T/M,,run-10-30sec,30111
B3b,B3b_withContinueBreak,CATG,,T/M,,run-10-30sec,30155
B3b,B3b_withLimit,CATG,100.00,C,12,run-10-30sec,12229
B3c,B3c_complex,CATG,,T/M,,run-10-30sec,30136
B3c,B3c_infinite,CATG,,T/M,,run-10-30sec,30134
B3c,B3c_infiniteNotOptimalizable,CATG,,T/M,,run-10-30sec,30131
B3c,B3c_nestedLoop,CATG,,T/M,,run-10-30sec,30135
B3c,B3c_nestedLoopWithLabel,CATG,,T/M,,run-10-30sec,30135
B3c,B3c_withConditionAndLimit,CATG,100.00,C,11,run-10-30sec,11521
B3c,B3c_withConditionNoLimit,CATG,,T/M,,run-10-30sec,30140
B3c,B3c_withContinueBreak,CATG,,T/M,,run-10-30sec,30179
B3c,B3c_withLimit,CATG,100.00,C,11,run-10-30sec,11227
B4a,B4a_fromParams,CATG,100.00,C,4,run-10-30sec,4209
B4a,B4a_fromParamsWithIndex,CATG,100.00,C,6,run-10-30sec,6308
B4a,B4a_guessLength,CATG,100.00,C,2,run-10-30sec,1904
B4a,B4a_guessOneArray,CATG,,N/A,,run-10-30sec,
B4a,B4a_guessOneArrayWithLength,CATG,,N/A,,run-10-30sec,
B4a,B4a_indexParam,CATG,83.33,NC,3,run-10-30sec,2907
B4a,B4a_iterateWithFor,CATG,,N/A,,run-10-30sec,
B4a,B4a_iterateWithForeach,CATG,,N/A,,run-10-30sec,
B4a,B4a_twoArrays,CATG,,N/A,,run-10-30sec,
B4b,B4b_fromParams,CATG,100.00,C,4,run-10-30sec,5229
B4b,B4b_fromParamsWithIndex,CATG,,EX,,run-10-30sec,3210
B4b,B4b_guessLength,CATG,100.00,C,2,run-10-30sec,1906
B4b,B4b_guessOneArray,CATG,,N/A,,run-10-30sec,
B4b,B4b_guessOneArrayWithLength,CATG,,N/A,,run-10-30sec,
B4b,B4b_indexParam,CATG,75.00,NC,1,run-10-30sec,1002
B4b,B4b_iterateWithFor,CATG,,N/A,,run-10-30sec,
B4b,B4b_iterateWithForeach,CATG,,N/A,,run-10-30sec,
B4b,B4b_twoArrays,CATG,,N/A,,run-10-30sec,
B5a1,B5a1_conditionalCall,CATG,100.00,C,8,run-10-30sec,8916
B5a1,B5a1_simple,CATG,100.00,C,7,run-10-30sec,7311
B5a1,B5a1_useReturnValue,CATG,100.00,C,7,run-10-30sec,7413
B5a2,B5a2_conditionalCall,CATG,100.00,C,8,run-10-30sec,8817
B5a2,B5a2_simple,CATG,100.00,C,7,run-10-30sec,7213
B5a2,B5a2_useReturnValue,CATG,100.00,C,7,run-10-30sec,7311
B5b1,B5b1_fibonacci,CATG,100.00,C,12,run-10-30sec,20982
B5b1,B5b1_simple,CATG,100.00,C,1,run-10-30sec,901
B5b2,B5b2_fibonacci,CATG,,T/M,,run-10-30sec,30184
B5b2,B5b2_simple,CATG,100.00,C,1,run-10-30sec,901
B6a,B6a_always,CATG,,EX,,run-10-30sec,801
B6a,B6a_call,CATG,,EX,,run-10-30sec,7212
B6a,B6a_conditionalAndLoop,CATG,,EX,,run-10-30sec,12252
B6a,B6a_recursive,CATG,100.00,C,1,run-10-30sec,901
B6a,B6a_tryCatch,CATG,,EX,,run-10-30sec,7217
B6a,B6a_tryCatchFinally,CATG,,EX,,run-10-30sec,22244
B6b,B6b_always,CATG,,EX,,run-10-30sec,801
B6b,B6b_call,CATG,,EX,,run-10-30sec,7319
B6b,B6b_conditionalAndLoop,CATG,,EX,,run-10-30sec,12322
B6b,B6b_recursive,CATG,100.00,C,1,run-10-30sec,904
B6b,B6b_tryCatch,CATG,,EX,,run-10-30sec,7212
B6b,B6b_tryCatchFinally,CATG,,EX,,run-10-30sec,22147
B6c,B6c_arithmeticException,CATG,,EX,,run-10-30sec,1902
B6c,B6c_arrayIndexOutOfBoundsException,CATG,,EX,,run-10-30sec,1902
B6c,B6c_classCastException,CATG,,EX,,run-10-30sec,2003
B6c,B6c_illegalArgumentException,CATG,,EX,,run-10-30sec,2003
B6c,B6c_illegalStateException,CATG,,EX,,run-10-30sec,2004
B6c,B6c_indexOutOfBoundsException,CATG,,EX,,run-10-30sec,2003
B6c,B6c_nullPointerException,CATG,,EX,,run-10-30sec,2005
B6c,B6c_securityException,CATG,,EX,,run-10-30sec,2002
B6c,B6c_unsupportedOperationException,CATG,,EX,,run-10-30sec,2004
S1,S1_returnStructure,CATG,,N/A,,run-10-30sec,
S1,S1_returnStructureParams,CATG,100.00,C,1,run-10-30sec,901
S1,S1_useStructure,CATG,,N/A,,run-10-30sec,
S1,S1_useStructureParams,CATG,100.00,C,1,run-10-30sec,901
S2,S2_oneStructure,CATG,,N/A,,run-10-30sec,
S2,S2_oneStructureParams,CATG,100.00,C,7,run-10-30sec,7619
S2,S2_twoStructures,CATG,,N/A,,run-10-30sec,
S2,S2_twoStructuresParams,CATG,100.00,C,7,run-10-30sec,7723
S3,S3_arrayOfStructures,CATG,,N/A,,run-10-30sec,
S3,S3_arrayOfStructuresParams,CATG,,N/A,,run-10-30sec,
S3,S3_noLimit,CATG,,N/A,,run-10-30sec,
S3,S3_noLimitParams,CATG,,T/M,,run-10-30sec,30158
S3,S3_withLimit,CATG,,N/A,,run-10-30sec,
S3,S3_withLimitParams,CATG,88.89,NC,12,run-10-30sec,14438
S4,S4_guess,CATG,,N/A,,run-10-30sec,
S4,S4_guessCoordinates,CATG,,N/A,,run-10-30sec,
S4,S4_guessParams,CATG,100.00,C,9,run-10-30sec,9819
O1,O1_fullCoverage,CATG,,N/A,,run-10-30sec,
O1,O1_guessImpossibleObject,CATG,,N/A,,run-10-30sec,
O1,O1_guessImpossibleOperationCount,CATG,,N/A,,run-10-30sec,
O1,O1_guessImpossibleOperationCountParams,CATG,,T/M,,run-10-30sec,30132
O1,O1_guessImpossibleResult,CATG,,N/A,,run-10-30sec,
O1,O1_guessImpossibleResultAndOperationCount,CATG,,N/A,,run-10-30sec,
O1,O1_guessImpossibleResultAndOperationCountParams,CATG,,T/M,,run-10-30sec,30164
O1,O1_guessImpossibleResultParams,CATG,,T/M,,run-10-30sec,30163
O1,O1_guessObject,CATG,,N/A,,run-10-30sec,
O1,O1_guessOperationCount,CATG,,N/A,,run-10-30sec,
O1,O1_guessOperationCountParams,CATG,,T/M,,run-10-30sec,30137
O1,O1_guessResult,CATG,,N/A,,run-10-30sec,
O1,O1_guessResultAndOperationCount,CATG,,N/A,,run-10-30sec,
O1,O1_guessResultAndOperationCountParams,CATG,,T/M,,run-10-30sec,30134
O1,O1_guessResultParams,CATG,100.00,C,16,run-10-30sec,17752
O1,O1_oneOperationNoCheck,CATG,,N/A,,run-10-30sec,
O1,O1_oneOperationParams,CATG,100.00,C,2,run-10-30sec,2003
O1,O1_oneOperationWithCheck,CATG,,N/A,,run-10-30sec,
O1,O1_twoOperationsParams,CATG,100.00,C,4,run-10-30sec,4214
O1,O1_twoOperationsWithCheck,CATG,,N/A,,run-10-30sec,
O1,O1_twoOperationsWithNocheck,CATG,,N/A,,run-10-30sec,
O2,O2_guessResult,CATG,,N/A,,run-10-30sec,
O2,O2_guessResultParams,CATG,100.00,C,16,run-10-30sec,17632
O3a,O3a_guessResult,CATG,,N/A,,run-10-30sec,
O3a,O3a_guessResultParams,CATG,100.00,C,16,run-10-30sec,17642
O3b,O3b_guess,CATG,,N/A,,run-10-30sec,
O3b,O3b_guessImpossible,CATG,,N/A,,run-10-30sec,
O3b,O3b_validate,CATG,,N/A,,run-10-30sec,
O3c,O3c_guess,CATG,,N/A,,run-10-30sec,
O3c,O3c_guessImpossible,CATG,,N/A,,run-10-30sec,
O3c,O3c_validate,CATG,,N/A,,run-10-30sec,
O4,O4_guessImpossible,CATG,,N/A,,run-10-30sec,
O4,O4_guessImpossibleParams,CATG,87.50,C,8,run-10-30sec,9014
O4,O4_guessResult,CATG,,N/A,,run-10-30sec,
O4,O4_guessResultParams,CATG,93.75,C,15,run-10-30sec,16736
G1,G1_guessType,CATG,,N/A,,run-10-30sec,
G1,G1_guessTypeAndUse,CATG,,N/A,,run-10-30sec,
G1,G1_guessTypeWithExtends,CATG,,N/A,,run-10-30sec,
G1,G1_guessTypeWithExtendsAndUse,CATG,,N/A,,run-10-30sec,
G2,G2_guessDescendant,CATG,,N/A,,run-10-30sec,
G2,G2_guessImpossible,CATG,,N/A,,run-10-30sec,
G2,G2_guessInteger,CATG,,N/A,,run-10-30sec,
G2,G2_guessIntegerNoHelp,CATG,,N/A,,run-10-30sec,
G2,G2_guessSafe,CATG,,N/A,,run-10-30sec,
G2,G2_guessSafeNoHelp,CATG,,N/A,,run-10-30sec,
L1,L1_abs,CATG,66.67,NC,1,run-10-30sec,901
L1,L1_absImpossible,CATG,66.67,C,1,run-10-30sec,902
L1,L1_cbrt,CATG,,N/A,,run-10-30sec,
L1,L1_cos,CATG,,N/A,,run-10-30sec,
L1,L1_cosImpossible,CATG,,N/A,,run-10-30sec,
L1,L1_log10GuessArgument,CATG,,N/A,,run-10-30sec,
L1,L1_logGuessArgument,CATG,,N/A,,run-10-30sec,
L1,L1_logGuessBase,CATG,,N/A,,run-10-30sec,
L1,L1_logGuessBaseAndArgument,CATG,,N/A,,run-10-30sec,
L1,L1_minMax,CATG,66.67,NC,1,run-10-30sec,902
L1,L1_minMaxImpossible,CATG,66.67,C,1,run-10-30sec,901
L1,L1_minMaxWithOrder,CATG,66.67,NC,1,run-10-30sec,904
L1,L1_powGuessBase,CATG,,N/A,,run-10-30sec,
L1,L1_powGuessBaseAndExponent,CATG,,N/A,,run-10-30sec,
L1,L1_powGuessExponent,CATG,,N/A,,run-10-30sec,
L1,L1_sin,CATG,,N/A,,run-10-30sec,
L1,L1_sinImpossible,CATG,,N/A,,run-10-30sec,
L1,L1_sqrt,CATG,,N/A,,run-10-30sec,
L1,L1_sqrtImpossible,CATG,,N/A,,run-10-30sec,
L1,L1_tan,CATG,,N/A,,run-10-30sec,
L2,L2_add,CATG,57.14,NC,1,run-10-30sec,905
L2,L2_addWithCondition,CATG,53.85,NC,1,run-10-30sec,901
L2,L2_charAt,CATG,,EX,,run-10-30sec,901
L2,L2_compareTo,CATG,55.56,NC,1,run-10-30sec,903
L2,L2_compareToIgnoreCase,CATG,55.56,NC,1,run-10-30sec,903
L2,L2_equality,CATG,77.78,NC,3,run-10-30sec,2804
L2,L2_equalityIgnoreCase,CATG,55.56,NC,1,run-10-30sec,901
L2,L2_indexOf,CATG,50.00,NC,1,run-10-30sec,905
L2,L2_length,CATG,57.14,NC,1,run-10-30sec,902
L2,L2_regionEquality,CATG,50.00,NC,1,run-10-30sec,901
L2,L2_startsEnds,CATG,42.86,NC,1,run-10-30sec,901
L2,L2_substring,CATG,,EX,,run-10-30sec,801
L2,L2_switchString,CATG,,N/A,,run-10-30sec,
L3,L3_guessDouble,CATG,,N/A,,run-10-30sec,
L3,L3_guessInteger,CATG,100.00,C,3,run-10-30sec,3005
L3,L3_integerOverflow,CATG,100.00,C,3,run-10-30sec,3004
L4,L4_guessElementAndIndex,CATG,,EX,,run-10-30sec,2007
L4,L4_guessElements,CATG,100.00,C,3,run-10-30sec,3104
L4,L4_guessGenericListWithElement,CATG,,N/A,,run-10-30sec,
L4,L4_guessGenericListWithSize,CATG,,N/A,,run-10-30sec,
L4,L4_guessGenericVectorWithElement,CATG,,N/A,,run-10-30sec,
L4,L4_guessGenericVectorWithSize,CATG,,N/A,,run-10-30sec,
L4,L4_guessIndices,CATG,88.89,NC,1,run-10-30sec,1003
L4,L4_guessListWithSize,CATG,,N/A,,run-10-30sec,
L4,L4_guessSize,CATG,100.00,C,2,run-10-30sec,2848
L4,L4_guessSizeAndElements,CATG,100.00,C,4,run-10-30sec,4209
L4,L4_guessVectorWithSize,CATG,,N/A,,run-10-30sec,
LO,LO_associatesAPIGuessDate,CATG,43.75,NC,1,run-10-30sec,901
LO,LO_associatesAPIGuessValidDateFormat,CATG,50.00,NC,1,run-10-30sec,902
LO,LO_guessUUID,CATG,33.33,NC,1,run-10-30sec,901
LO,LO_guessValidUUID,CATG,50.00,NC,1,run-10-30sec,902
LO,LO_inheritsAPIGuessOneObject,CATG,,N/A,,run-10-30sec,
LO,LO_inheritsAPIGuessOnePrimitive,CATG,,EX,,run-10-30sec,4105
LO,LO_inheritsAPIGuessTwoObjects,CATG,,N/A,,run-10-30sec,
LO,LO_inheritsAPIGuessTwoPrimitives,CATG,,EX,,run-10-30sec,7418
LO,LO_regexCaseInsensitive,CATG,71.43,NC,1,run-10-30sec,901
LO,LO_regexCaseSensitive,CATG,60.00,NC,1,run-10-30sec,901
Others,Others_guess,CATG,,N/A,,run-10-30sec,
Others,Others_guessEnum,CATG,,N/A,,run-10-30sec,
Others,Others_guessEnumOrdinal,CATG,,N/A,,run-10-30sec,
Others,Others_guessEnumString,CATG,,N/A,,run-10-30sec,
Others,Others_guessWithLength,CATG,,N/A,,run-10-30sec,
Others,Others_iterateWithFor,CATG,,N/A,,run-10-30sec,
Others,Others_iterateWithForeach,CATG,,N/A,,run-10-30sec,
Others,Others_minMax,CATG,,N/A,,run-10-30sec,901
Others,Others_minMaxImpossible,CATG,,N/A,,run-10-30sec,904
Others,Others_minMaxWithOrder,CATG,,N/A,,run-10-30sec,901
Others,Others_switchEnum,CATG,,N/A,,run-10-30sec,
Others,Others_test,CATG,100.00,C,2,run-10-30sec,1902
B1a,B1a_oneParamBoolean,EvoSuite,100.00,C,2,run-01-30sec,42854
B1a,B1a_oneParamByte,EvoSuite,100.00,C,3,run-01-30sec,43287
B1a,B1a_oneParamChar,EvoSuite,100.00,C,3,run-01-30sec,43180
B1a,B1a_oneParamDouble,EvoSuite,100.00,C,3,run-01-30sec,43325
B1a,B1a_oneParamFloat,EvoSuite,100.00,C,3,run-01-30sec,43077
B1a,B1a_oneParamInt,EvoSuite,100.00,C,3,run-01-30sec,43096
B1a,B1a_oneParamLong,EvoSuite,100.00,C,3,run-01-30sec,42989
B1a,B1a_oneParamShort,EvoSuite,100.00,C,3,run-01-30sec,43282
B1a,B1a_twoParamBoolean,EvoSuite,100.00,C,2,run-01-30sec,42787
B1a,B1a_twoParamByte,EvoSuite,100.00,C,3,run-01-30sec,43192
B1a,B1a_twoParamChar,EvoSuite,100.00,C,3,run-01-30sec,42981
B1a,B1a_twoParamDouble,EvoSuite,100.00,C,3,run-01-30sec,43495
B1a,B1a_twoParamFloat,EvoSuite,100.00,C,3,run-01-30sec,43103
B1a,B1a_twoParamInt,EvoSuite,100.00,C,3,run-01-30sec,43213
B1a,B1a_twoParamLong,EvoSuite,100.00,C,3,run-01-30sec,42786
B1a,B1a_twoParamShort,EvoSuite,100.00,C,3,run-01-30sec,43149
B1b,B1b_constBoolean,EvoSuite,100.00,C,1,run-01-30sec,42690
B1b,B1b_constByte,EvoSuite,100.00,C,1,run-01-30sec,42812
B1b,B1b_constChar,EvoSuite,100.00,C,1,run-01-30sec,42292
B1b,B1b_constDouble,EvoSuite,100.00,C,1,run-01-30sec,42490
B1b,B1b_constFloat,EvoSuite,100.00,C,1,run-01-30sec,42194
B1b,B1b_constInt,EvoSuite,100.00,C,1,run-01-30sec,45118
B1b,B1b_constLong,EvoSuite,100.00,C,1,run-01-30sec,42303
B1b,B1b_constShort,EvoSuite,100.00,C,1,run-01-30sec,41985
B1c,B1c_add,EvoSuite,100.00,C,3,run-01-30sec,43098
B1c,B1c_addAssignment,EvoSuite,100.00,C,3,run-01-30sec,43184
B1c,B1c_divide,EvoSuite,100.00,C,4,run-01-30sec,43796
B1c,B1c_divideAssignment,EvoSuite,100.00,C,4,run-01-30sec,43734
B1c,B1c_modulo,EvoSuite,100.00,C,4,run-01-30sec,43693
B1c,B1c_moduloAssignment,EvoSuite,100.00,C,4,run-01-30sec,43615
B1c,B1c_multiply,EvoSuite,100.00,C,3,run-01-30sec,43282
B1c,B1c_multiplyAssignment,EvoSuite,100.00,C,3,run-01-30sec,43488
B1c,B1c_postfixMinusMinus,EvoSuite,100.00,C,3,run-01-30sec,43100
B1c,B1c_postfixPlusplus,EvoSuite,100.00,C,3,run-01-30sec,43090
B1c,B1c_substract,EvoSuite,100.00,C,3,run-01-30sec,43392
B1c,B1c_substractAssignment,EvoSuite,100.00,C,3,run-01-30sec,43195
B1c,B1c_unaryMinus,EvoSuite,100.00,C,3,run-01-30sec,43114
B1c,B1c_unaryMinusMinus,EvoSuite,100.00,C,3,run-01-30sec,42800
B1c,B1c_unaryPlus,EvoSuite,100.00,C,3,run-01-30sec,42983
B1c,B1c_unaryPlusPlus,EvoSuite,100.00,C,3,run-01-30sec,43385
B1d,B1d_and,EvoSuite,100.00,C,3,run-01-30sec,43288
B1d,B1d_equal,EvoSuite,100.00,C,3,run-01-30sec,43105
B1d,B1d_greater,EvoSuite,100.00,C,3,run-01-30sec,43422
B1d,B1d_greaterOrEqual,EvoSuite,100.00,C,3,run-01-30sec,43016
B1d,B1d_negate,EvoSuite,100.00,C,2,run-01-30sec,43081
B1d,B1d_notEqual,EvoSuite,100.00,C,3,run-01-30sec,42979
B1d,B1d_or,EvoSuite,100.00,C,3,run-01-30sec,42986
B1d,B1d_smaller,EvoSuite,100.00,C,3,run-01-30sec,43183
B1d,B1d_smallerOrEqual,EvoSuite,100.00,C,3,run-01-30sec,43198
B1e,B1e_and,EvoSuite,100.00,C,3,run-01-30sec,42879
B1e,B1e_andAssignment,EvoSuite,100.00,C,3,run-01-30sec,43095
B1e,B1e_negate,EvoSuite,100.00,C,3,run-01-30sec,43113
B1e,B1e_or,EvoSuite,100.00,C,3,run-01-30sec,43082
B1e,B1e_orAssignment,EvoSuite,100.00,C,3,run-01-30sec,43390
B1e,B1e_shiftLeft,EvoSuite,100.00,C,3,run-01-30sec,46198
B1e,B1e_shiftLeftAssignment,EvoSuite,100.00,C,3,run-01-30sec,43189
B1e,B1e_shiftRight,EvoSuite,100.00,C,3,run-01-30sec,42888
B1e,B1e_shiftRightAssignment,EvoSuite,100.00,C,3,run-01-30sec,43312
B1e,B1e_shiftRightUnsigned,EvoSuite,100.00,C,3,run-01-30sec,43096
B1e,B1e_shiftRightUnsignedAssignment,EvoSuite,100.00,C,3,run-01-30sec,43303
B1e,B1e_xor,EvoSuite,100.00,C,3,run-01-30sec,43099
B1e,B1e_xorAssignment,EvoSuite,100.00,C,3,run-01-30sec,43179
B2a,B2a_oneParamBoolean,EvoSuite,100.00,C,2,run-01-30sec,45991
B2a,B2a_oneParamDouble,EvoSuite,100.00,C,4,run-01-30sec,44118
B2a,B2a_oneParamInt,EvoSuite,100.00,C,4,run-01-30sec,43998
B2a,B2a_twoParamsBoolean,EvoSuite,72.73,C,4,run-01-30sec,44307
B2a,B2a_twoParamsDouble,EvoSuite,84.62,C,7,run-01-30sec,47035
B2a,B2a_twoParamsInt,EvoSuite,84.62,C,7,run-01-30sec,45912
B2b,B2b_oneParamBoolean,EvoSuite,100.00,C,2,run-01-30sec,43902
B2b,B2b_oneParamInt,EvoSuite,100.00,C,3,run-01-30sec,43497
B2b,B2b_twoParamsBoolean,EvoSuite,100.00,C,3,run-01-30sec,43093
B2b,B2b_twoParamsInt,EvoSuite,100.00,C,5,run-01-30sec,47293
B2c,B2c_missingBreaks,EvoSuite,100.00,C,4,run-01-30sec,43696
B2c,B2c_simple,EvoSuite,100.00,C,4,run-01-30sec,43616
B2c,B2c_withReturn,EvoSuite,100.00,C,4,run-01-30sec,44180
B2d,B2d_oneParamDouble,EvoSuite,66.67,NC,2,run-01-30sec,46018
B2d,B2d_oneParamFloat,EvoSuite,66.67,NC,2,run-01-30sec,43291
B2d,B2d_oneParamInt,EvoSuite,100.00,C,3,run-01-30sec,43279
B2d,B2d_oneParamIntNoSolution,EvoSuite,66.67,C,2,run-01-30sec,43395
B2d,B2d_quadraticDouble,EvoSuite,80.00,NC,2,run-01-30sec,43818
B2d,B2d_quadraticDoubleNoSolution,EvoSuite,80.00,C,1,run-01-30sec,43303
B2d,B2d_quadraticFloat,EvoSuite,80.00,NC,3,run-01-30sec,44293
B2d,B2d_quadraticFloatNoSolution,EvoSuite,80.00,C,2,run-01-30sec,43901
B2d,B2d_quadraticInt,EvoSuite,80.00,NC,5,run-01-30sec,45089
B2d,B2d_quadraticIntNoSolution,EvoSuite,80.00,C,2,run-01-30sec,44029
B2d,B2d_threeParamsDouble,EvoSuite,83.33,NC,6,run-01-30sec,46009
B2d,B2d_threeParamsFloat,EvoSuite,83.33,NC,6,run-01-30sec,45799
B2d,B2d_threeParamsInt,EvoSuite,83.33,NC,4,run-01-30sec,47507
B2d,B2d_threeParamsIntNoSolution,EvoSuite,83.33,C,4,run-01-30sec,45322
B2d,B2d_twoParamsDouble,EvoSuite,80.00,NC,4,run-01-30sec,44391
B2d,B2d_twoParamsFloat,EvoSuite,80.00,NC,4,run-01-30sec,44189
B2d,B2d_twoParamsInt,EvoSuite,100.00,C,4,run-01-30sec,44393
B2d,B2d_twoParamsIntNoSolution,EvoSuite,80.00,C,3,run-01-30sec,46598
B3a,B3a_complex,EvoSuite,88.24,C,4,run-01-30sec,137888
B3a,B3a_infinite,EvoSuite,0.00,C,1,run-01-30sec,42565
B3a,B3a_infiniteNotOptimalizable,EvoSuite,0.00,C,2,run-01-30sec,447187
B3a,B3a_nestedLoop,EvoSuite,100.00,C,3,run-01-30sec,282413
B3a,B3a_nestedLoopWithLabel,EvoSuite,85.71,NC,5,run-01-30sec,214082
B3a,B3a_withConditionAndLimit,EvoSuite,100.00,C,3,run-01-30sec,81736
B3a,B3a_withConditionNoLimit,EvoSuite,100.00,C,2,run-01-30sec,112949
B3a,B3a_withContinueBreak,EvoSuite,100.00,C,3,run-01-30sec,97862
B3a,B3a_withLimit,EvoSuite,100.00,C,3,run-01-30sec,73651
B3b,B3b_complex,EvoSuite,85.71,C,4,run-01-30sec,119332
B3b,B3b_infinite,EvoSuite,0.00,C,1,run-01-30sec,45779
B3b,B3b_infiniteNotOptimalizable,EvoSuite,0.00,C,0,run-01-30sec,428808
B3b,B3b_nestedLoop,EvoSuite,100.00,C,8,run-01-30sec,228600
B3b,B3b_nestedLoopWithLabel,EvoSuite,100.00,C,11,run-01-30sec,378211
B3b,B3b_withConditionAndLimit,EvoSuite,100.00,C,2,run-01-30sec,77341
B3b,B3b_withConditionNoLimit,EvoSuite,100.00,C,2,run-01-30sec,115742
B3b,B3b_withContinueBreak,EvoSuite,100.00,C,2,run-01-30sec,76818
B3b,B3b_withLimit,EvoSuite,100.00,C,3,run-01-30sec,74235
B3c,B3c_complex,EvoSuite,88.24,C,6,run-01-30sec,138866
B3c,B3c_infinite,EvoSuite,0.00,C,1,run-01-30sec,44159
B3c,B3c_infiniteNotOptimalizable,EvoSuite,0.00,C,0,run-01-30sec,350034
B3c,B3c_nestedLoop,EvoSuite,100.00,C,4,run-01-30sec,210480
B3c,B3c_nestedLoopWithLabel,EvoSuite,92.86,NC,7,run-01-30sec,327729
B3c,B3c_withConditionAndLimit,EvoSuite,100.00,C,3,run-01-30sec,83046
B3c,B3c_withConditionNoLimit,EvoSuite,100.00,C,3,run-01-30sec,115750
B3c,B3c_withContinueBreak,EvoSuite,100.00,C,3,run-01-30sec,97862
B3c,B3c_withLimit,EvoSuite,100.00,C,2,run-01-30sec,73238
B4a,B4a_fromParams,EvoSuite,75.00,NC,5,run-01-30sec,44704
B4a,B4a_fromParamsWithIndex,EvoSuite,83.33,NC,7,run-01-30sec,45907
B4a,B4a_guessLength,EvoSuite,100.00,C,3,run-01-30sec,43002
B4a,B4a_guessOneArray,EvoSuite,100.00,C,6,run-01-30sec,44902
B4a,B4a_guessOneArrayWithLength,EvoSuite,80.00,NC,6,run-01-30sec,44388
B4a,B4a_indexParam,EvoSuite,100.00,C,6,run-01-30sec,45598
B4a,B4a_iterateWithFor,EvoSuite,100.00,C,5,run-01-30sec,44465
B4a,B4a_iterateWithForeach,EvoSuite,100.00,C,5,run-01-30sec,44496
B4a,B4a_twoArrays,EvoSuite,85.71,NC,6,run-01-30sec,45299
B4b,B4b_fromParams,EvoSuite,75.00,NC,5,run-01-30sec,47088
B4b,B4b_fromParamsWithIndex,EvoSuite,75.00,NC,5,run-01-30sec,44282
B4b,B4b_guessLength,EvoSuite,100.00,C,3,run-01-30sec,43504
B4b,B4b_guessOneArray,EvoSuite,100.00,C,6,run-01-30sec,44510
B4b,B4b_guessOneArrayWithLength,EvoSuite,66.67,NC,6,run-01-30sec,44596
B4b,B4b_indexParam,EvoSuite,100.00,C,4,run-01-30sec,44294
B4b,B4b_iterateWithFor,EvoSuite,100.00,C,4,run-01-30sec,43976
B4b,B4b_iterateWithForeach,EvoSuite,100.00,C,5,run-01-30sec,44796
B4b,B4b_twoArrays,EvoSuite,80.00,NC,5,run-01-30sec,45421
B5a1,B5a1_conditionalCall,EvoSuite,100.00,C,8,run-01-30sec,45804
B5a1,B5a1_simple,EvoSuite,100.00,C,7,run-01-30sec,45800
B5a1,B5a1_useReturnValue,EvoSuite,100.00,C,7,run-01-30sec,46578
B5a2,B5a2_conditionalCall,EvoSuite,100.00,C,9,run-01-30sec,51240
B5a2,B5a2_simple,EvoSuite,100.00,C,9,run-01-30sec,64641
B5a2,B5a2_useReturnValue,EvoSuite,100.00,C,8,run-01-30sec,46484
B5b1,B5b1_fibonacci,EvoSuite,100.00,C,4,run-01-30sec,82449
B5b1,B5b1_simple,EvoSuite,100.00,C,3,run-01-30sec,51426
B5b2,B5b2_fibonacci,EvoSuite,0.00,NC,0,run-01-30sec,563790
B5b2,B5b2_simple,EvoSuite,100.00,C,3,run-01-30sec,106150
B6a,B6a_always,EvoSuite,100.00,C,1,run-01-30sec,42765
B6a,B6a_call,EvoSuite,100.00,C,7,run-01-30sec,45437
B6a,B6a_conditionalAndLoop,EvoSuite,100.00,C,4,run-01-30sec,77917
B6a,B6a_recursive,EvoSuite,100.00,C,4,run-01-30sec,45268
B6a,B6a_tryCatch,EvoSuite,100.00,C,7,run-01-30sec,46597
B6a,B6a_tryCatchFinally,EvoSuite,100.00,C,9,run-01-30sec,47892
B6b,B6b_always,EvoSuite,100.00,C,1,run-01-30sec,42777
B6b,B6b_call,EvoSuite,100.00,C,7,run-01-30sec,46212
B6b,B6b_conditionalAndLoop,EvoSuite,100.00,C,4,run-01-30sec,88439
B6b,B6b_recursive,EvoSuite,100.00,C,4,run-01-30sec,45407
B6b,B6b_tryCatch,EvoSuite,100.00,C,7,run-01-30sec,56873
B6b,B6b_tryCatchFinally,EvoSuite,100.00,C,8,run-01-30sec,47508
B6c,B6c_arithmeticException,EvoSuite,100.00,C,2,run-01-30sec,45576
B6c,B6c_arrayIndexOutOfBoundsException,EvoSuite,100.00,C,2,run-01-30sec,42873
B6c,B6c_classCastException,EvoSuite,100.00,C,2,run-01-30sec,42874
B6c,B6c_illegalArgumentException,EvoSuite,100.00,C,2,run-01-30sec,42984
B6c,B6c_illegalStateException,EvoSuite,100.00,C,2,run-01-30sec,46105
B6c,B6c_indexOutOfBoundsException,EvoSuite,100.00,C,2,run-01-30sec,43014
B6c,B6c_nullPointerException,EvoSuite,100.00,C,2,run-01-30sec,42872
B6c,B6c_securityException,EvoSuite,100.00,C,2,run-01-30sec,42681
B6c,B6c_unsupportedOperationException,EvoSuite,100.00,C,2,run-01-30sec,45886
S1,S1_returnStructure,EvoSuite,100.00,C,2,run-01-30sec,43177
S1,S1_returnStructureParams,EvoSuite,100.00,C,1,run-01-30sec,42289
S1,S1_useStructure,EvoSuite,100.00,C,4,run-01-30sec,43891
S1,S1_useStructureParams,EvoSuite,100.00,C,3,run-01-30sec,43074
S2,S2_oneStructure,EvoSuite,100.00,C,8,run-01-30sec,47188
S2,S2_oneStructureParams,EvoSuite,100.00,C,7,run-01-30sec,46941
S2,S2_twoStructures,EvoSuite,100.00,C,9,run-01-30sec,48218
S2,S2_twoStructuresParams,EvoSuite,100.00,C,7,run-01-30sec,46899
S3,S3_arrayOfStructures,EvoSuite,100.00,C,4,run-01-30sec,45686
S3,S3_arrayOfStructuresParams,EvoSuite,100.00,C,6,run-01-30sec,46113
S3,S3_noLimit,EvoSuite,100.00,C,5,run-01-30sec,113473
S3,S3_noLimitParams,EvoSuite,100.00,C,4,run-01-30sec,126906
S3,S3_withLimit,EvoSuite,100.00,C,5,run-01-30sec,87640
S3,S3_withLimitParams,EvoSuite,100.00,C,5,run-01-30sec,103965
S4,S4_guess,EvoSuite,55.56,NC,7,run-01-30sec,47295
S4,S4_guessCoordinates,EvoSuite,66.67,NC,7,run-01-30sec,47202
S4,S4_guessParams,EvoSuite,91.67,NC,8,run-01-30sec,46097
O1,O1_fullCoverage,EvoSuite,100.00,C,5,run-01-30sec,44991
O1,O1_guessImpossibleObject,EvoSuite,80.00,C,3,run-01-30sec,43891
O1,O1_guessImpossibleOperationCount,EvoSuite,85.71,C,3,run-01-30sec,65002
O1,O1_guessImpossibleOperationCountParams,EvoSuite,83.33,C,2,run-01-30sec,62782
O1,O1_guessImpossibleResult,EvoSuite,92.31,C,3,run-01-30sec,44318
O1,O1_guessImpossibleResultAndOperationCount,EvoSuite,85.71,C,5,run-01-30sec,98830
O1,O1_guessImpossibleResultAndOperationCountParams,EvoSuite,83.33,C,4,run-01-30sec,106790
O1,O1_guessImpossibleResultParams,EvoSuite,83.33,NC,2,run-01-30sec,46072
O1,O1_guessObject,EvoSuite,100.00,C,6,run-01-30sec,44849
O1,O1_guessOperationCount,EvoSuite,100.00,C,4,run-01-30sec,76503
O1,O1_guessOperationCountParams,EvoSuite,100.00,C,3,run-01-30sec,72704
O1,O1_guessResult,EvoSuite,100.00,C,4,run-01-30sec,44713
O1,O1_guessResultAndOperationCount,EvoSuite,85.71,NC,4,run-01-30sec,76892
O1,O1_guessResultAndOperationCountParams,EvoSuite,83.33,NC,3,run-01-30sec,84812
O1,O1_guessResultParams,EvoSuite,100.00,C,3,run-01-30sec,43283
O1,O1_oneOperationNoCheck,EvoSuite,100.00,C,3,run-01-30sec,46581
O1,O1_oneOperationParams,EvoSuite,87.50,NC,2,run-01-30sec,45781
O1,O1_oneOperationWithCheck,EvoSuite,100.00,C,3,run-01-30sec,43679
O1,O1_twoOperationsParams,EvoSuite,100.00,C,2,run-01-30sec,42779
O1,O1_twoOperationsWithCheck,EvoSuite,90.91,NC,3,run-01-30sec,43475
O1,O1_twoOperationsWithNocheck,EvoSuite,88.89,NC,3,run-01-30sec,47179
O2,O2_guessResult,EvoSuite,100.00,C,6,run-01-30sec,45492
O2,O2_guessResultParams,EvoSuite,100.00,C,3,run-01-30sec,46316
O3a,O3a_guessResult,EvoSuite,100.00,C,5,run-01-30sec,44577
O3a,O3a_guessResultParams,EvoSuite,100.00,C,3,run-01-30sec,43399
O3b,O3b_guess,EvoSuite,100.00,C,4,run-01-30sec,44474
O3b,O3b_guessImpossible,EvoSuite,83.33,C,2,run-01-30sec,44595
O3b,O3b_validate,EvoSuite,83.33,C,2,run-01-30sec,43296
O3c,O3c_guess,EvoSuite,100.00,C,4,run-01-30sec,44079
O3c,O3c_guessImpossible,EvoSuite,83.33,C,2,run-01-30sec,43493
O3c,O3c_validate,EvoSuite,83.33,C,2,run-01-30sec,43581
O4,O4_guessImpossible,EvoSuite,88.24,NC,3,run-01-30sec,44196
O4,O4_guessImpossibleParams,EvoSuite,87.50,C,2,run-01-30sec,47035
O4,O4_guessResult,EvoSuite,88.24,NC,3,run-01-30sec,44385
O4,O4_guessResultParams,EvoSuite,93.75,C,3,run-01-30sec,43788
G1,G1_guessType,EvoSuite,88.89,C,4,run-01-30sec,44187
G1,G1_guessTypeAndUse,EvoSuite,93.33,C,8,run-01-30sec,45787
G1,G1_guessTypeWithExtends,EvoSuite,66.67,C,3,run-01-30sec,47088
G1,G1_guessTypeWithExtendsAndUse,EvoSuite,80.00,C,7,run-01-30sec,45601
G2,G2_guessDescendant,EvoSuite,100.00,C,3,run-01-30sec,43580
G2,G2_guessImpossible,EvoSuite,66.67,C,2,run-01-30sec,43088
G2,G2_guessInteger,EvoSuite,100.00,C,3,run-01-30sec,43583
G2,G2_guessIntegerNoHelp,EvoSuite,100.00,C,3,run-01-30sec,43601
G2,G2_guessSafe,EvoSuite,66.67,C,2,run-01-30sec,44113
G2,G2_guessSafeNoHelp,EvoSuite,0.00,NC,2,run-01-30sec,44091
L1,L1_abs,EvoSuite,100.00,C,5,run-01-30sec,44169
L1,L1_absImpossible,EvoSuite,66.67,C,1,run-01-30sec,43390
L1,L1_cbrt,EvoSuite,100.00,C,3,run-01-30sec,46322
L1,L1_cos,EvoSuite,100.00,C,3,run-01-30sec,46410
L1,L1_cosImpossible,EvoSuite,66.67,C,1,run-01-30sec,42085
L1,L1_log10GuessArgument,EvoSuite,100.00,C,3,run-01-30sec,43478
L1,L1_logGuessArgument,EvoSuite,100.00,C,3,run-01-30sec,43894
L1,L1_logGuessBase,EvoSuite,100.00,C,3,run-01-30sec,46709
L1,L1_logGuessBaseAndArgument,EvoSuite,75.00,NC,3,run-01-30sec,44491
L1,L1_minMax,EvoSuite,100.00,C,5,run-01-30sec,43940
L1,L1_minMaxImpossible,EvoSuite,66.67,C,5,run-01-30sec,44492
L1,L1_minMaxWithOrder,EvoSuite,100.00,C,6,run-01-30sec,47607
L1,L1_powGuessBase,EvoSuite,75.00,NC,2,run-01-30sec,46192
L1,L1_powGuessBaseAndExponent,EvoSuite,100.00,C,3,run-01-30sec,43480
L1,L1_powGuessExponent,EvoSuite,75.00,NC,2,run-01-30sec,44284
L1,L1_sin,EvoSuite,100.00,C,3,run-01-30sec,46189
L1,L1_sinImpossible,EvoSuite,66.67,C,1,run-01-30sec,42515
L1,L1_sqrt,EvoSuite,100.00,C,3,run-01-30sec,46684
L1,L1_sqrtImpossible,EvoSuite,66.67,C,1,run-01-30sec,43377
L1,L1_tan,EvoSuite,100.00,C,3,run-01-30sec,46528
L2,L2_add,EvoSuite,100.00,C,4,run-01-30sec,45324
L2,L2_addWithCondition,EvoSuite,84.62,C,5,run-01-30sec,44900
L2,L2_charAt,EvoSuite,85.71,C,5,run-01-30sec,44489
L2,L2_compareTo,EvoSuite,66.67,NC,8,run-01-30sec,46208
L2,L2_compareToIgnoreCase,EvoSuite,66.67,NC,8,run-01-30sec,46429
L2,L2_equality,EvoSuite,88.89,C,4,run-01-30sec,44204
L2,L2_equalityIgnoreCase,EvoSuite,88.89,C,4,run-01-30sec,44010
L2,L2_indexOf,EvoSuite,62.50,NC,4,run-01-30sec,44337
L2,L2_length,EvoSuite,85.71,C,5,run-01-30sec,44300
L2,L2_regionEquality,EvoSuite,75.00,C,3,run-01-30sec,43677
L2,L2_startsEnds,EvoSuite,100.00,C,4,run-01-30sec,46687
L2,L2_substring,EvoSuite,71.43,NC,4,run-01-30sec,43886
L2,L2_switchString,EvoSuite,100.00,C,4,run-01-30sec,43999
L3,L3_guessDouble,EvoSuite,100.00,C,4,run-01-30sec,44186
L3,L3_guessInteger,EvoSuite,100.00,C,4,run-01-30sec,47293
L3,L3_integerOverflow,EvoSuite,100.00,C,4,run-01-30sec,44428
L4,L4_guessElementAndIndex,EvoSuite,100.00,C,5,run-01-30sec,44768
L4,L4_guessElements,EvoSuite,100.00,C,5,run-01-30sec,45400
L4,L4_guessGenericListWithElement,EvoSuite,100.00,C,6,run-01-30sec,45592
L4,L4_guessGenericListWithSize,EvoSuite,100.00,C,4,run-01-30sec,44896
L4,L4_guessGenericVectorWithElement,EvoSuite,100.00,C,5,run-01-30sec,45089
L4,L4_guessGenericVectorWithSize,EvoSuite,100.00,C,4,run-01-30sec,44576
L4,L4_guessIndices,EvoSuite,88.89,NC,6,run-01-30sec,45474
L4,L4_guessListWithSize,EvoSuite,100.00,C,4,run-01-30sec,44816
L4,L4_guessSize,EvoSuite,100.00,C,3,run-01-30sec,43078
L4,L4_guessSizeAndElements,EvoSuite,83.33,NC,5,run-01-30sec,47700
L4,L4_guessVectorWithSize,EvoSuite,100.00,C,4,run-01-30sec,54393
LO,LO_associatesAPIGuessDate,EvoSuite,50.00,NC,2,run-01-30sec,43080
LO,LO_associatesAPIGuessValidDateFormat,EvoSuite,57.14,NC,2,run-01-30sec,44292
LO,LO_guessUUID,EvoSuite,44.44,NC,2,run-01-30sec,42888
LO,LO_guessValidUUID,EvoSuite,66.67,NC,2,run-01-30sec,45774
LO,LO_inheritsAPIGuessOneObject,EvoSuite,85.71,C,4,run-01-30sec,44502
LO,LO_inheritsAPIGuessOnePrimitive,EvoSuite,83.33,C,4,run-01-30sec,47090
LO,LO_inheritsAPIGuessTwoObjects,EvoSuite,91.67,C,6,run-01-30sec,45576
LO,LO_inheritsAPIGuessTwoPrimitives,EvoSuite,91.67,C,5,run-01-30sec,44482
LO,LO_regexCaseInsensitive,EvoSuite,100.00,C,3,run-01-30sec,46301
LO,LO_regexCaseSensitive,EvoSuite,100.00,C,3,run-01-30sec,46308
Others,Others_guess,EvoSuite,100.00,C,6,run-01-30sec,44801
Others,Others_guessEnum,EvoSuite,90.91,C,5,run-01-30sec,44508
Others,Others_guessEnumOrdinal,EvoSuite,90.91,C,5,run-01-30sec,44888
Others,Others_guessEnumString,EvoSuite,90.91,C,5,run-01-30sec,44896
Others,Others_guessWithLength,EvoSuite,80.00,NC,6,run-01-30sec,44384
Others,Others_iterateWithFor,EvoSuite,100.00,C,4,run-01-30sec,44395
Others,Others_iterateWithForeach,EvoSuite,100.00,C,4,run-01-30sec,44587
Others,Others_minMax,EvoSuite,100.00,C,5,run-01-30sec,44310
Others,Others_minMaxImpossible,EvoSuite,66.67,C,5,run-01-30sec,47190
Others,Others_minMaxWithOrder,EvoSuite,100.00,C,6,run-01-30sec,44582
Others,Others_switchEnum,EvoSuite,87.50,C,5,run-01-30sec,44572
Others,Others_test,EvoSuite,100.00,C,3,run-01-30sec,44074
B1a,B1a_oneParamBoolean,EvoSuite,100.00,C,2,run-02-30sec,43025
B1a,B1a_oneParamByte,EvoSuite,100.00,C,3,run-02-30sec,43530
B1a,B1a_oneParamChar,EvoSuite,100.00,C,3,run-02-30sec,44038
B1a,B1a_oneParamDouble,EvoSuite,100.00,C,3,run-02-30sec,43177
B1a,B1a_oneParamFloat,EvoSuite,100.00,C,3,run-02-30sec,43100
B1a,B1a_oneParamInt,EvoSuite,100.00,C,3,run-02-30sec,43199
B1a,B1a_oneParamLong,EvoSuite,100.00,C,3,run-02-30sec,43784
B1a,B1a_oneParamShort,EvoSuite,100.00,C,3,run-02-30sec,43210
B1a,B1a_twoParamBoolean,EvoSuite,100.00,C,2,run-02-30sec,42700
B1a,B1a_twoParamByte,EvoSuite,100.00,C,3,run-02-30sec,43085
B1a,B1a_twoParamChar,EvoSuite,100.00,C,3,run-02-30sec,46481
B1a,B1a_twoParamDouble,EvoSuite,100.00,C,3,run-02-30sec,42694
B1a,B1a_twoParamFloat,EvoSuite,100.00,C,3,run-02-30sec,43197
B1a,B1a_twoParamInt,EvoSuite,100.00,C,3,run-02-30sec,42997
B1a,B1a_twoParamLong,EvoSuite,100.00,C,3,run-02-30sec,43187
B1a,B1a_twoParamShort,EvoSuite,100.00,C,3,run-02-30sec,43287
B1b,B1b_constBoolean,EvoSuite,100.00,C,1,run-02-30sec,42273
B1b,B1b_constByte,EvoSuite,100.00,C,1,run-02-30sec,42811
B1b,B1b_constChar,EvoSuite,100.00,C,1,run-02-30sec,45290
B1b,B1b_constDouble,EvoSuite,100.00,C,1,run-02-30sec,45093
B1b,B1b_constFloat,EvoSuite,100.00,C,1,run-02-30sec,42184
B1b,B1b_constInt,EvoSuite,100.00,C,1,run-02-30sec,42090
B1b,B1b_constLong,EvoSuite,100.00,C,1,run-02-30sec,42403
B1b,B1b_constShort,EvoSuite,100.00,C,1,run-02-30sec,42382
B1c,B1c_add,EvoSuite,100.00,C,3,run-02-30sec,43000
B1c,B1c_addAssignment,EvoSuite,100.00,C,3,run-02-30sec,43088
B1c,B1c_divide,EvoSuite,100.00,C,4,run-02-30sec,43512
B1c,B1c_divideAssignment,EvoSuite,100.00,C,4,run-02-30sec,44503
B1c,B1c_modulo,EvoSuite,100.00,C,4,run-02-30sec,43685
B1c,B1c_moduloAssignment,EvoSuite,100.00,C,4,run-02-30sec,43902
B1c,B1c_multiply,EvoSuite,100.00,C,3,run-02-30sec,43601
B1c,B1c_multiplyAssignment,EvoSuite,100.00,C,3,run-02-30sec,45979
B1c,B1c_postfixMinusMinus,EvoSuite,100.00,C,3,run-02-30sec,42988
B1c,B1c_postfixPlusplus,EvoSuite,100.00,C,3,run-02-30sec,43100
B1c,B1c_substract,EvoSuite,100.00,C,3,run-02-30sec,43099
B1c,B1c_substractAssignment,EvoSuite,100.00,C,3,run-02-30sec,43088
B1c,B1c_unaryMinus,EvoSuite,100.00,C,3,run-02-30sec,46005
B1c,B1c_unaryMinusMinus,EvoSuite,100.00,C,3,run-02-30sec,42993
B1c,B1c_unaryPlus,EvoSuite,100.00,C,3,run-02-30sec,43088
B1c,B1c_unaryPlusPlus,EvoSuite,100.00,C,3,run-02-30sec,43201
B1d,B1d_and,EvoSuite,100.00,C,3,run-02-30sec,43186
B1d,B1d_equal,EvoSuite,100.00,C,3,run-02-30sec,43398
B1d,B1d_greater,EvoSuite,100.00,C,3,run-02-30sec,43195
B1d,B1d_greaterOrEqual,EvoSuite,100.00,C,3,run-02-30sec,42893
B1d,B1d_negate,EvoSuite,100.00,C,2,run-02-30sec,42875
B1d,B1d_notEqual,EvoSuite,100.00,C,3,run-02-30sec,43083
B1d,B1d_or,EvoSuite,100.00,C,3,run-02-30sec,43096
B1d,B1d_smaller,EvoSuite,100.00,C,3,run-02-30sec,44228
B1d,B1d_smallerOrEqual,EvoSuite,100.00,C,3,run-02-30sec,42999
B1e,B1e_and,EvoSuite,100.00,C,3,run-02-30sec,42985
B1e,B1e_andAssignment,EvoSuite,100.00,C,3,run-02-30sec,43387
B1e,B1e_negate,EvoSuite,100.00,C,3,run-02-30sec,42986
B1e,B1e_or,EvoSuite,100.00,C,3,run-02-30sec,43194
B1e,B1e_orAssignment,EvoSuite,100.00,C,3,run-02-30sec,43181
B1e,B1e_shiftLeft,EvoSuite,100.00,C,3,run-02-30sec,43384
B1e,B1e_shiftLeftAssignment,EvoSuite,100.00,C,3,run-02-30sec,43509
B1e,B1e_shiftRight,EvoSuite,100.00,C,4,run-02-30sec,44630
B1e,B1e_shiftRightAssignment,EvoSuite,100.00,C,3,run-02-30sec,43385
B1e,B1e_shiftRightUnsigned,EvoSuite,100.00,C,3,run-02-30sec,42897
B1e,B1e_shiftRightUnsignedAssignment,EvoSuite,100.00,C,4,run-02-30sec,43608
B1e,B1e_xor,EvoSuite,100.00,C,3,run-02-30sec,43580
B1e,B1e_xorAssignment,EvoSuite,100.00,C,3,run-02-30sec,43293
B2a,B2a_oneParamBoolean,EvoSuite,100.00,C,2,run-02-30sec,45477
B2a,B2a_oneParamDouble,EvoSuite,100.00,C,4,run-02-30sec,43824
B2a,B2a_oneParamInt,EvoSuite,100.00,C,4,run-02-30sec,44192
B2a,B2a_twoParamsBoolean,EvoSuite,72.73,C,4,run-02-30sec,44200
B2a,B2a_twoParamsDouble,EvoSuite,84.62,C,7,run-02-30sec,46025
B2a,B2a_twoParamsInt,EvoSuite,84.62,C,7,run-02-30sec,46219
B2b,B2b_oneParamBoolean,EvoSuite,100.00,C,2,run-02-30sec,42518
B2b,B2b_oneParamInt,EvoSuite,100.00,C,3,run-02-30sec,46294
B2b,B2b_twoParamsBoolean,EvoSuite,100.00,C,3,run-02-30sec,43490
B2b,B2b_twoParamsInt,EvoSuite,100.00,C,5,run-02-30sec,43797
B2c,B2c_missingBreaks,EvoSuite,100.00,C,4,run-02-30sec,43797
B2c,B2c_simple,EvoSuite,100.00,C,4,run-02-30sec,43376
B2c,B2c_withReturn,EvoSuite,100.00,C,4,run-02-30sec,43785
B2d,B2d_oneParamDouble,EvoSuite,66.67,NC,2,run-02-30sec,43317
B2d,B2d_oneParamFloat,EvoSuite,100.00,C,3,run-02-30sec,43600
B2d,B2d_oneParamInt,EvoSuite,100.00,C,3,run-02-30sec,43382
B2d,B2d_oneParamIntNoSolution,EvoSuite,66.67,C,2,run-02-30sec,43096
B2d,B2d_quadraticDouble,EvoSuite,80.00,NC,3,run-02-30sec,44904
B2d,B2d_quadraticDoubleNoSolution,EvoSuite,80.00,C,2,run-02-30sec,43983
B2d,B2d_quadraticFloat,EvoSuite,80.00,NC,2,run-02-30sec,43792
B2d,B2d_quadraticFloatNoSolution,EvoSuite,80.00,C,2,run-02-30sec,43829
B2d,B2d_quadraticInt,EvoSuite,80.00,NC,5,run-02-30sec,44883
B2d,B2d_quadraticIntNoSolution,EvoSuite,80.00,C,2,run-02-30sec,43921
B2d,B2d_threeParamsDouble,EvoSuite,83.33,NC,6,run-02-30sec,46104
B2d,B2d_threeParamsFloat,EvoSuite,83.33,NC,6,run-02-30sec,45890
B2d,B2d_threeParamsInt,EvoSuite,83.33,NC,4,run-02-30sec,45390
B2d,B2d_threeParamsIntNoSolution,EvoSuite,83.33,C,4,run-02-30sec,45417
B2d,B2d_twoParamsDouble,EvoSuite,80.00,NC,4,run-02-30sec,47288
B2d,B2d_twoParamsFloat,EvoSuite,80.00,NC,3,run-02-30sec,43596
B2d,B2d_twoParamsInt,EvoSuite,100.00,C,4,run-02-30sec,43990
B2d,B2d_twoParamsIntNoSolution,EvoSuite,80.00,C,4,run-02-30sec,44293
B3a,B3a_complex,EvoSuite,88.24,C,5,run-02-30sec,158189
B3a,B3a_infinite,EvoSuite,0.00,C,1,run-02-30sec,43879
B3a,B3a_infiniteNotOptimalizable,EvoSuite,0.00,C,0,run-02-30sec,426168
B3a,B3a_nestedLoop,EvoSuite,100.00,C,4,run-02-30sec,213490
B3a,B3a_nestedLoopWithLabel,EvoSuite,85.71,NC,3,run-02-30sec,422755
B3a,B3a_withConditionAndLimit,EvoSuite,100.00,C,2,run-02-30sec,77215
B3a,B3a_withConditionNoLimit,EvoSuite,100.00,C,2,run-02-30sec,122956
B3a,B3a_withContinueBreak,EvoSuite,100.00,C,3,run-02-30sec,96365
B3a,B3a_withLimit,EvoSuite,100.00,C,3,run-02-30sec,76873
B3b,B3b_complex,EvoSuite,85.71,C,3,run-02-30sec,148294
B3b,B3b_infinite,EvoSuite,0.00,C,1,run-02-30sec,42595
B3b,B3b_infiniteNotOptimalizable,EvoSuite,0.00,C,0,run-02-30sec,265223
B3b,B3b_nestedLoop,EvoSuite,100.00,C,12,run-02-30sec,444655
B3b,B3b_nestedLoopWithLabel,EvoSuite,90.91,NC,6,run-02-30sec,135395
B3b,B3b_withConditionAndLimit,EvoSuite,100.00,C,2,run-02-30sec,76426
B3b,B3b_withConditionNoLimit,EvoSuite,100.00,C,2,run-02-30sec,120441
B3b,B3b_withContinueBreak,EvoSuite,100.00,C,3,run-02-30sec,88242
B3b,B3b_withLimit,EvoSuite,100.00,C,3,run-02-30sec,77228
B3c,B3c_complex,EvoSuite,88.24,C,3,run-02-30sec,148524
B3c,B3c_infinite,EvoSuite,0.00,C,1,run-02-30sec,43871
B3c,B3c_infiniteNotOptimalizable,EvoSuite,0.00,C,0,run-02-30sec,298667
B3c,B3c_nestedLoop,EvoSuite,100.00,C,2,run-02-30sec,396802
B3c,B3c_nestedLoopWithLabel,EvoSuite,85.71,NC,7,run-02-30sec,377777
B3c,B3c_withConditionAndLimit,EvoSuite,100.00,C,3,run-02-30sec,80217
B3c,B3c_withConditionNoLimit,EvoSuite,100.00,C,3,run-02-30sec,113985
B3c,B3c_withContinueBreak,EvoSuite,100.00,C,3,run-02-30sec,97944
B3c,B3c_withLimit,EvoSuite,100.00,C,2,run-02-30sec,73726
B4a,B4a_fromParams,EvoSuite,75.00,NC,5,run-02-30sec,44204
B4a,B4a_fromParamsWithIndex,EvoSuite,83.33,NC,8,run-02-30sec,46185
B4a,B4a_guessLength,EvoSuite,100.00,C,3,run-02-30sec,43386
B4a,B4a_guessOneArray,EvoSuite,100.00,C,6,run-02-30sec,47499
B4a,B4a_guessOneArrayWithLength,EvoSuite,80.00,NC,6,run-02-30sec,44691
B4a,B4a_indexParam,EvoSuite,100.00,C,6,run-02-30sec,45788
B4a,B4a_iterateWithFor,EvoSuite,100.00,C,4,run-02-30sec,44303
B4a,B4a_iterateWithForeach,EvoSuite,100.00,C,5,run-02-30sec,44185
B4a,B4a_twoArrays,EvoSuite,85.71,NC,6,run-02-30sec,45106
B4b,B4b_fromParams,EvoSuite,100.00,C,6,run-02-30sec,44895
B4b,B4b_fromParamsWithIndex,EvoSuite,75.00,NC,6,run-02-30sec,44791
B4b,B4b_guessLength,EvoSuite,100.00,C,3,run-02-30sec,43382
B4b,B4b_guessOneArray,EvoSuite,100.00,C,6,run-02-30sec,44775
B4b,B4b_guessOneArrayWithLength,EvoSuite,100.00,C,7,run-02-30sec,45192
B4b,B4b_indexParam,EvoSuite,100.00,C,4,run-02-30sec,45607
B4b,B4b_iterateWithFor,EvoSuite,100.00,C,4,run-02-30sec,44582
B4b,B4b_iterateWithForeach,EvoSuite,100.00,C,5,run-02-30sec,44488
B4b,B4b_twoArrays,EvoSuite,100.00,C,6,run-02-30sec,44475
B5a1,B5a1_conditionalCall,EvoSuite,100.00,C,8,run-02-30sec,46101
B5a1,B5a1_simple,EvoSuite,100.00,C,7,run-02-30sec,46601
B5a1,B5a1_useReturnValue,EvoSuite,100.00,C,7,run-02-30sec,45494
B5a2,B5a2_conditionalCall,EvoSuite,100.00,C,10,run-02-30sec,46595
B5a2,B5a2_simple,EvoSuite,100.00,C,9,run-02-30sec,46204
B5a2,B5a2_useReturnValue,EvoSuite,100.00,C,9,run-02-30sec,48339
B5b1,B5b1_fibonacci,EvoSuite,100.00,C,4,run-02-30sec,59392
B5b1,B5b1_simple,EvoSuite,100.00,C,3,run-02-30sec,45076
B5b2,B5b2_fibonacci,EvoSuite,,T/M,,run-02-30sec,231549
B5b2,B5b2_simple,EvoSuite,100.00,C,3,run-02-30sec,75006
B6a,B6a_always,EvoSuite,100.00,C,1,run-02-30sec,42993
B6a,B6a_call,EvoSuite,100.00,C,7,run-02-30sec,45595
B6a,B6a_conditionalAndLoop,EvoSuite,100.00,C,4,run-02-30sec,78117
B6a,B6a_recursive,EvoSuite,100.00,C,4,run-02-30sec,44995
B6a,B6a_tryCatch,EvoSuite,100.00,C,7,run-02-30sec,46699
B6a,B6a_tryCatchFinally,EvoSuite,100.00,C,7,run-02-30sec,47687
B6b,B6b_always,EvoSuite,100.00,C,1,run-02-30sec,43094
B6b,B6b_call,EvoSuite,100.00,C,7,run-02-30sec,46285
B6b,B6b_conditionalAndLoop,EvoSuite,100.00,C,4,run-02-30sec,78426
B6b,B6b_recursive,EvoSuite,100.00,C,4,run-02-30sec,45220
B6b,B6b_tryCatch,EvoSuite,100.00,C,7,run-02-30sec,46184
B6b,B6b_tryCatchFinally,EvoSuite,100.00,C,8,run-02-30sec,47805
B6c,B6c_arithmeticException,EvoSuite,100.00,C,2,run-02-30sec,43084
B6c,B6c_arrayIndexOutOfBoundsException,EvoSuite,100.00,C,2,run-02-30sec,45979
B6c,B6c_classCastException,EvoSuite,100.00,C,2,run-02-30sec,43283
B6c,B6c_illegalArgumentException,EvoSuite,100.00,C,2,run-02-30sec,46614
B6c,B6c_illegalStateException,EvoSuite,100.00,C,2,run-02-30sec,45673
B6c,B6c_indexOutOfBoundsException,EvoSuite,100.00,C,2,run-02-30sec,42766
B6c,B6c_nullPointerException,EvoSuite,100.00,C,2,run-02-30sec,43181
B6c,B6c_securityException,EvoSuite,100.00,C,2,run-02-30sec,42778
B6c,B6c_unsupportedOperationException,EvoSuite,100.00,C,2,run-02-30sec,45378
S1,S1_returnStructure,EvoSuite,100.00,C,2,run-02-30sec,42896
S1,S1_returnStructureParams,EvoSuite,100.00,C,1,run-02-30sec,42278
S1,S1_useStructure,EvoSuite,100.00,C,4,run-02-30sec,44081
S1,S1_useStructureParams,EvoSuite,100.00,C,3,run-02-30sec,42896
S2,S2_oneStructure,EvoSuite,100.00,C,8,run-02-30sec,46906
S2,S2_oneStructureParams,EvoSuite,100.00,C,7,run-02-30sec,45893
S2,S2_twoStructures,EvoSuite,100.00,C,9,run-02-30sec,48507
S2,S2_twoStructuresParams,EvoSuite,100.00,C,7,run-02-30sec,47393
S3,S3_arrayOfStructures,EvoSuite,100.00,C,5,run-02-30sec,45078
S3,S3_arrayOfStructuresParams,EvoSuite,100.00,C,7,run-02-30sec,47125
S3,S3_noLimit,EvoSuite,100.00,C,5,run-02-30sec,111146
S3,S3_noLimitParams,EvoSuite,100.00,C,4,run-02-30sec,120165
S3,S3_withLimit,EvoSuite,100.00,C,6,run-02-30sec,88752
S3,S3_withLimitParams,EvoSuite,100.00,C,4,run-02-30sec,106300
S4,S4_guess,EvoSuite,55.56,NC,6,run-02-30sec,45576
S4,S4_guessCoordinates,EvoSuite,75.00,NC,8,run-02-30sec,47517
S4,S4_guessParams,EvoSuite,91.67,NC,8,run-02-30sec,46585
O1,O1_fullCoverage,EvoSuite,93.33,NC,5,run-02-30sec,45390
O1,O1_guessImpossibleObject,EvoSuite,80.00,C,3,run-02-30sec,43989
O1,O1_guessImpossibleOperationCount,EvoSuite,85.71,C,3,run-02-30sec,60512
O1,O1_guessImpossibleOperationCountParams,EvoSuite,83.33,C,2,run-02-30sec,60182
O1,O1_guessImpossibleResult,EvoSuite,92.31,C,4,run-02-30sec,44299
O1,O1_guessImpossibleResultAndOperationCount,EvoSuite,85.71,C,6,run-02-30sec,106487
O1,O1_guessImpossibleResultAndOperationCountParams,EvoSuite,83.33,C,4,run-02-30sec,106131
O1,O1_guessImpossibleResultParams,EvoSuite,91.67,C,3,run-02-30sec,46274
O1,O1_guessObject,EvoSuite,100.00,C,6,run-02-30sec,44876
O1,O1_guessOperationCount,EvoSuite,100.00,C,4,run-02-30sec,73499
O1,O1_guessOperationCountParams,EvoSuite,100.00,C,3,run-02-30sec,78110
O1,O1_guessResult,EvoSuite,100.00,C,4,run-02-30sec,43996
O1,O1_guessResultAndOperationCount,EvoSuite,85.71,NC,6,run-02-30sec,144538
O1,O1_guessResultAndOperationCountParams,EvoSuite,83.33,NC,3,run-02-30sec,86221
O1,O1_guessResultParams,EvoSuite,100.00,C,3,run-02-30sec,46126
O1,O1_oneOperationNoCheck,EvoSuite,100.00,C,3,run-02-30sec,47711
O1,O1_oneOperationParams,EvoSuite,100.00,C,2,run-02-30sec,45586
O1,O1_oneOperationWithCheck,EvoSuite,100.00,C,3,run-02-30sec,43579
O1,O1_twoOperationsParams,EvoSuite,100.00,C,2,run-02-30sec,45794
O1,O1_twoOperationsWithCheck,EvoSuite,100.00,C,3,run-02-30sec,44074
O1,O1_twoOperationsWithNocheck,EvoSuite,100.00,C,3,run-02-30sec,43589
O2,O2_guessResult,EvoSuite,100.00,C,5,run-02-30sec,44786
O2,O2_guessResultParams,EvoSuite,100.00,C,3,run-02-30sec,43677
O3a,O3a_guessResult,EvoSuite,100.00,C,4,run-02-30sec,44014
O3a,O3a_guessResultParams,EvoSuite,100.00,C,3,run-02-30sec,43391
O3b,O3b_guess,EvoSuite,100.00,C,4,run-02-30sec,44273
O3b,O3b_guessImpossible,EvoSuite,83.33,C,2,run-02-30sec,43201
O3b,O3b_validate,EvoSuite,83.33,C,2,run-02-30sec,44380
O3c,O3c_guess,EvoSuite,100.00,C,4,run-02-30sec,44075
O3c,O3c_guessImpossible,EvoSuite,83.33,C,2,run-02-30sec,43485
O3c,O3c_validate,EvoSuite,83.33,C,2,run-02-30sec,44716
O4,O4_guessImpossible,EvoSuite,88.24,NC,3,run-02-30sec,44084
O4,O4_guessImpossibleParams,EvoSuite,87.50,C,2,run-02-30sec,43093
O4,O4_guessResult,EvoSuite,94.12,NC,3,run-02-30sec,43786
O4,O4_guessResultParams,EvoSuite,87.50,NC,3,run-02-30sec,46005
G1,G1_guessType,EvoSuite,88.89,C,4,run-02-30sec,44085
G1,G1_guessTypeAndUse,EvoSuite,93.33,C,8,run-02-30sec,45796
G1,G1_guessTypeWithExtends,EvoSuite,66.67,C,3,run-02-30sec,43930
G1,G1_guessTypeWithExtendsAndUse,EvoSuite,80.00,C,7,run-02-30sec,45105
G2,G2_guessDescendant,EvoSuite,100.00,C,3,run-02-30sec,43470
G2,G2_guessImpossible,EvoSuite,66.67,C,2,run-02-30sec,44385
G2,G2_guessInteger,EvoSuite,100.00,C,3,run-02-30sec,43612
G2,G2_guessIntegerNoHelp,EvoSuite,100.00,C,3,run-02-30sec,43475
G2,G2_guessSafe,EvoSuite,66.67,C,2,run-02-30sec,44182
G2,G2_guessSafeNoHelp,EvoSuite,0.00,NC,2,run-02-30sec,43978
L1,L1_abs,EvoSuite,100.00,C,5,run-02-30sec,43925
L1,L1_absImpossible,EvoSuite,66.67,C,1,run-02-30sec,42498
L1,L1_cbrt,EvoSuite,100.00,C,3,run-02-30sec,43490
L1,L1_cos,EvoSuite,100.00,C,3,run-02-30sec,43487
L1,L1_cosImpossible,EvoSuite,66.67,C,1,run-02-30sec,45284
L1,L1_log10GuessArgument,EvoSuite,100.00,C,3,run-02-30sec,43788
L1,L1_logGuessArgument,EvoSuite,100.00,C,3,run-02-30sec,43576
L1,L1_logGuessBase,EvoSuite,100.00,C,3,run-02-30sec,46281
L1,L1_logGuessBaseAndArgument,EvoSuite,75.00,NC,3,run-02-30sec,43886
L1,L1_minMax,EvoSuite,100.00,C,5,run-02-30sec,44594
L1,L1_minMaxImpossible,EvoSuite,66.67,C,5,run-02-30sec,46221
L1,L1_minMaxWithOrder,EvoSuite,100.00,C,6,run-02-30sec,44473
L1,L1_powGuessBase,EvoSuite,75.00,NC,2,run-02-30sec,43500
L1,L1_powGuessBaseAndExponent,EvoSuite,100.00,C,3,run-02-30sec,43880
L1,L1_powGuessExponent,EvoSuite,100.00,C,3,run-02-30sec,43420
L1,L1_sin,EvoSuite,100.00,C,3,run-02-30sec,46397
L1,L1_sinImpossible,EvoSuite,66.67,C,1,run-02-30sec,45085
L1,L1_sqrt,EvoSuite,100.00,C,3,run-02-30sec,43995
L1,L1_sqrtImpossible,EvoSuite,66.67,C,1,run-02-30sec,45372
L1,L1_tan,EvoSuite,100.00,C,3,run-02-30sec,43607
L2,L2_add,EvoSuite,100.00,C,4,run-02-30sec,43880
L2,L2_addWithCondition,EvoSuite,84.62,C,5,run-02-30sec,45492
L2,L2_charAt,EvoSuite,85.71,C,5,run-02-30sec,44582
L2,L2_compareTo,EvoSuite,77.78,NC,9,run-02-30sec,46492
L2,L2_compareToIgnoreCase,EvoSuite,66.67,NC,8,run-02-30sec,47085
L2,L2_equality,EvoSuite,88.89,C,4,run-02-30sec,44483
L2,L2_equalityIgnoreCase,EvoSuite,88.89,C,4,run-02-30sec,43787
L2,L2_indexOf,EvoSuite,62.50,NC,4,run-02-30sec,44186
L2,L2_length,EvoSuite,85.71,C,5,run-02-30sec,44720
L2,L2_regionEquality,EvoSuite,75.00,C,3,run-02-30sec,46389
L2,L2_startsEnds,EvoSuite,100.00,C,4,run-02-30sec,43980
L2,L2_substring,EvoSuite,71.43,NC,3,run-02-30sec,43701
L2,L2_switchString,EvoSuite,100.00,C,4,run-02-30sec,44292
L3,L3_guessDouble,EvoSuite,100.00,C,4,run-02-30sec,44198
L3,L3_guessInteger,EvoSuite,100.00,C,4,run-02-30sec,44184
L3,L3_integerOverflow,EvoSuite,100.00,C,5,run-02-30sec,44589
L4,L4_guessElementAndIndex,EvoSuite,100.00,C,5,run-02-30sec,44773
L4,L4_guessElements,EvoSuite,100.00,C,5,run-02-30sec,44581
L4,L4_guessGenericListWithElement,EvoSuite,66.67,NC,5,run-02-30sec,45391
L4,L4_guessGenericListWithSize,EvoSuite,100.00,C,4,run-02-30sec,45585
L4,L4_guessGenericVectorWithElement,EvoSuite,66.67,NC,4,run-02-30sec,47974
L4,L4_guessGenericVectorWithSize,EvoSuite,100.00,C,4,run-02-30sec,49397
L4,L4_guessIndices,EvoSuite,88.89,NC,5,run-02-30sec,46221
L4,L4_guessListWithSize,EvoSuite,100.00,C,4,run-02-30sec,45073
L4,L4_guessSize,EvoSuite,100.00,C,3,run-02-30sec,43470
L4,L4_guessSizeAndElements,EvoSuite,100.00,C,7,run-02-30sec,45199
L4,L4_guessVectorWithSize,EvoSuite,100.00,C,4,run-02-30sec,50132
LO,LO_associatesAPIGuessDate,EvoSuite,50.00,NC,2,run-02-30sec,43084
LO,LO_associatesAPIGuessValidDateFormat,EvoSuite,57.14,NC,2,run-02-30sec,45776
LO,LO_guessUUID,EvoSuite,44.44,NC,2,run-02-30sec,44810
LO,LO_guessValidUUID,EvoSuite,66.67,NC,2,run-02-30sec,42877
LO,LO_inheritsAPIGuessOneObject,EvoSuite,85.71,C,4,run-02-30sec,47584
LO,LO_inheritsAPIGuessOnePrimitive,EvoSuite,83.33,C,4,run-02-30sec,46975
LO,LO_inheritsAPIGuessTwoObjects,EvoSuite,91.67,C,6,run-02-30sec,47621
LO,LO_inheritsAPIGuessTwoPrimitives,EvoSuite,91.67,C,5,run-02-30sec,44480
LO,LO_regexCaseInsensitive,EvoSuite,100.00,C,3,run-02-30sec,43192
LO,LO_regexCaseSensitive,EvoSuite,100.00,C,3,run-02-30sec,46393
Others,Others_guess,EvoSuite,100.00,C,6,run-02-30sec,44994
Others,Others_guessEnum,EvoSuite,90.91,C,5,run-02-30sec,44696
Others,Others_guessEnumOrdinal,EvoSuite,90.91,C,5,run-02-30sec,44802
Others,Others_guessEnumString,EvoSuite,90.91,C,5,run-02-30sec,44590
Others,Others_guessWithLength,EvoSuite,100.00,C,7,run-02-30sec,44707
Others,Others_iterateWithFor,EvoSuite,100.00,C,5,run-02-30sec,44891
Others,Others_iterateWithForeach,EvoSuite,100.00,C,5,run-02-30sec,44694
Others,Others_minMax,EvoSuite,100.00,C,5,run-02-30sec,44374
Others,Others_minMaxImpossible,EvoSuite,66.67,C,5,run-02-30sec,47309
Others,Others_minMaxWithOrder,EvoSuite,100.00,C,6,run-02-30sec,44579
Others,Others_switchEnum,EvoSuite,87.50,C,5,run-02-30sec,44979
Others,Others_test,EvoSuite,100.00,C,3,run-02-30sec,43387
B1a,B1a_oneParamBoolean,EvoSuite,100.00,C,2,run-03-30sec,42926
B1a,B1a_oneParamByte,EvoSuite,100.00,C,3,run-03-30sec,43088
B1a,B1a_oneParamChar,EvoSuite,100.00,C,3,run-03-30sec,43286
B1a,B1a_oneParamDouble,EvoSuite,100.00,C,3,run-03-30sec,43415
B1a,B1a_oneParamFloat,EvoSuite,100.00,C,3,run-03-30sec,42989
B1a,B1a_oneParamInt,EvoSuite,100.00,C,3,run-03-30sec,43095
B1a,B1a_oneParamLong,EvoSuite,100.00,C,3,run-03-30sec,42875
B1a,B1a_oneParamShort,EvoSuite,100.00,C,3,run-03-30sec,43196
B1a,B1a_twoParamBoolean,EvoSuite,100.00,C,2,run-03-30sec,42599
B1a,B1a_twoParamByte,EvoSuite,100.00,C,3,run-03-30sec,43107
B1a,B1a_twoParamChar,EvoSuite,100.00,C,3,run-03-30sec,42895
B1a,B1a_twoParamDouble,EvoSuite,100.00,C,3,run-03-30sec,43087
B1a,B1a_twoParamFloat,EvoSuite,100.00,C,3,run-03-30sec,43180
B1a,B1a_twoParamInt,EvoSuite,100.00,C,3,run-03-30sec,43096
B1a,B1a_twoParamLong,EvoSuite,100.00,C,3,run-03-30sec,43194
B1a,B1a_twoParamShort,EvoSuite,100.00,C,3,run-03-30sec,43111
B1b,B1b_constBoolean,EvoSuite,100.00,C,1,run-03-30sec,45306
B1b,B1b_constByte,EvoSuite,100.00,C,1,run-03-30sec,42691
B1b,B1b_constChar,EvoSuite,100.00,C,1,run-03-30sec,42280
B1b,B1b_constDouble,EvoSuite,100.00,C,1,run-03-30sec,42280
B1b,B1b_constFloat,EvoSuite,100.00,C,1,run-03-30sec,44980
B1b,B1b_constInt,EvoSuite,100.00,C,1,run-03-30sec,43419
B1b,B1b_constLong,EvoSuite,100.00,C,1,run-03-30sec,44990
B1b,B1b_constShort,EvoSuite,100.00,C,1,run-03-30sec,41993
B1c,B1c_add,EvoSuite,100.00,C,3,run-03-30sec,42995
B1c,B1c_addAssignment,EvoSuite,100.00,C,4,run-03-30sec,43393
B1c,B1c_divide,EvoSuite,100.00,C,4,run-03-30sec,43896
B1c,B1c_divideAssignment,EvoSuite,100.00,C,4,run-03-30sec,44935
B1c,B1c_modulo,EvoSuite,100.00,C,4,run-03-30sec,43883
B1c,B1c_moduloAssignment,EvoSuite,100.00,C,4,run-03-30sec,44820
B1c,B1c_multiply,EvoSuite,100.00,C,3,run-03-30sec,43398
B1c,B1c_multiplyAssignment,EvoSuite,100.00,C,3,run-03-30sec,43289
B1c,B1c_postfixMinusMinus,EvoSuite,100.00,C,3,run-03-30sec,43284
B1c,B1c_postfixPlusplus,EvoSuite,100.00,C,3,run-03-30sec,42903
B1c,B1c_substract,EvoSuite,100.00,C,3,run-03-30sec,43014
B1c,B1c_substractAssignment,EvoSuite,100.00,C,3,run-03-30sec,43186
B1c,B1c_unaryMinus,EvoSuite,100.00,C,3,run-03-30sec,42902
B1c,B1c_unaryMinusMinus,EvoSuite,100.00,C,3,run-03-30sec,42901
B1c,B1c_unaryPlus,EvoSuite,100.00,C,3,run-03-30sec,42895
B1c,B1c_unaryPlusPlus,EvoSuite,100.00,C,3,run-03-30sec,43001
B1d,B1d_and,EvoSuite,100.00,C,3,run-03-30sec,42900
B1d,B1d_equal,EvoSuite,100.00,C,3,run-03-30sec,43190
B1d,B1d_greater,EvoSuite,100.00,C,3,run-03-30sec,44031
B1d,B1d_greaterOrEqual,EvoSuite,100.00,C,3,run-03-30sec,44031
B1d,B1d_negate,EvoSuite,100.00,C,2,run-03-30sec,42673
B1d,B1d_notEqual,EvoSuite,100.00,C,3,run-03-30sec,43401
B1d,B1d_or,EvoSuite,100.00,C,3,run-03-30sec,44298
B1d,B1d_smaller,EvoSuite,100.00,C,3,run-03-30sec,43190
B1d,B1d_smallerOrEqual,EvoSuite,100.00,C,3,run-03-30sec,42802
B1e,B1e_and,EvoSuite,100.00,C,3,run-03-30sec,43480
B1e,B1e_andAssignment,EvoSuite,100.00,C,3,run-03-30sec,43500
B1e,B1e_negate,EvoSuite,100.00,C,3,run-03-30sec,43000
B1e,B1e_or,EvoSuite,100.00,C,3,run-03-30sec,42907
B1e,B1e_orAssignment,EvoSuite,100.00,C,3,run-03-30sec,43378
B1e,B1e_shiftLeft,EvoSuite,100.00,C,3,run-03-30sec,43198
B1e,B1e_shiftLeftAssignment,EvoSuite,100.00,C,3,run-03-30sec,43387
B1e,B1e_shiftRight,EvoSuite,100.00,C,3,run-03-30sec,43300
B1e,B1e_shiftRightAssignment,EvoSuite,100.00,C,4,run-03-30sec,43794
B1e,B1e_shiftRightUnsigned,EvoSuite,100.00,C,3,run-03-30sec,42890
B1e,B1e_shiftRightUnsignedAssignment,EvoSuite,100.00,C,3,run-03-30sec,42984
B1e,B1e_xor,EvoSuite,100.00,C,3,run-03-30sec,44234
B1e,B1e_xorAssignment,EvoSuite,100.00,C,3,run-03-30sec,44210
B2a,B2a_oneParamBoolean,EvoSuite,100.00,C,2,run-03-30sec,45700
B2a,B2a_oneParamDouble,EvoSuite,100.00,C,4,run-03-30sec,43690
B2a,B2a_oneParamInt,EvoSuite,100.00,C,4,run-03-30sec,44106
B2a,B2a_twoParamsBoolean,EvoSuite,72.73,C,4,run-03-30sec,45289
B2a,B2a_twoParamsDouble,EvoSuite,84.62,C,7,run-03-30sec,47424
B2a,B2a_twoParamsInt,EvoSuite,84.62,C,7,run-03-30sec,46208
B2b,B2b_oneParamBoolean,EvoSuite,100.00,C,2,run-03-30sec,42588
B2b,B2b_oneParamInt,EvoSuite,100.00,C,3,run-03-30sec,43399
B2b,B2b_twoParamsBoolean,EvoSuite,100.00,C,3,run-03-30sec,43103
B2b,B2b_twoParamsInt,EvoSuite,100.00,C,5,run-03-30sec,43995
B2c,B2c_missingBreaks,EvoSuite,100.00,C,4,run-03-30sec,43785
B2c,B2c_simple,EvoSuite,100.00,C,4,run-03-30sec,44177
B2c,B2c_withReturn,EvoSuite,100.00,C,4,run-03-30sec,43777
B2d,B2d_oneParamDouble,EvoSuite,66.67,NC,2,run-03-30sec,45910
B2d,B2d_oneParamFloat,EvoSuite,66.67,NC,2,run-03-30sec,45993
B2d,B2d_oneParamInt,EvoSuite,100.00,C,3,run-03-30sec,43496
B2d,B2d_oneParamIntNoSolution,EvoSuite,66.67,C,2,run-03-30sec,43087
B2d,B2d_quadraticDouble,EvoSuite,80.00,NC,2,run-03-30sec,44113
B2d,B2d_quadraticDoubleNoSolution,EvoSuite,80.00,C,2,run-03-30sec,43695
B2d,B2d_quadraticFloat,EvoSuite,80.00,NC,3,run-03-30sec,44678
B2d,B2d_quadraticFloatNoSolution,EvoSuite,80.00,C,1,run-03-30sec,43018
B2d,B2d_quadraticInt,EvoSuite,100.00,C,6,run-03-30sec,45692
B2d,B2d_quadraticIntNoSolution,EvoSuite,80.00,C,3,run-03-30sec,44803
B2d,B2d_threeParamsDouble,EvoSuite,83.33,NC,6,run-03-30sec,45889
B2d,B2d_threeParamsFloat,EvoSuite,83.33,NC,7,run-03-30sec,46391
B2d,B2d_threeParamsInt,EvoSuite,83.33,NC,4,run-03-30sec,44597
B2d,B2d_threeParamsIntNoSolution,EvoSuite,83.33,C,4,run-03-30sec,46347
B2d,B2d_twoParamsDouble,EvoSuite,80.00,NC,4,run-03-30sec,44382
B2d,B2d_twoParamsFloat,EvoSuite,80.00,NC,4,run-03-30sec,47591
B2d,B2d_twoParamsInt,EvoSuite,80.00,NC,3,run-03-30sec,43904
B2d,B2d_twoParamsIntNoSolution,EvoSuite,80.00,C,3,run-03-30sec,43705
B3a,B3a_complex,EvoSuite,88.24,C,4,run-03-30sec,138767
B3a,B3a_infinite,EvoSuite,0.00,C,1,run-03-30sec,43778
B3a,B3a_infiniteNotOptimalizable,EvoSuite,0.00,C,0,run-03-30sec,395805
B3a,B3a_nestedLoop,EvoSuite,70.00,NC,3,run-03-30sec,349888
B3a,B3a_nestedLoopWithLabel,EvoSuite,28.57,NC,1,run-03-30sec,240483
B3a,B3a_withConditionAndLimit,EvoSuite,100.00,C,2,run-03-30sec,77633
B3a,B3a_withConditionNoLimit,EvoSuite,100.00,C,2,run-03-30sec,110543
B3a,B3a_withContinueBreak,EvoSuite,100.00,C,3,run-03-30sec,95487
B3a,B3a_withLimit,EvoSuite,100.00,C,3,run-03-30sec,76556
B3b,B3b_complex,EvoSuite,85.71,C,4,run-03-30sec,211573
B3b,B3b_infinite,EvoSuite,0.00,C,1,run-03-30sec,42769
B3b,B3b_infiniteNotOptimalizable,EvoSuite,0.00,C,0,run-03-30sec,365635
B3b,B3b_nestedLoop,EvoSuite,100.00,C,5,run-03-30sec,193027
B3b,B3b_nestedLoopWithLabel,EvoSuite,100.00,C,12,run-03-30sec,328121
B3b,B3b_withConditionAndLimit,EvoSuite,100.00,C,3,run-03-30sec,80045
B3b,B3b_withConditionNoLimit,EvoSuite,100.00,C,2,run-03-30sec,112782
B3b,B3b_withContinueBreak,EvoSuite,100.00,C,3,run-03-30sec,84920
B3b,B3b_withLimit,EvoSuite,100.00,C,3,run-03-30sec,73841
B3c,B3c_complex,EvoSuite,88.24,C,3,run-03-30sec,150183
B3c,B3c_infinite,EvoSuite,0.00,C,1,run-03-30sec,42989
B3c,B3c_infiniteNotOptimalizable,EvoSuite,0.00,C,0,run-03-30sec,355936
B3c,B3c_nestedLoop,EvoSuite,100.00,C,4,run-03-30sec,355749
B3c,B3c_nestedLoopWithLabel,EvoSuite,85.71,NC,6,run-03-30sec,310579
B3c,B3c_withConditionAndLimit,EvoSuite,100.00,C,3,run-03-30sec,80350
B3c,B3c_withConditionNoLimit,EvoSuite,100.00,C,3,run-03-30sec,110833
B3c,B3c_withContinueBreak,EvoSuite,100.00,C,3,run-03-30sec,101860
B3c,B3c_withLimit,EvoSuite,100.00,C,2,run-03-30sec,73318
B4a,B4a_fromParams,EvoSuite,75.00,NC,5,run-03-30sec,47080
B4a,B4a_fromParamsWithIndex,EvoSuite,83.33,NC,8,run-03-30sec,46413
B4a,B4a_guessLength,EvoSuite,100.00,C,3,run-03-30sec,46284
B4a,B4a_guessOneArray,EvoSuite,100.00,C,6,run-03-30sec,44682
B4a,B4a_guessOneArrayWithLength,EvoSuite,100.00,C,7,run-03-30sec,45901
B4a,B4a_indexParam,EvoSuite,100.00,C,6,run-03-30sec,45785
B4a,B4a_iterateWithFor,EvoSuite,100.00,C,5,run-03-30sec,44588
B4a,B4a_iterateWithForeach,EvoSuite,100.00,C,5,run-03-30sec,44787
B4a,B4a_twoArrays,EvoSuite,100.00,C,7,run-03-30sec,45796
B4b,B4b_fromParams,EvoSuite,100.00,C,6,run-03-30sec,44693
B4b,B4b_fromParamsWithIndex,EvoSuite,75.00,NC,5,run-03-30sec,44473
B4b,B4b_guessLength,EvoSuite,100.00,C,3,run-03-30sec,45986
B4b,B4b_guessOneArray,EvoSuite,100.00,C,6,run-03-30sec,44975
B4b,B4b_guessOneArrayWithLength,EvoSuite,100.00,C,7,run-03-30sec,45493
B4b,B4b_indexParam,EvoSuite,100.00,C,4,run-03-30sec,44281
B4b,B4b_iterateWithFor,EvoSuite,100.00,C,5,run-03-30sec,44515
B4b,B4b_iterateWithForeach,EvoSuite,100.00,C,5,run-03-30sec,44799
B4b,B4b_twoArrays,EvoSuite,100.00,C,6,run-03-30sec,45086
B5a1,B5a1_conditionalCall,EvoSuite,100.00,C,8,run-03-30sec,45989
B5a1,B5a1_simple,EvoSuite,100.00,C,7,run-03-30sec,45635
B5a1,B5a1_useReturnValue,EvoSuite,100.00,C,7,run-03-30sec,46039
B5a2,B5a2_conditionalCall,EvoSuite,100.00,C,10,run-03-30sec,47185
B5a2,B5a2_simple,EvoSuite,100.00,C,9,run-03-30sec,47203
B5a2,B5a2_useReturnValue,EvoSuite,100.00,C,9,run-03-30sec,46290
B5b1,B5b1_fibonacci,EvoSuite,100.00,C,3,run-03-30sec,52386
B5b1,B5b1_simple,EvoSuite,100.00,C,4,run-03-30sec,48397
B5b2,B5b2_fibonacci,EvoSuite,100.00,C,3,run-03-30sec,169274
B5b2,B5b2_simple,EvoSuite,100.00,C,3,run-03-30sec,73207
B6a,B6a_always,EvoSuite,100.00,C,1,run-03-30sec,42774
B6a,B6a_call,EvoSuite,100.00,C,7,run-03-30sec,46964
B6a,B6a_conditionalAndLoop,EvoSuite,100.00,C,4,run-03-30sec,78222
B6a,B6a_recursive,EvoSuite,100.00,C,4,run-03-30sec,45388
B6a,B6a_tryCatch,EvoSuite,100.00,C,7,run-03-30sec,46297
B6a,B6a_tryCatchFinally,EvoSuite,100.00,C,9,run-03-30sec,48301
B6b,B6b_always,EvoSuite,100.00,C,1,run-03-30sec,42870
B6b,B6b_call,EvoSuite,100.00,C,7,run-03-30sec,46093
B6b,B6b_conditionalAndLoop,EvoSuite,100.00,C,4,run-03-30sec,78137
B6b,B6b_recursive,EvoSuite,100.00,C,4,run-03-30sec,45203
B6b,B6b_tryCatch,EvoSuite,100.00,C,7,run-03-30sec,45989
B6b,B6b_tryCatchFinally,EvoSuite,100.00,C,8,run-03-30sec,47296
B6c,B6c_arithmeticException,EvoSuite,100.00,C,2,run-03-30sec,42973
B6c,B6c_arrayIndexOutOfBoundsException,EvoSuite,100.00,C,2,run-03-30sec,43265
B6c,B6c_classCastException,EvoSuite,100.00,C,2,run-03-30sec,42791
B6c,B6c_illegalArgumentException,EvoSuite,100.00,C,2,run-03-30sec,45674
B6c,B6c_illegalStateException,EvoSuite,100.00,C,2,run-03-30sec,45978
B6c,B6c_indexOutOfBoundsException,EvoSuite,100.00,C,2,run-03-30sec,42765
B6c,B6c_nullPointerException,EvoSuite,100.00,C,2,run-03-30sec,42966
B6c,B6c_securityException,EvoSuite,100.00,C,2,run-03-30sec,42998
B6c,B6c_unsupportedOperationException,EvoSuite,100.00,C,2,run-03-30sec,43209
S1,S1_returnStructure,EvoSuite,100.00,C,2,run-03-30sec,43190
S1,S1_returnStructureParams,EvoSuite,100.00,C,1,run-03-30sec,42375
S1,S1_useStructure,EvoSuite,100.00,C,4,run-03-30sec,43685
S1,S1_useStructureParams,EvoSuite,100.00,C,3,run-03-30sec,42975
S2,S2_oneStructure,EvoSuite,100.00,C,8,run-03-30sec,46398
S2,S2_oneStructureParams,EvoSuite,100.00,C,7,run-03-30sec,46598
S2,S2_twoStructures,EvoSuite,100.00,C,9,run-03-30sec,48024
S2,S2_twoStructuresParams,EvoSuite,100.00,C,7,run-03-30sec,48096
S3,S3_arrayOfStructures,EvoSuite,100.00,C,5,run-03-30sec,47790
S3,S3_arrayOfStructuresParams,EvoSuite,100.00,C,6,run-03-30sec,45877
S3,S3_noLimit,EvoSuite,100.00,C,5,run-03-30sec,129092
S3,S3_noLimitParams,EvoSuite,100.00,C,4,run-03-30sec,112272
S3,S3_withLimit,EvoSuite,100.00,C,5,run-03-30sec,88057
S3,S3_withLimitParams,EvoSuite,100.00,C,4,run-03-30sec,104582
S4,S4_guess,EvoSuite,55.56,NC,7,run-03-30sec,47492
S4,S4_guessCoordinates,EvoSuite,66.67,NC,8,run-03-30sec,47293
S4,S4_guessParams,EvoSuite,91.67,NC,8,run-03-30sec,46985
O1,O1_fullCoverage,EvoSuite,93.33,NC,4,run-03-30sec,44720
O1,O1_guessImpossibleObject,EvoSuite,80.00,C,3,run-03-30sec,44100
O1,O1_guessImpossibleOperationCount,EvoSuite,85.71,C,3,run-03-30sec,61690
O1,O1_guessImpossibleOperationCountParams,EvoSuite,83.33,C,2,run-03-30sec,59369
O1,O1_guessImpossibleResult,EvoSuite,92.31,C,3,run-03-30sec,47999
O1,O1_guessImpossibleResultAndOperationCount,EvoSuite,85.71,C,3,run-03-30sec,70199
O1,O1_guessImpossibleResultAndOperationCountParams,EvoSuite,83.33,C,5,run-03-30sec,101446
O1,O1_guessImpossibleResultParams,EvoSuite,91.67,C,3,run-03-30sec,43582
O1,O1_guessObject,EvoSuite,100.00,C,6,run-03-30sec,45086
O1,O1_guessOperationCount,EvoSuite,100.00,C,4,run-03-30sec,72800
O1,O1_guessOperationCountParams,EvoSuite,100.00,C,3,run-03-30sec,80006
O1,O1_guessResult,EvoSuite,100.00,C,3,run-03-30sec,44128
O1,O1_guessResultAndOperationCount,EvoSuite,85.71,NC,5,run-03-30sec,100825
O1,O1_guessResultAndOperationCountParams,EvoSuite,83.33,NC,4,run-03-30sec,111240
O1,O1_guessResultParams,EvoSuite,100.00,C,3,run-03-30sec,43185
O1,O1_oneOperationNoCheck,EvoSuite,100.00,C,3,run-03-30sec,43576
O1,O1_oneOperationParams,EvoSuite,87.50,NC,2,run-03-30sec,43477
O1,O1_oneOperationWithCheck,EvoSuite,88.89,NC,3,run-03-30sec,46588
O1,O1_twoOperationsParams,EvoSuite,90.00,NC,2,run-03-30sec,45581
O1,O1_twoOperationsWithCheck,EvoSuite,90.91,NC,3,run-03-30sec,43790
O1,O1_twoOperationsWithNocheck,EvoSuite,88.89,NC,3,run-03-30sec,43377
O2,O2_guessResult,EvoSuite,100.00,C,5,run-03-30sec,44502
O2,O2_guessResultParams,EvoSuite,100.00,C,3,run-03-30sec,43380
O3a,O3a_guessResult,EvoSuite,94.44,NC,4,run-03-30sec,44289
O3a,O3a_guessResultParams,EvoSuite,94.12,NC,3,run-03-30sec,46395
O3b,O3b_guess,EvoSuite,100.00,C,4,run-03-30sec,43690
O3b,O3b_guessImpossible,EvoSuite,83.33,C,2,run-03-30sec,46190
O3b,O3b_validate,EvoSuite,83.33,C,2,run-03-30sec,44077
O3c,O3c_guess,EvoSuite,100.00,C,4,run-03-30sec,43781
O3c,O3c_guessImpossible,EvoSuite,83.33,C,2,run-03-30sec,43620
O3c,O3c_validate,EvoSuite,83.33,C,2,run-03-30sec,43390
O4,O4_guessImpossible,EvoSuite,88.24,NC,3,run-03-30sec,43987
O4,O4_guessImpossibleParams,EvoSuite,87.50,C,2,run-03-30sec,43091
O4,O4_guessResult,EvoSuite,88.24,NC,3,run-03-30sec,46780
O4,O4_guessResultParams,EvoSuite,93.75,C,3,run-03-30sec,43793
G1,G1_guessType,EvoSuite,88.89,C,4,run-03-30sec,45215
G1,G1_guessTypeAndUse,EvoSuite,93.33,C,8,run-03-30sec,45795
G1,G1_guessTypeWithExtends,EvoSuite,66.67,C,3,run-03-30sec,43691
G1,G1_guessTypeWithExtendsAndUse,EvoSuite,80.00,C,7,run-03-30sec,45588
G2,G2_guessDescendant,EvoSuite,100.00,C,3,run-03-30sec,43686
G2,G2_guessImpossible,EvoSuite,66.67,C,2,run-03-30sec,43279
G2,G2_guessInteger,EvoSuite,100.00,C,3,run-03-30sec,43371
G2,G2_guessIntegerNoHelp,EvoSuite,100.00,C,3,run-03-30sec,43581
G2,G2_guessSafe,EvoSuite,66.67,C,2,run-03-30sec,43399
G2,G2_guessSafeNoHelp,EvoSuite,0.00,NC,2,run-03-30sec,47329
L1,L1_abs,EvoSuite,100.00,C,5,run-03-30sec,44095
L1,L1_absImpossible,EvoSuite,66.67,C,1,run-03-30sec,42974
L1,L1_cbrt,EvoSuite,100.00,C,3,run-03-30sec,46717
L1,L1_cos,EvoSuite,100.00,C,3,run-03-30sec,43486
L1,L1_cosImpossible,EvoSuite,66.67,C,1,run-03-30sec,42275
L1,L1_log10GuessArgument,EvoSuite,100.00,C,3,run-03-30sec,43178
L1,L1_logGuessArgument,EvoSuite,100.00,C,3,run-03-30sec,43414
L1,L1_logGuessBase,EvoSuite,100.00,C,3,run-03-30sec,46678
L1,L1_logGuessBaseAndArgument,EvoSuite,100.00,C,3,run-03-30sec,43910
L1,L1_minMax,EvoSuite,100.00,C,5,run-03-30sec,44310
L1,L1_minMaxImpossible,EvoSuite,66.67,C,5,run-03-30sec,44691
L1,L1_minMaxWithOrder,EvoSuite,100.00,C,6,run-03-30sec,45394
L1,L1_powGuessBase,EvoSuite,75.00,NC,2,run-03-30sec,43185
L1,L1_powGuessBaseAndExponent,EvoSuite,100.00,C,3,run-03-30sec,43924
L1,L1_powGuessExponent,EvoSuite,75.00,NC,2,run-03-30sec,44077
L1,L1_sin,EvoSuite,100.00,C,3,run-03-30sec,46686
L1,L1_sinImpossible,EvoSuite,66.67,C,1,run-03-30sec,43331
L1,L1_sqrt,EvoSuite,100.00,C,3,run-03-30sec,46776
L1,L1_sqrtImpossible,EvoSuite,66.67,C,1,run-03-30sec,42483
L1,L1_tan,EvoSuite,100.00,C,3,run-03-30sec,46593
L2,L2_add,EvoSuite,100.00,C,4,run-03-30sec,43589
L2,L2_addWithCondition,EvoSuite,84.62,C,5,run-03-30sec,45849
L2,L2_charAt,EvoSuite,85.71,C,5,run-03-30sec,44604
L2,L2_compareTo,EvoSuite,77.78,NC,9,run-03-30sec,45716
L2,L2_compareToIgnoreCase,EvoSuite,66.67,NC,8,run-03-30sec,46093
L2,L2_equality,EvoSuite,88.89,C,4,run-03-30sec,43903
L2,L2_equalityIgnoreCase,EvoSuite,88.89,C,4,run-03-30sec,43992
L2,L2_indexOf,EvoSuite,62.50,NC,4,run-03-30sec,43899
L2,L2_length,EvoSuite,85.71,C,5,run-03-30sec,44089
L2,L2_regionEquality,EvoSuite,62.50,NC,3,run-03-30sec,46593
L2,L2_startsEnds,EvoSuite,100.00,C,4,run-03-30sec,43784
L2,L2_substring,EvoSuite,71.43,NC,3,run-03-30sec,46489
L2,L2_switchString,EvoSuite,100.00,C,4,run-03-30sec,43913
L3,L3_guessDouble,EvoSuite,100.00,C,4,run-03-30sec,45522
L3,L3_guessInteger,EvoSuite,100.00,C,4,run-03-30sec,44089
L3,L3_integerOverflow,EvoSuite,100.00,C,5,run-03-30sec,44582
L4,L4_guessElementAndIndex,EvoSuite,100.00,C,5,run-03-30sec,44888
L4,L4_guessElements,EvoSuite,100.00,C,5,run-03-30sec,44687
L4,L4_guessGenericListWithElement,EvoSuite,100.00,C,5,run-03-30sec,45088
L4,L4_guessGenericListWithSize,EvoSuite,100.00,C,4,run-03-30sec,44693
L4,L4_guessGenericVectorWithElement,EvoSuite,100.00,C,5,run-03-30sec,45092
L4,L4_guessGenericVectorWithSize,EvoSuite,100.00,C,4,run-03-30sec,44492
L4,L4_guessIndices,EvoSuite,88.89,NC,6,run-03-30sec,48389
L4,L4_guessListWithSize,EvoSuite,100.00,C,4,run-03-30sec,45372
L4,L4_guessSize,EvoSuite,100.00,C,3,run-03-30sec,43575
L4,L4_guessSizeAndElements,EvoSuite,100.00,C,7,run-03-30sec,45392
L4,L4_guessVectorWithSize,EvoSuite,100.00,C,4,run-03-30sec,44794
LO,LO_associatesAPIGuessDate,EvoSuite,50.00,NC,2,run-03-30sec,44122
LO,LO_associatesAPIGuessValidDateFormat,EvoSuite,57.14,NC,2,run-03-30sec,45694
LO,LO_guessUUID,EvoSuite,44.44,NC,2,run-03-30sec,46286
LO,LO_guessValidUUID,EvoSuite,66.67,NC,2,run-03-30sec,42882
LO,LO_inheritsAPIGuessOneObject,EvoSuite,85.71,C,4,run-03-30sec,44676
LO,LO_inheritsAPIGuessOnePrimitive,EvoSuite,83.33,C,4,run-03-30sec,46694
LO,LO_inheritsAPIGuessTwoObjects,EvoSuite,91.67,C,6,run-03-30sec,45676
LO,LO_inheritsAPIGuessTwoPrimitives,EvoSuite,91.67,C,5,run-03-30sec,47685
LO,LO_regexCaseInsensitive,EvoSuite,100.00,C,3,run-03-30sec,46503
LO,LO_regexCaseSensitive,EvoSuite,100.00,C,3,run-03-30sec,43388
Others,Others_guess,EvoSuite,100.00,C,6,run-03-30sec,44593
Others,Others_guessEnum,EvoSuite,90.91,C,5,run-03-30sec,44593
Others,Others_guessEnumOrdinal,EvoSuite,90.91,C,5,run-03-30sec,44786
Others,Others_guessEnumString,EvoSuite,90.91,C,5,run-03-30sec,45116
Others,Others_guessWithLength,EvoSuite,100.00,C,7,run-03-30sec,45686
Others,Others_iterateWithFor,EvoSuite,100.00,C,5,run-03-30sec,44623
Others,Others_iterateWithForeach,EvoSuite,100.00,C,5,run-03-30sec,44601
Others,Others_minMax,EvoSuite,100.00,C,5,run-03-30sec,44190
Others,Others_minMaxImpossible,EvoSuite,66.67,C,5,run-03-30sec,47198
Others,Others_minMaxWithOrder,EvoSuite,100.00,C,6,run-03-30sec,44817
Others,Others_switchEnum,EvoSuite,87.50,C,5,run-03-30sec,44684
Others,Others_test,EvoSuite,100.00,C,3,run-03-30sec,43488
B1a,B1a_oneParamBoolean,EvoSuite,100.00,C,2,run-04-30sec,43104
B1a,B1a_oneParamByte,EvoSuite,100.00,C,3,run-04-30sec,43211
B1a,B1a_oneParamChar,EvoSuite,100.00,C,3,run-04-30sec,42892
B1a,B1a_oneParamDouble,EvoSuite,100.00,C,3,run-04-30sec,43280
B1a,B1a_oneParamFloat,EvoSuite,100.00,C,3,run-04-30sec,42980
B1a,B1a_oneParamInt,EvoSuite,100.00,C,3,run-04-30sec,43418
B1a,B1a_oneParamLong,EvoSuite,100.00,C,3,run-04-30sec,43389
B1a,B1a_oneParamShort,EvoSuite,100.00,C,3,run-04-30sec,43091
B1a,B1a_twoParamBoolean,EvoSuite,100.00,C,2,run-04-30sec,42579
B1a,B1a_twoParamByte,EvoSuite,100.00,C,3,run-04-30sec,43386
B1a,B1a_twoParamChar,EvoSuite,100.00,C,3,run-04-30sec,43091
B1a,B1a_twoParamDouble,EvoSuite,100.00,C,3,run-04-30sec,43082
B1a,B1a_twoParamFloat,EvoSuite,100.00,C,3,run-04-30sec,42994
B1a,B1a_twoParamInt,EvoSuite,100.00,C,3,run-04-30sec,43020
B1a,B1a_twoParamLong,EvoSuite,100.00,C,3,run-04-30sec,43097
B1a,B1a_twoParamShort,EvoSuite,100.00,C,3,run-04-30sec,43198
B1b,B1b_constBoolean,EvoSuite,100.00,C,1,run-04-30sec,44997
B1b,B1b_constByte,EvoSuite,100.00,C,1,run-04-30sec,42296
B1b,B1b_constChar,EvoSuite,100.00,C,1,run-04-30sec,42385
B1b,B1b_constDouble,EvoSuite,100.00,C,1,run-04-30sec,45207
B1b,B1b_constFloat,EvoSuite,100.00,C,1,run-04-30sec,44880
B1b,B1b_constInt,EvoSuite,100.00,C,1,run-04-30sec,42185
B1b,B1b_constLong,EvoSuite,100.00,C,1,run-04-30sec,44884
B1b,B1b_constShort,EvoSuite,100.00,C,1,run-04-30sec,42397
B1c,B1c_add,EvoSuite,100.00,C,3,run-04-30sec,43824
B1c,B1c_addAssignment,EvoSuite,100.00,C,3,run-04-30sec,43239
B1c,B1c_divide,EvoSuite,100.00,C,4,run-04-30sec,43584
B1c,B1c_divideAssignment,EvoSuite,100.00,C,4,run-04-30sec,43679
B1c,B1c_modulo,EvoSuite,100.00,C,4,run-04-30sec,43792
B1c,B1c_moduloAssignment,EvoSuite,100.00,C,4,run-04-30sec,43896
B1c,B1c_multiply,EvoSuite,100.00,C,3,run-04-30sec,43504
B1c,B1c_multiplyAssignment,EvoSuite,100.00,C,3,run-04-30sec,43430
B1c,B1c_postfixMinusMinus,EvoSuite,100.00,C,3,run-04-30sec,42894
B1c,B1c_postfixPlusplus,EvoSuite,100.00,C,3,run-04-30sec,43396
B1c,B1c_substract,EvoSuite,100.00,C,3,run-04-30sec,43285
B1c,B1c_substractAssignment,EvoSuite,100.00,C,3,run-04-30sec,44278
B1c,B1c_unaryMinus,EvoSuite,100.00,C,3,run-04-30sec,42995
B1c,B1c_unaryMinusMinus,EvoSuite,100.00,C,3,run-04-30sec,43082
B1c,B1c_unaryPlus,EvoSuite,100.00,C,3,run-04-30sec,43191
B1c,B1c_unaryPlusPlus,EvoSuite,100.00,C,3,run-04-30sec,43190
B1d,B1d_and,EvoSuite,100.00,C,3,run-04-30sec,44096
B1d,B1d_equal,EvoSuite,100.00,C,3,run-04-30sec,43180
B1d,B1d_greater,EvoSuite,100.00,C,3,run-04-30sec,43390
B1d,B1d_greaterOrEqual,EvoSuite,100.00,C,3,run-04-30sec,43082
B1d,B1d_negate,EvoSuite,100.00,C,2,run-04-30sec,42584
B1d,B1d_notEqual,EvoSuite,100.00,C,3,run-04-30sec,43188
B1d,B1d_or,EvoSuite,100.00,C,3,run-04-30sec,43433
B1d,B1d_smaller,EvoSuite,100.00,C,3,run-04-30sec,43187
B1d,B1d_smallerOrEqual,EvoSuite,100.00,C,3,run-04-30sec,43191
B1e,B1e_and,EvoSuite,100.00,C,3,run-04-30sec,42976
B1e,B1e_andAssignment,EvoSuite,100.00,C,3,run-04-30sec,44308
B1e,B1e_negate,EvoSuite,100.00,C,3,run-04-30sec,42985
B1e,B1e_or,EvoSuite,100.00,C,4,run-04-30sec,43400
B1e,B1e_orAssignment,EvoSuite,100.00,C,3,run-04-30sec,43385
B1e,B1e_shiftLeft,EvoSuite,100.00,C,3,run-04-30sec,43137
B1e,B1e_shiftLeftAssignment,EvoSuite,100.00,C,3,run-04-30sec,43192
B1e,B1e_shiftRight,EvoSuite,100.00,C,3,run-04-30sec,43393
B1e,B1e_shiftRightAssignment,EvoSuite,100.00,C,3,run-04-30sec,43177
B1e,B1e_shiftRightUnsigned,EvoSuite,100.00,C,3,run-04-30sec,43084
B1e,B1e_shiftRightUnsignedAssignment,EvoSuite,100.00,C,3,run-04-30sec,42902
B1e,B1e_xor,EvoSuite,100.00,C,3,run-04-30sec,43079
B1e,B1e_xorAssignment,EvoSuite,100.00,C,3,run-04-30sec,43386
B2a,B2a_oneParamBoolean,EvoSuite,100.00,C,2,run-04-30sec,45717
B2a,B2a_oneParamDouble,EvoSuite,100.00,C,4,run-04-30sec,43886
B2a,B2a_oneParamInt,EvoSuite,100.00,C,4,run-04-30sec,44199
B2a,B2a_twoParamsBoolean,EvoSuite,72.73,C,4,run-04-30sec,44299
B2a,B2a_twoParamsDouble,EvoSuite,84.62,C,7,run-04-30sec,46204
B2a,B2a_twoParamsInt,EvoSuite,84.62,C,7,run-04-30sec,45997
B2b,B2b_oneParamBoolean,EvoSuite,100.00,C,2,run-04-30sec,42492
B2b,B2b_oneParamInt,EvoSuite,100.00,C,3,run-04-30sec,43202
B2b,B2b_twoParamsBoolean,EvoSuite,100.00,C,3,run-04-30sec,43422
B2b,B2b_twoParamsInt,EvoSuite,100.00,C,5,run-04-30sec,44298
B2c,B2c_missingBreaks,EvoSuite,100.00,C,4,run-04-30sec,43705
B2c,B2c_simple,EvoSuite,100.00,C,4,run-04-30sec,43993
B2c,B2c_withReturn,EvoSuite,100.00,C,4,run-04-30sec,43808
B2d,B2d_oneParamDouble,EvoSuite,100.00,C,3,run-04-30sec,46086
B2d,B2d_oneParamFloat,EvoSuite,66.67,NC,2,run-04-30sec,45885
B2d,B2d_oneParamInt,EvoSuite,100.00,C,3,run-04-30sec,43804
B2d,B2d_oneParamIntNoSolution,EvoSuite,66.67,C,2,run-04-30sec,43104
B2d,B2d_quadraticDouble,EvoSuite,80.00,NC,2,run-04-30sec,44733
B2d,B2d_quadraticDoubleNoSolution,EvoSuite,80.00,C,2,run-04-30sec,43886
B2d,B2d_quadraticFloat,EvoSuite,80.00,NC,2,run-04-30sec,43882
B2d,B2d_quadraticFloatNoSolution,EvoSuite,80.00,C,2,run-04-30sec,43793
B2d,B2d_quadraticInt,EvoSuite,80.00,NC,5,run-04-30sec,44899
B2d,B2d_quadraticIntNoSolution,EvoSuite,80.00,C,2,run-04-30sec,43792
B2d,B2d_threeParamsDouble,EvoSuite,83.33,NC,6,run-04-30sec,46292
B2d,B2d_threeParamsFloat,EvoSuite,83.33,NC,7,run-04-30sec,46695
B2d,B2d_threeParamsInt,EvoSuite,83.33,NC,4,run-04-30sec,45424
B2d,B2d_threeParamsIntNoSolution,EvoSuite,83.33,C,4,run-04-30sec,47793
B2d,B2d_twoParamsDouble,EvoSuite,80.00,NC,3,run-04-30sec,43798
B2d,B2d_twoParamsFloat,EvoSuite,80.00,NC,3,run-04-30sec,43995
B2d,B2d_twoParamsInt,EvoSuite,100.00,C,5,run-04-30sec,44786
B2d,B2d_twoParamsIntNoSolution,EvoSuite,80.00,C,4,run-04-30sec,44302
B3a,B3a_complex,EvoSuite,88.24,C,4,run-04-30sec,163824
B3a,B3a_infinite,EvoSuite,0.00,C,1,run-04-30sec,43768
B3a,B3a_infiniteNotOptimalizable,EvoSuite,0.00,C,2,run-04-30sec,416901
B3a,B3a_nestedLoop,EvoSuite,100.00,C,3,run-04-30sec,274785
B3a,B3a_nestedLoopWithLabel,EvoSuite,85.71,NC,2,run-04-30sec,328375
B3a,B3a_withConditionAndLimit,EvoSuite,100.00,C,2,run-04-30sec,77042
B3a,B3a_withConditionNoLimit,EvoSuite,100.00,C,2,run-04-30sec,117364
B3a,B3a_withContinueBreak,EvoSuite,100.00,C,2,run-04-30sec,80821
B3a,B3a_withLimit,EvoSuite,100.00,C,3,run-04-30sec,74659
B3b,B3b_complex,EvoSuite,85.71,C,4,run-04-30sec,132204
B3b,B3b_infinite,EvoSuite,0.00,C,1,run-04-30sec,42760
B3b,B3b_infiniteNotOptimalizable,EvoSuite,0.00,C,2,run-04-30sec,441155
B3b,B3b_nestedLoop,EvoSuite,100.00,C,5,run-04-30sec,166726
B3b,B3b_nestedLoopWithLabel,EvoSuite,90.91,NC,7,run-04-30sec,164711
B3b,B3b_withConditionAndLimit,EvoSuite,100.00,C,2,run-04-30sec,76660
B3b,B3b_withConditionNoLimit,EvoSuite,100.00,C,2,run-04-30sec,118753
B3b,B3b_withContinueBreak,EvoSuite,100.00,C,2,run-04-30sec,74909
B3b,B3b_withLimit,EvoSuite,100.00,C,3,run-04-30sec,77116
B3c,B3c_complex,EvoSuite,88.24,C,3,run-04-30sec,127467
B3c,B3c_infinite,EvoSuite,0.00,C,1,run-04-30sec,42676
B3c,B3c_infiniteNotOptimalizable,EvoSuite,0.00,C,0,run-04-30sec,399203
B3c,B3c_nestedLoop,EvoSuite,100.00,C,4,run-04-30sec,323831
B3c,B3c_nestedLoopWithLabel,EvoSuite,92.86,NC,5,run-04-30sec,294977
B3c,B3c_withConditionAndLimit,EvoSuite,100.00,C,3,run-04-30sec,80619
B3c,B3c_withConditionNoLimit,EvoSuite,100.00,C,3,run-04-30sec,110850
B3c,B3c_withContinueBreak,EvoSuite,100.00,C,3,run-04-30sec,93725
B3c,B3c_withLimit,EvoSuite,100.00,C,2,run-04-30sec,74624
B4a,B4a_fromParams,EvoSuite,100.00,C,6,run-04-30sec,44881
B4a,B4a_fromParamsWithIndex,EvoSuite,83.33,NC,7,run-04-30sec,45998
B4a,B4a_guessLength,EvoSuite,100.00,C,3,run-04-30sec,47442
B4a,B4a_guessOneArray,EvoSuite,100.00,C,6,run-04-30sec,44912
B4a,B4a_guessOneArrayWithLength,EvoSuite,100.00,C,7,run-04-30sec,45881
B4a,B4a_indexParam,EvoSuite,100.00,C,6,run-04-30sec,45480
B4a,B4a_iterateWithFor,EvoSuite,100.00,C,5,run-04-30sec,44777
B4a,B4a_iterateWithForeach,EvoSuite,100.00,C,5,run-04-30sec,44693
B4a,B4a_twoArrays,EvoSuite,85.71,NC,6,run-04-30sec,47979
B4b,B4b_fromParams,EvoSuite,100.00,C,6,run-04-30sec,47700
B4b,B4b_fromParamsWithIndex,EvoSuite,75.00,NC,6,run-04-30sec,44909
B4b,B4b_guessLength,EvoSuite,100.00,C,3,run-04-30sec,43880
B4b,B4b_guessOneArray,EvoSuite,100.00,C,6,run-04-30sec,44581
B4b,B4b_guessOneArrayWithLength,EvoSuite,100.00,C,7,run-04-30sec,44899
B4b,B4b_indexParam,EvoSuite,100.00,C,4,run-04-30sec,44578
B4b,B4b_iterateWithFor,EvoSuite,100.00,C,5,run-04-30sec,47603
B4b,B4b_iterateWithForeach,EvoSuite,100.00,C,5,run-04-30sec,44695
B4b,B4b_twoArrays,EvoSuite,100.00,C,6,run-04-30sec,48187
B5a1,B5a1_conditionalCall,EvoSuite,100.00,C,8,run-04-30sec,45691
B5a1,B5a1_simple,EvoSuite,100.00,C,7,run-04-30sec,46805
B5a1,B5a1_useReturnValue,EvoSuite,100.00,C,7,run-04-30sec,45705
B5a2,B5a2_conditionalCall,EvoSuite,100.00,C,9,run-04-30sec,46692
B5a2,B5a2_simple,EvoSuite,100.00,C,9,run-04-30sec,46315
B5a2,B5a2_useReturnValue,EvoSuite,100.00,C,9,run-04-30sec,46858
B5b1,B5b1_fibonacci,EvoSuite,100.00,C,3,run-04-30sec,53580
B5b1,B5b1_simple,EvoSuite,100.00,C,3,run-04-30sec,44880
B5b2,B5b2_fibonacci,EvoSuite,80.00,NC,2,run-04-30sec,314071
B5b2,B5b2_simple,EvoSuite,100.00,C,3,run-04-30sec,78337
B6a,B6a_always,EvoSuite,100.00,C,1,run-04-30sec,42965
B6a,B6a_call,EvoSuite,100.00,C,7,run-04-30sec,46000
B6a,B6a_conditionalAndLoop,EvoSuite,100.00,C,4,run-04-30sec,78325
B6a,B6a_recursive,EvoSuite,100.00,C,4,run-04-30sec,45602
B6a,B6a_tryCatch,EvoSuite,100.00,C,7,run-04-30sec,45692
B6a,B6a_tryCatchFinally,EvoSuite,100.00,C,8,run-04-30sec,48232
B6b,B6b_always,EvoSuite,100.00,C,1,run-04-30sec,42672
B6b,B6b_call,EvoSuite,100.00,C,7,run-04-30sec,45486
B6b,B6b_conditionalAndLoop,EvoSuite,100.00,C,4,run-04-30sec,78129
B6b,B6b_recursive,EvoSuite,100.00,C,5,run-04-30sec,46899
B6b,B6b_tryCatch,EvoSuite,100.00,C,7,run-04-30sec,46388
B6b,B6b_tryCatchFinally,EvoSuite,100.00,C,8,run-04-30sec,48123
B6c,B6c_arithmeticException,EvoSuite,100.00,C,2,run-04-30sec,43291
B6c,B6c_arrayIndexOutOfBoundsException,EvoSuite,100.00,C,2,run-04-30sec,42986
B6c,B6c_classCastException,EvoSuite,100.00,C,2,run-04-30sec,42670
B6c,B6c_illegalArgumentException,EvoSuite,100.00,C,2,run-04-30sec,45482
B6c,B6c_illegalStateException,EvoSuite,100.00,C,2,run-04-30sec,42876
B6c,B6c_indexOutOfBoundsException,EvoSuite,100.00,C,2,run-04-30sec,45888
B6c,B6c_nullPointerException,EvoSuite,100.00,C,2,run-04-30sec,42686
B6c,B6c_securityException,EvoSuite,100.00,C,2,run-04-30sec,46076
B6c,B6c_unsupportedOperationException,EvoSuite,100.00,C,2,run-04-30sec,43080
S1,S1_returnStructure,EvoSuite,100.00,C,2,run-04-30sec,43082
S1,S1_returnStructureParams,EvoSuite,100.00,C,1,run-04-30sec,43507
S1,S1_useStructure,EvoSuite,100.00,C,4,run-04-30sec,43980
S1,S1_useStructureParams,EvoSuite,100.00,C,3,run-04-30sec,43186
S2,S2_oneStructure,EvoSuite,100.00,C,8,run-04-30sec,46902
S2,S2_oneStructureParams,EvoSuite,100.00,C,7,run-04-30sec,45891
S2,S2_twoStructures,EvoSuite,100.00,C,9,run-04-30sec,48793
S2,S2_twoStructuresParams,EvoSuite,100.00,C,7,run-04-30sec,47100
S3,S3_arrayOfStructures,EvoSuite,100.00,C,4,run-04-30sec,44694
S3,S3_arrayOfStructuresParams,EvoSuite,100.00,C,7,run-04-30sec,48095
S3,S3_noLimit,EvoSuite,100.00,C,5,run-04-30sec,129769
S3,S3_noLimitParams,EvoSuite,100.00,C,4,run-04-30sec,112335
S3,S3_withLimit,EvoSuite,100.00,C,5,run-04-30sec,88986
S3,S3_withLimitParams,EvoSuite,100.00,C,4,run-04-30sec,106705
S4,S4_guess,EvoSuite,77.78,NC,8,run-04-30sec,47936
S4,S4_guessCoordinates,EvoSuite,66.67,NC,7,run-04-30sec,47685
S4,S4_guessParams,EvoSuite,83.33,NC,6,run-04-30sec,45493
O1,O1_fullCoverage,EvoSuite,100.00,C,5,run-04-30sec,45009
O1,O1_guessImpossibleObject,EvoSuite,80.00,C,3,run-04-30sec,43995
O1,O1_guessImpossibleOperationCount,EvoSuite,85.71,C,3,run-04-30sec,64498
O1,O1_guessImpossibleOperationCountParams,EvoSuite,83.33,C,2,run-04-30sec,63076
O1,O1_guessImpossibleResult,EvoSuite,92.31,C,4,run-04-30sec,44286
O1,O1_guessImpossibleResultAndOperationCount,EvoSuite,85.71,C,4,run-04-30sec,90521
O1,O1_guessImpossibleResultAndOperationCountParams,EvoSuite,83.33,C,4,run-04-30sec,115451
O1,O1_guessImpossibleResultParams,EvoSuite,83.33,NC,3,run-04-30sec,43403
O1,O1_guessObject,EvoSuite,100.00,C,6,run-04-30sec,45195
O1,O1_guessOperationCount,EvoSuite,100.00,C,4,run-04-30sec,73728
O1,O1_guessOperationCountParams,EvoSuite,100.00,C,3,run-04-30sec,78902
O1,O1_guessResult,EvoSuite,100.00,C,4,run-04-30sec,43889
O1,O1_guessResultAndOperationCount,EvoSuite,85.71,NC,5,run-04-30sec,123164
O1,O1_guessResultAndOperationCountParams,EvoSuite,83.33,NC,4,run-04-30sec,107678
O1,O1_guessResultParams,EvoSuite,100.00,C,3,run-04-30sec,44288
O1,O1_oneOperationNoCheck,EvoSuite,100.00,C,3,run-04-30sec,43775
O1,O1_oneOperationParams,EvoSuite,87.50,NC,2,run-04-30sec,45787
O1,O1_oneOperationWithCheck,EvoSuite,88.89,NC,3,run-04-30sec,43683
O1,O1_twoOperationsParams,EvoSuite,100.00,C,2,run-04-30sec,45773
O1,O1_twoOperationsWithCheck,EvoSuite,90.91,NC,3,run-04-30sec,43530
O1,O1_twoOperationsWithNocheck,EvoSuite,88.89,NC,3,run-04-30sec,43480
O2,O2_guessResult,EvoSuite,100.00,C,5,run-04-30sec,44712
O2,O2_guessResultParams,EvoSuite,100.00,C,3,run-04-30sec,46294
O3a,O3a_guessResult,EvoSuite,94.44,NC,5,run-04-30sec,44678
O3a,O3a_guessResultParams,EvoSuite,100.00,C,3,run-04-30sec,43194
O3b,O3b_guess,EvoSuite,100.00,C,4,run-04-30sec,44078
O3b,O3b_guessImpossible,EvoSuite,83.33,C,2,run-04-30sec,43185
O3b,O3b_validate,EvoSuite,83.33,C,2,run-04-30sec,43276
O3c,O3c_guess,EvoSuite,100.00,C,4,run-04-30sec,44220
O3c,O3c_guessImpossible,EvoSuite,83.33,C,2,run-04-30sec,43273
O3c,O3c_validate,EvoSuite,83.33,C,2,run-04-30sec,43686
O4,O4_guessImpossible,EvoSuite,88.24,NC,3,run-04-30sec,43892
O4,O4_guessImpossibleParams,EvoSuite,87.50,C,3,run-04-30sec,43488
O4,O4_guessResult,EvoSuite,88.24,NC,4,run-04-30sec,47493
O4,O4_guessResultParams,EvoSuite,93.75,C,3,run-04-30sec,46188
G1,G1_guessType,EvoSuite,88.89,C,4,run-04-30sec,45034
G1,G1_guessTypeAndUse,EvoSuite,93.33,C,8,run-04-30sec,46285
G1,G1_guessTypeWithExtends,EvoSuite,66.67,C,3,run-04-30sec,43605
G1,G1_guessTypeWithExtendsAndUse,EvoSuite,80.00,C,7,run-04-30sec,45585
G2,G2_guessDescendant,EvoSuite,100.00,C,3,run-04-30sec,43691
G2,G2_guessImpossible,EvoSuite,66.67,C,2,run-04-30sec,43277
G2,G2_guessInteger,EvoSuite,100.00,C,3,run-04-30sec,43776
G2,G2_guessIntegerNoHelp,EvoSuite,100.00,C,3,run-04-30sec,44831
G2,G2_guessSafe,EvoSuite,66.67,C,2,run-04-30sec,44785
G2,G2_guessSafeNoHelp,EvoSuite,0.00,NC,2,run-04-30sec,43385
L1,L1_abs,EvoSuite,100.00,C,5,run-04-30sec,43783
L1,L1_absImpossible,EvoSuite,66.67,C,1,run-04-30sec,43392
L1,L1_cbrt,EvoSuite,100.00,C,3,run-04-30sec,46188
L1,L1_cos,EvoSuite,100.00,C,3,run-04-30sec,44000
L1,L1_cosImpossible,EvoSuite,66.67,C,1,run-04-30sec,45418
L1,L1_log10GuessArgument,EvoSuite,100.00,C,3,run-04-30sec,43391
L1,L1_logGuessArgument,EvoSuite,100.00,C,3,run-04-30sec,43717
L1,L1_logGuessBase,EvoSuite,100.00,C,3,run-04-30sec,43469
L1,L1_logGuessBaseAndArgument,EvoSuite,100.00,C,3,run-04-30sec,43788
L1,L1_minMax,EvoSuite,100.00,C,5,run-04-30sec,44181
L1,L1_minMaxImpossible,EvoSuite,66.67,C,5,run-04-30sec,44090
L1,L1_minMaxWithOrder,EvoSuite,100.00,C,6,run-04-30sec,44880
L1,L1_powGuessBase,EvoSuite,100.00,C,3,run-04-30sec,46789
L1,L1_powGuessBaseAndExponent,EvoSuite,100.00,C,3,run-04-30sec,43492
L1,L1_powGuessExponent,EvoSuite,100.00,C,3,run-04-30sec,43694
L1,L1_sin,EvoSuite,100.00,C,3,run-04-30sec,44619
L1,L1_sinImpossible,EvoSuite,66.67,C,1,run-04-30sec,42478
L1,L1_sqrt,EvoSuite,100.00,C,3,run-04-30sec,43795
L1,L1_sqrtImpossible,EvoSuite,66.67,C,1,run-04-30sec,44984
L1,L1_tan,EvoSuite,100.00,C,3,run-04-30sec,43595
L2,L2_add,EvoSuite,100.00,C,4,run-04-30sec,43393
L2,L2_addWithCondition,EvoSuite,84.62,C,5,run-04-30sec,44565
L2,L2_charAt,EvoSuite,71.43,NC,5,run-04-30sec,47526
L2,L2_compareTo,EvoSuite,66.67,NC,8,run-04-30sec,45788
L2,L2_compareToIgnoreCase,EvoSuite,66.67,NC,8,run-04-30sec,46384
L2,L2_equality,EvoSuite,88.89,C,4,run-04-30sec,43896
L2,L2_equalityIgnoreCase,EvoSuite,88.89,C,4,run-04-30sec,44194
L2,L2_indexOf,EvoSuite,62.50,NC,4,run-04-30sec,44112
L2,L2_length,EvoSuite,71.43,NC,5,run-04-30sec,44416
L2,L2_regionEquality,EvoSuite,75.00,C,3,run-04-30sec,46788
L2,L2_startsEnds,EvoSuite,100.00,C,4,run-04-30sec,46779
L2,L2_substring,EvoSuite,71.43,NC,3,run-04-30sec,43696
L2,L2_switchString,EvoSuite,100.00,C,4,run-04-30sec,44581
L3,L3_guessDouble,EvoSuite,100.00,C,4,run-04-30sec,44380
L3,L3_guessInteger,EvoSuite,100.00,C,4,run-04-30sec,45105
L3,L3_integerOverflow,EvoSuite,100.00,C,4,run-04-30sec,44478
L4,L4_guessElementAndIndex,EvoSuite,100.00,C,5,run-04-30sec,44870
L4,L4_guessElements,EvoSuite,100.00,C,5,run-04-30sec,44675
L4,L4_guessGenericListWithElement,EvoSuite,66.67,NC,4,run-04-30sec,45190
L4,L4_guessGenericListWithSize,EvoSuite,100.00,C,4,run-04-30sec,45379
L4,L4_guessGenericVectorWithElement,EvoSuite,100.00,C,5,run-04-30sec,45305
L4,L4_guessGenericVectorWithSize,EvoSuite,100.00,C,4,run-04-30sec,44388
L4,L4_guessIndices,EvoSuite,100.00,C,7,run-04-30sec,45783
L4,L4_guessListWithSize,EvoSuite,100.00,C,4,run-04-30sec,44177
L4,L4_guessSize,EvoSuite,100.00,C,3,run-04-30sec,46485
L4,L4_guessSizeAndElements,EvoSuite,83.33,NC,6,run-04-30sec,47994
L4,L4_guessVectorWithSize,EvoSuite,100.00,C,4,run-04-30sec,44372
LO,LO_associatesAPIGuessDate,EvoSuite,50.00,NC,2,run-04-30sec,44081
LO,LO_associatesAPIGuessValidDateFormat,EvoSuite,57.14,NC,2,run-04-30sec,43776
LO,LO_guessUUID,EvoSuite,44.44,NC,2,run-04-30sec,45983
LO,LO_guessValidUUID,EvoSuite,66.67,NC,2,run-04-30sec,45787
LO,LO_inheritsAPIGuessOneObject,EvoSuite,85.71,C,4,run-04-30sec,44290
LO,LO_inheritsAPIGuessOnePrimitive,EvoSuite,83.33,C,4,run-04-30sec,44016
LO,LO_inheritsAPIGuessTwoObjects,EvoSuite,91.67,C,6,run-04-30sec,45570
LO,LO_inheritsAPIGuessTwoPrimitives,EvoSuite,91.67,C,5,run-04-30sec,44371
LO,LO_regexCaseInsensitive,EvoSuite,100.00,C,3,run-04-30sec,44723
LO,LO_regexCaseSensitive,EvoSuite,100.00,C,3,run-04-30sec,43486
Others,Others_guess,EvoSuite,100.00,C,6,run-04-30sec,44601
Others,Others_guessEnum,EvoSuite,90.91,C,5,run-04-30sec,44496
Others,Others_guessEnumOrdinal,EvoSuite,90.91,C,5,run-04-30sec,45736
Others,Others_guessEnumString,EvoSuite,90.91,C,5,run-04-30sec,44721
Others,Others_guessWithLength,EvoSuite,80.00,NC,6,run-04-30sec,45424
Others,Others_iterateWithFor,EvoSuite,100.00,C,5,run-04-30sec,44780
Others,Others_iterateWithForeach,EvoSuite,100.00,C,5,run-04-30sec,44586
Others,Others_minMax,EvoSuite,100.00,C,5,run-04-30sec,43905
Others,Others_minMaxImpossible,EvoSuite,66.67,C,5,run-04-30sec,44299
Others,Others_minMaxWithOrder,EvoSuite,100.00,C,6,run-04-30sec,44483
Others,Others_switchEnum,EvoSuite,87.50,C,5,run-04-30sec,44590
Others,Others_test,EvoSuite,100.00,C,3,run-04-30sec,44380
B1a,B1a_oneParamBoolean,EvoSuite,100.00,C,2,run-05-30sec,42580
B1a,B1a_oneParamByte,EvoSuite,100.00,C,3,run-05-30sec,43003
B1a,B1a_oneParamChar,EvoSuite,100.00,C,3,run-05-30sec,43202
B1a,B1a_oneParamDouble,EvoSuite,100.00,C,3,run-05-30sec,44324
B1a,B1a_oneParamFloat,EvoSuite,100.00,C,3,run-05-30sec,42989
B1a,B1a_oneParamInt,EvoSuite,100.00,C,3,run-05-30sec,43003
B1a,B1a_oneParamLong,EvoSuite,100.00,C,3,run-05-30sec,43190
B1a,B1a_oneParamShort,EvoSuite,100.00,C,3,run-05-30sec,42990
B1a,B1a_twoParamBoolean,EvoSuite,100.00,C,2,run-05-30sec,42789
B1a,B1a_twoParamByte,EvoSuite,100.00,C,3,run-05-30sec,42876
B1a,B1a_twoParamChar,EvoSuite,100.00,C,3,run-05-30sec,43397
B1a,B1a_twoParamDouble,EvoSuite,100.00,C,3,run-05-30sec,43088
B1a,B1a_twoParamFloat,EvoSuite,100.00,C,3,run-05-30sec,43404
B1a,B1a_twoParamInt,EvoSuite,100.00,C,3,run-05-30sec,43183
B1a,B1a_twoParamLong,EvoSuite,100.00,C,3,run-05-30sec,43104
B1a,B1a_twoParamShort,EvoSuite,100.00,C,3,run-05-30sec,44111
B1b,B1b_constBoolean,EvoSuite,100.00,C,1,run-05-30sec,45095
B1b,B1b_constByte,EvoSuite,100.00,C,1,run-05-30sec,45085
B1b,B1b_constChar,EvoSuite,100.00,C,1,run-05-30sec,42078
B1b,B1b_constDouble,EvoSuite,100.00,C,1,run-05-30sec,44983
B1b,B1b_constFloat,EvoSuite,100.00,C,1,run-05-30sec,42325
B1b,B1b_constInt,EvoSuite,100.00,C,1,run-05-30sec,42185
B1b,B1b_constLong,EvoSuite,100.00,C,1,run-05-30sec,42892
B1b,B1b_constShort,EvoSuite,100.00,C,1,run-05-30sec,45197
B1c,B1c_add,EvoSuite,100.00,C,3,run-05-30sec,43285
B1c,B1c_addAssignment,EvoSuite,100.00,C,3,run-05-30sec,42992
B1c,B1c_divide,EvoSuite,100.00,C,4,run-05-30sec,43779
B1c,B1c_divideAssignment,EvoSuite,100.00,C,4,run-05-30sec,43779
B1c,B1c_modulo,EvoSuite,100.00,C,4,run-05-30sec,43878
B1c,B1c_moduloAssignment,EvoSuite,100.00,C,4,run-05-30sec,43603
B1c,B1c_multiply,EvoSuite,100.00,C,3,run-05-30sec,43290
B1c,B1c_multiplyAssignment,EvoSuite,100.00,C,3,run-05-30sec,43242
B1c,B1c_postfixMinusMinus,EvoSuite,100.00,C,3,run-05-30sec,43774
B1c,B1c_postfixPlusplus,EvoSuite,100.00,C,3,run-05-30sec,43887
B1c,B1c_substract,EvoSuite,100.00,C,3,run-05-30sec,43093
B1c,B1c_substractAssignment,EvoSuite,100.00,C,3,run-05-30sec,43216
B1c,B1c_unaryMinus,EvoSuite,100.00,C,3,run-05-30sec,43094
B1c,B1c_unaryMinusMinus,EvoSuite,100.00,C,3,run-05-30sec,43291
B1c,B1c_unaryPlus,EvoSuite,100.00,C,3,run-05-30sec,43097
B1c,B1c_unaryPlusPlus,EvoSuite,100.00,C,3,run-05-30sec,43204
B1d,B1d_and,EvoSuite,100.00,C,3,run-05-30sec,43193
B1d,B1d_equal,EvoSuite,100.00,C,3,run-05-30sec,43029
B1d,B1d_greater,EvoSuite,100.00,C,3,run-05-30sec,43184
B1d,B1d_greaterOrEqual,EvoSuite,100.00,C,3,run-05-30sec,43505
B1d,B1d_negate,EvoSuite,100.00,C,2,run-05-30sec,43298
B1d,B1d_notEqual,EvoSuite,100.00,C,3,run-05-30sec,43220
B1d,B1d_or,EvoSuite,100.00,C,3,run-05-30sec,42993
B1d,B1d_smaller,EvoSuite,100.00,C,3,run-05-30sec,43172
B1d,B1d_smallerOrEqual,EvoSuite,100.00,C,3,run-05-30sec,43389
B1e,B1e_and,EvoSuite,100.00,C,3,run-05-30sec,43312
B1e,B1e_andAssignment,EvoSuite,100.00,C,3,run-05-30sec,43483
B1e,B1e_negate,EvoSuite,100.00,C,3,run-05-30sec,43400
B1e,B1e_or,EvoSuite,100.00,C,3,run-05-30sec,43396
B1e,B1e_orAssignment,EvoSuite,100.00,C,3,run-05-30sec,43392
B1e,B1e_shiftLeft,EvoSuite,100.00,C,3,run-05-30sec,43190
B1e,B1e_shiftLeftAssignment,EvoSuite,100.00,C,3,run-05-30sec,43313
B1e,B1e_shiftRight,EvoSuite,100.00,C,3,run-05-30sec,42983
B1e,B1e_shiftRightAssignment,EvoSuite,100.00,C,3,run-05-30sec,43402
B1e,B1e_shiftRightUnsigned,EvoSuite,100.00,C,3,run-05-30sec,43484
B1e,B1e_shiftRightUnsignedAssignment,EvoSuite,100.00,C,3,run-05-30sec,43187
B1e,B1e_xor,EvoSuite,100.00,C,3,run-05-30sec,43215
B1e,B1e_xorAssignment,EvoSuite,100.00,C,3,run-05-30sec,43214
B2a,B2a_oneParamBoolean,EvoSuite,100.00,C,2,run-05-30sec,45802
B2a,B2a_oneParamDouble,EvoSuite,100.00,C,4,run-05-30sec,43796
B2a,B2a_oneParamInt,EvoSuite,100.00,C,4,run-05-30sec,43799
B2a,B2a_twoParamsBoolean,EvoSuite,72.73,C,4,run-05-30sec,44485
B2a,B2a_twoParamsDouble,EvoSuite,84.62,C,7,run-05-30sec,47311
B2a,B2a_twoParamsInt,EvoSuite,84.62,C,7,run-05-30sec,46511
B2b,B2b_oneParamBoolean,EvoSuite,100.00,C,2,run-05-30sec,42589
B2b,B2b_oneParamInt,EvoSuite,100.00,C,3,run-05-30sec,46497
B2b,B2b_twoParamsBoolean,EvoSuite,100.00,C,3,run-05-30sec,43192
B2b,B2b_twoParamsInt,EvoSuite,100.00,C,5,run-05-30sec,44419
B2c,B2c_missingBreaks,EvoSuite,100.00,C,4,run-05-30sec,43893
B2c,B2c_simple,EvoSuite,100.00,C,4,run-05-30sec,43975
B2c,B2c_withReturn,EvoSuite,100.00,C,4,run-05-30sec,44193
B2d,B2d_oneParamDouble,EvoSuite,66.67,NC,2,run-05-30sec,45885
B2d,B2d_oneParamFloat,EvoSuite,66.67,NC,2,run-05-30sec,45997
B2d,B2d_oneParamInt,EvoSuite,100.00,C,3,run-05-30sec,43287
B2d,B2d_oneParamIntNoSolution,EvoSuite,66.67,C,2,run-05-30sec,44303
B2d,B2d_quadraticDouble,EvoSuite,80.00,NC,2,run-05-30sec,43804
B2d,B2d_quadraticDoubleNoSolution,EvoSuite,80.00,C,2,run-05-30sec,44104
B2d,B2d_quadraticFloat,EvoSuite,80.00,NC,2,run-05-30sec,43695
B2d,B2d_quadraticFloatNoSolution,EvoSuite,80.00,C,1,run-05-30sec,43099
B2d,B2d_quadraticInt,EvoSuite,80.00,NC,5,run-05-30sec,44800
B2d,B2d_quadraticIntNoSolution,EvoSuite,80.00,C,2,run-05-30sec,43280
B2d,B2d_threeParamsDouble,EvoSuite,83.33,NC,7,run-05-30sec,46388
B2d,B2d_threeParamsFloat,EvoSuite,83.33,NC,6,run-05-30sec,46300
B2d,B2d_threeParamsInt,EvoSuite,83.33,NC,4,run-05-30sec,44904
B2d,B2d_threeParamsIntNoSolution,EvoSuite,83.33,C,4,run-05-30sec,44891
B2d,B2d_twoParamsDouble,EvoSuite,80.00,NC,3,run-05-30sec,44101
B2d,B2d_twoParamsFloat,EvoSuite,80.00,NC,4,run-05-30sec,44287
B2d,B2d_twoParamsInt,EvoSuite,80.00,NC,3,run-05-30sec,43790
B2d,B2d_twoParamsIntNoSolution,EvoSuite,80.00,C,4,run-05-30sec,44691
B3a,B3a_complex,EvoSuite,88.24,C,5,run-05-30sec,134874
B3a,B3a_infinite,EvoSuite,0.00,C,1,run-05-30sec,44174
B3a,B3a_infiniteNotOptimalizable,EvoSuite,0.00,C,0,run-05-30sec,195271
B3a,B3a_nestedLoop,EvoSuite,100.00,C,3,run-05-30sec,414132
B3a,B3a_nestedLoopWithLabel,EvoSuite,100.00,C,5,run-05-30sec,452154
B3a,B3a_withConditionAndLimit,EvoSuite,100.00,C,2,run-05-30sec,77008
B3a,B3a_withConditionNoLimit,EvoSuite,100.00,C,2,run-05-30sec,111154
B3a,B3a_withContinueBreak,EvoSuite,100.00,C,2,run-05-30sec,83064
B3a,B3a_withLimit,EvoSuite,100.00,C,3,run-05-30sec,75245
B3b,B3b_complex,EvoSuite,85.71,C,5,run-05-30sec,133597
B3b,B3b_infinite,EvoSuite,0.00,C,1,run-05-30sec,43784
B3b,B3b_infiniteNotOptimalizable,EvoSuite,0.00,C,0,run-05-30sec,226079
B3b,B3b_nestedLoop,EvoSuite,100.00,C,5,run-05-30sec,147780
B3b,B3b_nestedLoopWithLabel,EvoSuite,100.00,C,8,run-05-30sec,226374
B3b,B3b_withConditionAndLimit,EvoSuite,100.00,C,2,run-05-30sec,76652
B3b,B3b_withConditionNoLimit,EvoSuite,100.00,C,2,run-05-30sec,120197
B3b,B3b_withContinueBreak,EvoSuite,100.00,C,3,run-05-30sec,83010
B3b,B3b_withLimit,EvoSuite,100.00,C,3,run-05-30sec,73925
B3c,B3c_complex,EvoSuite,88.24,C,5,run-05-30sec,131264
B3c,B3c_infinite,EvoSuite,0.00,C,1,run-05-30sec,42874
B3c,B3c_infiniteNotOptimalizable,EvoSuite,0.00,C,0,run-05-30sec,198355
B3c,B3c_nestedLoop,EvoSuite,0.00,NC,0,run-05-30sec,452982
B3c,B3c_nestedLoopWithLabel,EvoSuite,85.71,NC,5,run-05-30sec,434218
B3c,B3c_withConditionAndLimit,EvoSuite,100.00,C,3,run-05-30sec,80626
B3c,B3c_withConditionNoLimit,EvoSuite,100.00,C,3,run-05-30sec,115335
B3c,B3c_withContinueBreak,EvoSuite,100.00,C,3,run-05-30sec,97557
B3c,B3c_withLimit,EvoSuite,100.00,C,2,run-05-30sec,73758
B4a,B4a_fromParams,EvoSuite,100.00,C,6,run-05-30sec,44979
B4a,B4a_fromParamsWithIndex,EvoSuite,83.33,NC,7,run-05-30sec,45693
B4a,B4a_guessLength,EvoSuite,100.00,C,3,run-05-30sec,46183
B4a,B4a_guessOneArray,EvoSuite,100.00,C,6,run-05-30sec,44987
B4a,B4a_guessOneArrayWithLength,EvoSuite,100.00,C,7,run-05-30sec,45184
B4a,B4a_indexParam,EvoSuite,100.00,C,6,run-05-30sec,46716
B4a,B4a_iterateWithFor,EvoSuite,100.00,C,4,run-05-30sec,44382
B4a,B4a_iterateWithForeach,EvoSuite,100.00,C,4,run-05-30sec,44281
B4a,B4a_twoArrays,EvoSuite,100.00,C,7,run-05-30sec,46087
B4b,B4b_fromParams,EvoSuite,100.00,C,6,run-05-30sec,47591
B4b,B4b_fromParamsWithIndex,EvoSuite,75.00,NC,5,run-05-30sec,44796
B4b,B4b_guessLength,EvoSuite,100.00,C,3,run-05-30sec,43003
B4b,B4b_guessOneArray,EvoSuite,100.00,C,6,run-05-30sec,44270
B4b,B4b_guessOneArrayWithLength,EvoSuite,100.00,C,7,run-05-30sec,45078
B4b,B4b_indexParam,EvoSuite,100.00,C,4,run-05-30sec,44603
B4b,B4b_iterateWithFor,EvoSuite,100.00,C,5,run-05-30sec,47588
B4b,B4b_iterateWithForeach,EvoSuite,100.00,C,4,run-05-30sec,44285
B4b,B4b_twoArrays,EvoSuite,100.00,C,6,run-05-30sec,45477
B5a1,B5a1_conditionalCall,EvoSuite,100.00,C,8,run-05-30sec,46934
B5a1,B5a1_simple,EvoSuite,100.00,C,7,run-05-30sec,45186
B5a1,B5a1_useReturnValue,EvoSuite,100.00,C,7,run-05-30sec,47104
B5a2,B5a2_conditionalCall,EvoSuite,100.00,C,10,run-05-30sec,46816
B5a2,B5a2_simple,EvoSuite,100.00,C,8,run-05-30sec,46947
B5a2,B5a2_useReturnValue,EvoSuite,100.00,C,9,run-05-30sec,46800
B5b1,B5b1_fibonacci,EvoSuite,100.00,C,3,run-05-30sec,55267
B5b1,B5b1_simple,EvoSuite,100.00,C,3,run-05-30sec,45018
B5b2,B5b2_fibonacci,EvoSuite,0.00,NC,0,run-05-30sec,527890
B5b2,B5b2_simple,EvoSuite,100.00,C,4,run-05-30sec,89041
B6a,B6a_always,EvoSuite,100.00,C,1,run-05-30sec,42476
B6a,B6a_call,EvoSuite,100.00,C,7,run-05-30sec,45894
B6a,B6a_conditionalAndLoop,EvoSuite,100.00,C,4,run-05-30sec,78230
B6a,B6a_recursive,EvoSuite,100.00,C,4,run-05-30sec,45393
B6a,B6a_tryCatch,EvoSuite,100.00,C,7,run-05-30sec,45801
B6a,B6a_tryCatchFinally,EvoSuite,100.00,C,9,run-05-30sec,48757
B6b,B6b_always,EvoSuite,100.00,C,1,run-05-30sec,42965
B6b,B6b_call,EvoSuite,100.00,C,7,run-05-30sec,49835
B6b,B6b_conditionalAndLoop,EvoSuite,100.00,C,4,run-05-30sec,80227
B6b,B6b_recursive,EvoSuite,100.00,C,4,run-05-30sec,52296
B6b,B6b_tryCatch,EvoSuite,100.00,C,7,run-05-30sec,50294
B6b,B6b_tryCatchFinally,EvoSuite,100.00,C,7,run-05-30sec,49663
B6c,B6c_arithmeticException,EvoSuite,100.00,C,2,run-05-30sec,45793
B6c,B6c_arrayIndexOutOfBoundsException,EvoSuite,100.00,C,2,run-05-30sec,42874
B6c,B6c_classCastException,EvoSuite,100.00,C,2,run-05-30sec,54770
B6c,B6c_illegalArgumentException,EvoSuite,100.00,C,2,run-05-30sec,45982
B6c,B6c_illegalStateException,EvoSuite,100.00,C,2,run-05-30sec,58512
B6c,B6c_indexOutOfBoundsException,EvoSuite,100.00,C,2,run-05-30sec,42677
B6c,B6c_nullPointerException,EvoSuite,100.00,C,2,run-05-30sec,43070
B6c,B6c_securityException,EvoSuite,100.00,C,2,run-05-30sec,42968
B6c,B6c_unsupportedOperationException,EvoSuite,100.00,C,2,run-05-30sec,42972
S1,S1_returnStructure,EvoSuite,100.00,C,2,run-05-30sec,43192
S1,S1_returnStructureParams,EvoSuite,100.00,C,1,run-05-30sec,42206
S1,S1_useStructure,EvoSuite,100.00,C,4,run-05-30sec,43791
S1,S1_useStructureParams,EvoSuite,100.00,C,3,run-05-30sec,43176
S2,S2_oneStructure,EvoSuite,100.00,C,8,run-05-30sec,46679
S2,S2_oneStructureParams,EvoSuite,100.00,C,7,run-05-30sec,46585
S2,S2_twoStructures,EvoSuite,100.00,C,9,run-05-30sec,48509
S2,S2_twoStructuresParams,EvoSuite,100.00,C,7,run-05-30sec,46698
S3,S3_arrayOfStructures,EvoSuite,100.00,C,4,run-05-30sec,44575
S3,S3_arrayOfStructuresParams,EvoSuite,100.00,C,7,run-05-30sec,46501
S3,S3_noLimit,EvoSuite,100.00,C,5,run-05-30sec,114866
S3,S3_noLimitParams,EvoSuite,100.00,C,4,run-05-30sec,116052
S3,S3_withLimit,EvoSuite,100.00,C,6,run-05-30sec,88467
S3,S3_withLimitParams,EvoSuite,100.00,C,5,run-05-30sec,104478
S4,S4_guess,EvoSuite,55.56,NC,8,run-05-30sec,47194
S4,S4_guessCoordinates,EvoSuite,91.67,NC,9,run-05-30sec,48502
S4,S4_guessParams,EvoSuite,91.67,NC,8,run-05-30sec,46292
O1,O1_fullCoverage,EvoSuite,93.33,NC,5,run-05-30sec,47789
O1,O1_guessImpossibleObject,EvoSuite,80.00,C,4,run-05-30sec,44307
O1,O1_guessImpossibleOperationCount,EvoSuite,85.71,C,3,run-05-30sec,59526
O1,O1_guessImpossibleOperationCountParams,EvoSuite,83.33,C,2,run-05-30sec,59272
O1,O1_guessImpossibleResult,EvoSuite,84.62,NC,3,run-05-30sec,43976
O1,O1_guessImpossibleResultAndOperationCount,EvoSuite,100.00,C,5,run-05-30sec,110762
O1,O1_guessImpossibleResultAndOperationCountParams,EvoSuite,83.33,C,4,run-05-30sec,119056
O1,O1_guessImpossibleResultParams,EvoSuite,91.67,C,2,run-05-30sec,43984
O1,O1_guessObject,EvoSuite,100.00,C,6,run-05-30sec,44893
O1,O1_guessOperationCount,EvoSuite,100.00,C,4,run-05-30sec,80107
O1,O1_guessOperationCountParams,EvoSuite,100.00,C,3,run-05-30sec,79417
O1,O1_guessResult,EvoSuite,100.00,C,4,run-05-30sec,44571
O1,O1_guessResultAndOperationCount,EvoSuite,85.71,NC,6,run-05-30sec,108657
O1,O1_guessResultAndOperationCountParams,EvoSuite,83.33,NC,4,run-05-30sec,103355
O1,O1_guessResultParams,EvoSuite,100.00,C,3,run-05-30sec,43385
O1,O1_oneOperationNoCheck,EvoSuite,100.00,C,3,run-05-30sec,46511
O1,O1_oneOperationParams,EvoSuite,100.00,C,2,run-05-30sec,45777
O1,O1_oneOperationWithCheck,EvoSuite,100.00,C,3,run-05-30sec,43485
O1,O1_twoOperationsParams,EvoSuite,90.00,NC,2,run-05-30sec,42878
O1,O1_twoOperationsWithCheck,EvoSuite,100.00,C,3,run-05-30sec,43393
O1,O1_twoOperationsWithNocheck,EvoSuite,100.00,C,3,run-05-30sec,43976
O2,O2_guessResult,EvoSuite,100.00,C,6,run-05-30sec,45474
O2,O2_guessResultParams,EvoSuite,100.00,C,3,run-05-30sec,46406
O3a,O3a_guessResult,EvoSuite,100.00,C,4,run-05-30sec,44168
O3a,O3a_guessResultParams,EvoSuite,100.00,C,3,run-05-30sec,43523
O3b,O3b_guess,EvoSuite,100.00,C,4,run-05-30sec,43884
O3b,O3b_guessImpossible,EvoSuite,83.33,C,2,run-05-30sec,46510
O3b,O3b_validate,EvoSuite,83.33,C,2,run-05-30sec,43388
O3c,O3c_guess,EvoSuite,100.00,C,4,run-05-30sec,44186
O3c,O3c_guessImpossible,EvoSuite,83.33,C,2,run-05-30sec,43779
O3c,O3c_validate,EvoSuite,83.33,C,2,run-05-30sec,44423
O4,O4_guessImpossible,EvoSuite,82.35,NC,3,run-05-30sec,44267
O4,O4_guessImpossibleParams,EvoSuite,87.50,C,2,run-05-30sec,46184
O4,O4_guessResult,EvoSuite,94.12,NC,3,run-05-30sec,44483
O4,O4_guessResultParams,EvoSuite,93.75,C,3,run-05-30sec,43696
G1,G1_guessType,EvoSuite,88.89,C,4,run-05-30sec,44494
G1,G1_guessTypeAndUse,EvoSuite,93.33,C,8,run-05-30sec,46106
G1,G1_guessTypeWithExtends,EvoSuite,66.67,C,3,run-05-30sec,43790
G1,G1_guessTypeWithExtendsAndUse,EvoSuite,80.00,C,7,run-05-30sec,45375
G2,G2_guessDescendant,EvoSuite,100.00,C,3,run-05-30sec,43772
G2,G2_guessImpossible,EvoSuite,66.67,C,2,run-05-30sec,43173
G2,G2_guessInteger,EvoSuite,100.00,C,3,run-05-30sec,43673
G2,G2_guessIntegerNoHelp,EvoSuite,100.00,C,3,run-05-30sec,43905
G2,G2_guessSafe,EvoSuite,66.67,C,2,run-05-30sec,43983
G2,G2_guessSafeNoHelp,EvoSuite,0.00,NC,2,run-05-30sec,43479
L1,L1_abs,EvoSuite,100.00,C,5,run-05-30sec,44332
L1,L1_absImpossible,EvoSuite,66.67,C,1,run-05-30sec,45891
L1,L1_cbrt,EvoSuite,100.00,C,3,run-05-30sec,46396
L1,L1_cos,EvoSuite,100.00,C,3,run-05-30sec,46396
L1,L1_cosImpossible,EvoSuite,66.67,C,1,run-05-30sec,45278
L1,L1_log10GuessArgument,EvoSuite,100.00,C,3,run-05-30sec,43485
L1,L1_logGuessArgument,EvoSuite,100.00,C,3,run-05-30sec,43693
L1,L1_logGuessBase,EvoSuite,100.00,C,3,run-05-30sec,46475
L1,L1_logGuessBaseAndArgument,EvoSuite,100.00,C,3,run-05-30sec,43996
L1,L1_minMax,EvoSuite,100.00,C,5,run-05-30sec,44477
L1,L1_minMaxImpossible,EvoSuite,66.67,C,5,run-05-30sec,44819
L1,L1_minMaxWithOrder,EvoSuite,100.00,C,6,run-05-30sec,44687
L1,L1_powGuessBase,EvoSuite,75.00,NC,2,run-05-30sec,46294
L1,L1_powGuessBaseAndExponent,EvoSuite,100.00,C,3,run-05-30sec,43781
L1,L1_powGuessExponent,EvoSuite,75.00,NC,2,run-05-30sec,44075
L1,L1_sin,EvoSuite,100.00,C,3,run-05-30sec,43503
L1,L1_sinImpossible,EvoSuite,66.67,C,1,run-05-30sec,42306
L1,L1_sqrt,EvoSuite,100.00,C,3,run-05-30sec,46677
L1,L1_sqrtImpossible,EvoSuite,66.67,C,1,run-05-30sec,45479
L1,L1_tan,EvoSuite,100.00,C,3,run-05-30sec,46592
L2,L2_add,EvoSuite,100.00,C,4,run-05-30sec,44378
L2,L2_addWithCondition,EvoSuite,84.62,C,5,run-05-30sec,44908
L2,L2_charAt,EvoSuite,85.71,C,5,run-05-30sec,47383
L2,L2_compareTo,EvoSuite,66.67,NC,8,run-05-30sec,46303
L2,L2_compareToIgnoreCase,EvoSuite,66.67,NC,8,run-05-30sec,46715
L2,L2_equality,EvoSuite,88.89,C,4,run-05-30sec,44086
L2,L2_equalityIgnoreCase,EvoSuite,88.89,C,4,run-05-30sec,44307
L2,L2_indexOf,EvoSuite,62.50,NC,4,run-05-30sec,44085
L2,L2_length,EvoSuite,85.71,C,5,run-05-30sec,44309
L2,L2_regionEquality,EvoSuite,75.00,C,3,run-05-30sec,43676
L2,L2_startsEnds,EvoSuite,100.00,C,4,run-05-30sec,46786
L2,L2_substring,EvoSuite,71.43,NC,3,run-05-30sec,43681
L2,L2_switchString,EvoSuite,100.00,C,4,run-05-30sec,44203
L3,L3_guessDouble,EvoSuite,100.00,C,4,run-05-30sec,47284
L3,L3_guessInteger,EvoSuite,100.00,C,4,run-05-30sec,43885
L3,L3_integerOverflow,EvoSuite,100.00,C,4,run-05-30sec,44186
L4,L4_guessElementAndIndex,EvoSuite,100.00,C,5,run-05-30sec,45195
L4,L4_guessElements,EvoSuite,100.00,C,5,run-05-30sec,44583
L4,L4_guessGenericListWithElement,EvoSuite,100.00,C,5,run-05-30sec,44986
L4,L4_guessGenericListWithSize,EvoSuite,100.00,C,5,run-05-30sec,45276
L4,L4_guessGenericVectorWithElement,EvoSuite,66.67,NC,4,run-05-30sec,44987
L4,L4_guessGenericVectorWithSize,EvoSuite,100.00,C,4,run-05-30sec,49423
L4,L4_guessIndices,EvoSuite,88.89,NC,6,run-05-30sec,45376
L4,L4_guessListWithSize,EvoSuite,100.00,C,4,run-05-30sec,44383
L4,L4_guessSize,EvoSuite,100.00,C,3,run-05-30sec,43383
L4,L4_guessSizeAndElements,EvoSuite,100.00,C,7,run-05-30sec,45695
L4,L4_guessVectorWithSize,EvoSuite,100.00,C,4,run-05-30sec,44082
LO,LO_associatesAPIGuessDate,EvoSuite,50.00,NC,2,run-05-30sec,43081
LO,LO_associatesAPIGuessValidDateFormat,EvoSuite,57.14,NC,2,run-05-30sec,43190
LO,LO_guessUUID,EvoSuite,44.44,NC,2,run-05-30sec,43277
LO,LO_guessValidUUID,EvoSuite,66.67,NC,2,run-05-30sec,42975
LO,LO_inheritsAPIGuessOneObject,EvoSuite,85.71,C,4,run-05-30sec,44473
LO,LO_inheritsAPIGuessOnePrimitive,EvoSuite,83.33,C,4,run-05-30sec,46997
LO,LO_inheritsAPIGuessTwoObjects,EvoSuite,91.67,C,6,run-05-30sec,45384
LO,LO_inheritsAPIGuessTwoPrimitives,EvoSuite,91.67,C,5,run-05-30sec,44630
LO,LO_regexCaseInsensitive,EvoSuite,100.00,C,3,run-05-30sec,43626
LO,LO_regexCaseSensitive,EvoSuite,100.00,C,3,run-05-30sec,44611
Others,Others_guess,EvoSuite,100.00,C,6,run-05-30sec,45070
Others,Others_guessEnum,EvoSuite,90.91,C,5,run-05-30sec,44901
Others,Others_guessEnumOrdinal,EvoSuite,90.91,C,5,run-05-30sec,45108
Others,Others_guessEnumString,EvoSuite,90.91,C,5,run-05-30sec,44789
Others,Others_guessWithLength,EvoSuite,80.00,NC,6,run-05-30sec,44590
Others,Others_iterateWithFor,EvoSuite,100.00,C,4,run-05-30sec,46689
Others,Others_iterateWithForeach,EvoSuite,100.00,C,5,run-05-30sec,44808
Others,Others_minMax,EvoSuite,100.00,C,5,run-05-30sec,44286
Others,Others_minMaxImpossible,EvoSuite,66.67,C,5,run-05-30sec,47071
Others,Others_minMaxWithOrder,EvoSuite,100.00,C,6,run-05-30sec,44286
Others,Others_switchEnum,EvoSuite,87.50,C,5,run-05-30sec,44692
Others,Others_test,EvoSuite,100.00,C,3,run-05-30sec,43284
B1a,B1a_oneParamBoolean,EvoSuite,100.00,C,2,run-06-30sec,42765
B1a,B1a_oneParamByte,EvoSuite,100.00,C,3,run-06-30sec,43177
B1a,B1a_oneParamChar,EvoSuite,100.00,C,3,run-06-30sec,43384
B1a,B1a_oneParamDouble,EvoSuite,100.00,C,3,run-06-30sec,43298
B1a,B1a_oneParamFloat,EvoSuite,100.00,C,3,run-06-30sec,42791
B1a,B1a_oneParamInt,EvoSuite,100.00,C,3,run-06-30sec,43195
B1a,B1a_oneParamLong,EvoSuite,100.00,C,3,run-06-30sec,43274
B1a,B1a_oneParamShort,EvoSuite,100.00,C,3,run-06-30sec,43111
B1a,B1a_twoParamBoolean,EvoSuite,100.00,C,2,run-06-30sec,42900
B1a,B1a_twoParamByte,EvoSuite,100.00,C,4,run-06-30sec,43422
B1a,B1a_twoParamChar,EvoSuite,100.00,C,3,run-06-30sec,43192
B1a,B1a_twoParamDouble,EvoSuite,100.00,C,3,run-06-30sec,43282
B1a,B1a_twoParamFloat,EvoSuite,100.00,C,3,run-06-30sec,44037
B1a,B1a_twoParamInt,EvoSuite,100.00,C,3,run-06-30sec,43002
B1a,B1a_twoParamLong,EvoSuite,100.00,C,3,run-06-30sec,42799
B1a,B1a_twoParamShort,EvoSuite,100.00,C,3,run-06-30sec,43197
B1b,B1b_constBoolean,EvoSuite,100.00,C,1,run-06-30sec,45393
B1b,B1b_constByte,EvoSuite,100.00,C,1,run-06-30sec,45194
B1b,B1b_constChar,EvoSuite,100.00,C,1,run-06-30sec,42088
B1b,B1b_constDouble,EvoSuite,100.00,C,1,run-06-30sec,44995
B1b,B1b_constFloat,EvoSuite,100.00,C,1,run-06-30sec,42382
B1b,B1b_constInt,EvoSuite,100.00,C,1,run-06-30sec,41986
B1b,B1b_constLong,EvoSuite,100.00,C,1,run-06-30sec,42519
B1b,B1b_constShort,EvoSuite,100.00,C,1,run-06-30sec,44994
B1c,B1c_add,EvoSuite,100.00,C,3,run-06-30sec,43587
B1c,B1c_addAssignment,EvoSuite,100.00,C,4,run-06-30sec,43490
B1c,B1c_divide,EvoSuite,100.00,C,4,run-06-30sec,47091
B1c,B1c_divideAssignment,EvoSuite,100.00,C,4,run-06-30sec,43782
B1c,B1c_modulo,EvoSuite,100.00,C,4,run-06-30sec,44912
B1c,B1c_moduloAssignment,EvoSuite,100.00,C,4,run-06-30sec,43983
B1c,B1c_multiply,EvoSuite,100.00,C,3,run-06-30sec,42995
B1c,B1c_multiplyAssignment,EvoSuite,100.00,C,3,run-06-30sec,43080
B1c,B1c_postfixMinusMinus,EvoSuite,100.00,C,3,run-06-30sec,43104
B1c,B1c_postfixPlusplus,EvoSuite,100.00,C,3,run-06-30sec,43180
B1c,B1c_substract,EvoSuite,100.00,C,3,run-06-30sec,44383
B1c,B1c_substractAssignment,EvoSuite,100.00,C,3,run-06-30sec,42991
B1c,B1c_unaryMinus,EvoSuite,100.00,C,3,run-06-30sec,43083
B1c,B1c_unaryMinusMinus,EvoSuite,100.00,C,3,run-06-30sec,43292
B1c,B1c_unaryPlus,EvoSuite,100.00,C,3,run-06-30sec,43136
B1c,B1c_unaryPlusPlus,EvoSuite,100.00,C,3,run-06-30sec,43183
B1d,B1d_and,EvoSuite,100.00,C,3,run-06-30sec,42987
B1d,B1d_equal,EvoSuite,100.00,C,3,run-06-30sec,43295
B1d,B1d_greater,EvoSuite,100.00,C,3,run-06-30sec,42977
B1d,B1d_greaterOrEqual,EvoSuite,100.00,C,3,run-06-30sec,43391
B1d,B1d_negate,EvoSuite,100.00,C,2,run-06-30sec,42716
B1d,B1d_notEqual,EvoSuite,100.00,C,3,run-06-30sec,43394
B1d,B1d_or,EvoSuite,100.00,C,3,run-06-30sec,43203
B1d,B1d_smaller,EvoSuite,100.00,C,3,run-06-30sec,43099
B1d,B1d_smallerOrEqual,EvoSuite,100.00,C,3,run-06-30sec,43392
B1e,B1e_and,EvoSuite,100.00,C,3,run-06-30sec,43191
B1e,B1e_andAssignment,EvoSuite,100.00,C,3,run-06-30sec,43186
B1e,B1e_negate,EvoSuite,100.00,C,3,run-06-30sec,43750
B1e,B1e_or,EvoSuite,100.00,C,3,run-06-30sec,43089
B1e,B1e_orAssignment,EvoSuite,100.00,C,3,run-06-30sec,43829
B1e,B1e_shiftLeft,EvoSuite,100.00,C,3,run-06-30sec,43199
B1e,B1e_shiftLeftAssignment,EvoSuite,100.00,C,3,run-06-30sec,42889
B1e,B1e_shiftRight,EvoSuite,100.00,C,3,run-06-30sec,43076
B1e,B1e_shiftRightAssignment,EvoSuite,100.00,C,4,run-06-30sec,43601
B1e,B1e_shiftRightUnsigned,EvoSuite,100.00,C,3,run-06-30sec,43385
B1e,B1e_shiftRightUnsignedAssignment,EvoSuite,100.00,C,3,run-06-30sec,43400
B1e,B1e_xor,EvoSuite,100.00,C,3,run-06-30sec,42898
B1e,B1e_xorAssignment,EvoSuite,100.00,C,3,run-06-30sec,43287
B2a,B2a_oneParamBoolean,EvoSuite,100.00,C,2,run-06-30sec,43598
B2a,B2a_oneParamDouble,EvoSuite,100.00,C,4,run-06-30sec,43893
B2a,B2a_oneParamInt,EvoSuite,100.00,C,4,run-06-30sec,43995
B2a,B2a_twoParamsBoolean,EvoSuite,72.73,C,4,run-06-30sec,44405
B2a,B2a_twoParamsDouble,EvoSuite,84.62,C,7,run-06-30sec,46445
B2a,B2a_twoParamsInt,EvoSuite,84.62,C,7,run-06-30sec,46914
B2b,B2b_oneParamBoolean,EvoSuite,100.00,C,2,run-06-30sec,42793
B2b,B2b_oneParamInt,EvoSuite,100.00,C,3,run-06-30sec,44312
B2b,B2b_twoParamsBoolean,EvoSuite,100.00,C,3,run-06-30sec,42902
B2b,B2b_twoParamsInt,EvoSuite,100.00,C,5,run-06-30sec,44188
B2c,B2c_missingBreaks,EvoSuite,100.00,C,4,run-06-30sec,43800
B2c,B2c_simple,EvoSuite,100.00,C,4,run-06-30sec,43676
B2c,B2c_withReturn,EvoSuite,100.00,C,4,run-06-30sec,43686
B2d,B2d_oneParamDouble,EvoSuite,66.67,NC,2,run-06-30sec,43210
B2d,B2d_oneParamFloat,EvoSuite,66.67,NC,2,run-06-30sec,46091
B2d,B2d_oneParamInt,EvoSuite,100.00,C,3,run-06-30sec,43287
B2d,B2d_oneParamIntNoSolution,EvoSuite,66.67,C,2,run-06-30sec,43303
B2d,B2d_quadraticDouble,EvoSuite,80.00,NC,2,run-06-30sec,43691
B2d,B2d_quadraticDoubleNoSolution,EvoSuite,80.00,C,1,run-06-30sec,43286
B2d,B2d_quadraticFloat,EvoSuite,80.00,NC,3,run-06-30sec,44607
B2d,B2d_quadraticFloatNoSolution,EvoSuite,80.00,C,2,run-06-30sec,43491
B2d,B2d_quadraticInt,EvoSuite,100.00,C,7,run-06-30sec,49196
B2d,B2d_quadraticIntNoSolution,EvoSuite,80.00,C,2,run-06-30sec,43899
B2d,B2d_threeParamsDouble,EvoSuite,83.33,NC,6,run-06-30sec,46318
B2d,B2d_threeParamsFloat,EvoSuite,83.33,NC,6,run-06-30sec,45991
B2d,B2d_threeParamsInt,EvoSuite,83.33,NC,4,run-06-30sec,48014
B2d,B2d_threeParamsIntNoSolution,EvoSuite,83.33,C,4,run-06-30sec,47801
B2d,B2d_twoParamsDouble,EvoSuite,80.00,NC,3,run-06-30sec,43604
B2d,B2d_twoParamsFloat,EvoSuite,80.00,NC,4,run-06-30sec,44922
B2d,B2d_twoParamsInt,EvoSuite,100.00,C,5,run-06-30sec,44592
B2d,B2d_twoParamsIntNoSolution,EvoSuite,80.00,C,3,run-06-30sec,43772
B3a,B3a_complex,EvoSuite,88.24,C,4,run-06-30sec,138083
B3a,B3a_infinite,EvoSuite,0.00,C,1,run-06-30sec,44404
B3a,B3a_infiniteNotOptimalizable,EvoSuite,0.00,C,0,run-06-30sec,159486
B3a,B3a_nestedLoop,EvoSuite,100.00,C,3,run-06-30sec,320742
B3a,B3a_nestedLoopWithLabel,EvoSuite,85.71,NC,2,run-06-30sec,425265
B3a,B3a_withConditionAndLimit,EvoSuite,100.00,C,3,run-06-30sec,95352
B3a,B3a_withConditionNoLimit,EvoSuite,100.00,C,2,run-06-30sec,123585
B3a,B3a_withContinueBreak,EvoSuite,100.00,C,3,run-06-30sec,95042
B3a,B3a_withLimit,EvoSuite,100.00,C,3,run-06-30sec,73923
B3b,B3b_complex,EvoSuite,85.71,C,4,run-06-30sec,137767
B3b,B3b_infinite,EvoSuite,0.00,C,1,run-06-30sec,43495
B3b,B3b_infiniteNotOptimalizable,EvoSuite,0.00,C,0,run-06-30sec,329026
B3b,B3b_nestedLoop,EvoSuite,100.00,C,10,run-06-30sec,441310
B3b,B3b_nestedLoopWithLabel,EvoSuite,90.91,NC,4,run-06-30sec,275947
B3b,B3b_withConditionAndLimit,EvoSuite,100.00,C,3,run-06-30sec,79935
B3b,B3b_withConditionNoLimit,EvoSuite,100.00,C,2,run-06-30sec,121197
B3b,B3b_withContinueBreak,EvoSuite,100.00,C,3,run-06-30sec,85129
B3b,B3b_withLimit,EvoSuite,100.00,C,3,run-06-30sec,74529
B3c,B3c_complex,EvoSuite,88.24,C,4,run-06-30sec,166352
B3c,B3c_infinite,EvoSuite,0.00,C,1,run-06-30sec,43064
B3c,B3c_infiniteNotOptimalizable,EvoSuite,0.00,C,0,run-06-30sec,371753
B3c,B3c_nestedLoop,EvoSuite,100.00,C,5,run-06-30sec,338430
B3c,B3c_nestedLoopWithLabel,EvoSuite,85.71,NC,4,run-06-30sec,327334
B3c,B3c_withConditionAndLimit,EvoSuite,100.00,C,3,run-06-30sec,83293
B3c,B3c_withConditionNoLimit,EvoSuite,100.00,C,3,run-06-30sec,111458
B3c,B3c_withContinueBreak,EvoSuite,100.00,C,3,run-06-30sec,98228
B3c,B3c_withLimit,EvoSuite,100.00,C,2,run-06-30sec,73120
B4a,B4a_fromParams,EvoSuite,100.00,C,6,run-06-30sec,44686
B4a,B4a_fromParamsWithIndex,EvoSuite,83.33,NC,9,run-06-30sec,45991
B4a,B4a_guessLength,EvoSuite,100.00,C,3,run-06-30sec,43991
B4a,B4a_guessOneArray,EvoSuite,100.00,C,6,run-06-30sec,44797
B4a,B4a_guessOneArrayWithLength,EvoSuite,100.00,C,7,run-06-30sec,45367
B4a,B4a_indexParam,EvoSuite,100.00,C,6,run-06-30sec,45496
B4a,B4a_iterateWithFor,EvoSuite,100.00,C,4,run-06-30sec,47309
B4a,B4a_iterateWithForeach,EvoSuite,100.00,C,5,run-06-30sec,44989
B4a,B4a_twoArrays,EvoSuite,100.00,C,7,run-06-30sec,46077
B4b,B4b_fromParams,EvoSuite,100.00,C,6,run-06-30sec,44777
B4b,B4b_fromParamsWithIndex,EvoSuite,75.00,NC,5,run-06-30sec,44390
B4b,B4b_guessLength,EvoSuite,100.00,C,3,run-06-30sec,46173
B4b,B4b_guessOneArray,EvoSuite,100.00,C,6,run-06-30sec,45613
B4b,B4b_guessOneArrayWithLength,EvoSuite,100.00,C,7,run-06-30sec,45300
B4b,B4b_indexParam,EvoSuite,100.00,C,4,run-06-30sec,44287
B4b,B4b_iterateWithFor,EvoSuite,100.00,C,5,run-06-30sec,44677
B4b,B4b_iterateWithForeach,EvoSuite,100.00,C,4,run-06-30sec,44478
B4b,B4b_twoArrays,EvoSuite,80.00,NC,5,run-06-30sec,45832
B5a1,B5a1_conditionalCall,EvoSuite,100.00,C,8,run-06-30sec,45906
B5a1,B5a1_simple,EvoSuite,100.00,C,7,run-06-30sec,45705
B5a1,B5a1_useReturnValue,EvoSuite,100.00,C,7,run-06-30sec,46011
B5a2,B5a2_conditionalCall,EvoSuite,100.00,C,10,run-06-30sec,46296
B5a2,B5a2_simple,EvoSuite,100.00,C,9,run-06-30sec,46443
B5a2,B5a2_useReturnValue,EvoSuite,100.00,C,9,run-06-30sec,46209
B5b1,B5b1_fibonacci,EvoSuite,100.00,C,4,run-06-30sec,56575
B5b1,B5b1_simple,EvoSuite,100.00,C,4,run-06-30sec,45795
B5b2,B5b2_fibonacci,EvoSuite,0.00,NC,0,run-06-30sec,453589
B5b2,B5b2_simple,EvoSuite,100.00,C,3,run-06-30sec,80004
B6a,B6a_always,EvoSuite,100.00,C,1,run-06-30sec,42974
B6a,B6a_call,EvoSuite,100.00,C,7,run-06-30sec,45877
B6a,B6a_conditionalAndLoop,EvoSuite,100.00,C,4,run-06-30sec,77947
B6a,B6a_recursive,EvoSuite,100.00,C,4,run-06-30sec,45180
B6a,B6a_tryCatch,EvoSuite,100.00,C,7,run-06-30sec,46387
B6a,B6a_tryCatchFinally,EvoSuite,100.00,C,8,run-06-30sec,47803
B6b,B6b_always,EvoSuite,100.00,C,1,run-06-30sec,43066
B6b,B6b_call,EvoSuite,100.00,C,7,run-06-30sec,46086
B6b,B6b_conditionalAndLoop,EvoSuite,100.00,C,4,run-06-30sec,77852
B6b,B6b_recursive,EvoSuite,100.00,C,4,run-06-30sec,45399
B6b,B6b_tryCatch,EvoSuite,100.00,C,7,run-06-30sec,46190
B6b,B6b_tryCatchFinally,EvoSuite,100.00,C,8,run-06-30sec,47302
B6c,B6c_arithmeticException,EvoSuite,100.00,C,2,run-06-30sec,42975
B6c,B6c_arrayIndexOutOfBoundsException,EvoSuite,100.00,C,2,run-06-30sec,45784
B6c,B6c_classCastException,EvoSuite,100.00,C,2,run-06-30sec,43268
B6c,B6c_illegalArgumentException,EvoSuite,100.00,C,2,run-06-30sec,42675
B6c,B6c_illegalStateException,EvoSuite,100.00,C,2,run-06-30sec,42669
B6c,B6c_indexOutOfBoundsException,EvoSuite,100.00,C,2,run-06-30sec,42970
B6c,B6c_nullPointerException,EvoSuite,100.00,C,2,run-06-30sec,45781
B6c,B6c_securityException,EvoSuite,100.00,C,2,run-06-30sec,45487
B6c,B6c_unsupportedOperationException,EvoSuite,100.00,C,2,run-06-30sec,42806
S1,S1_returnStructure,EvoSuite,100.00,C,2,run-06-30sec,42886
S1,S1_returnStructureParams,EvoSuite,100.00,C,1,run-06-30sec,42469
S1,S1_useStructure,EvoSuite,100.00,C,4,run-06-30sec,44178
S1,S1_useStructureParams,EvoSuite,100.00,C,3,run-06-30sec,43187
S2,S2_oneStructure,EvoSuite,100.00,C,8,run-06-30sec,46692
S2,S2_oneStructureParams,EvoSuite,100.00,C,7,run-06-30sec,46723
S2,S2_twoStructures,EvoSuite,100.00,C,9,run-06-30sec,48887
S2,S2_twoStructuresParams,EvoSuite,100.00,C,7,run-06-30sec,46423
S3,S3_arrayOfStructures,EvoSuite,100.00,C,4,run-06-30sec,45188
S3,S3_arrayOfStructuresParams,EvoSuite,100.00,C,7,run-06-30sec,46798
S3,S3_noLimit,EvoSuite,100.00,C,5,run-06-30sec,121643
S3,S3_noLimitParams,EvoSuite,100.00,C,5,run-06-30sec,126756
S3,S3_withLimit,EvoSuite,100.00,C,5,run-06-30sec,87844
S3,S3_withLimitParams,EvoSuite,100.00,C,5,run-06-30sec,105671
S4,S4_guess,EvoSuite,55.56,NC,7,run-06-30sec,46991
S4,S4_guessCoordinates,EvoSuite,75.00,NC,9,run-06-30sec,47615
S4,S4_guessParams,EvoSuite,91.67,NC,7,run-06-30sec,46008
O1,O1_fullCoverage,EvoSuite,93.33,NC,5,run-06-30sec,44989
O1,O1_guessImpossibleObject,EvoSuite,80.00,C,3,run-06-30sec,45003
O1,O1_guessImpossibleOperationCount,EvoSuite,85.71,C,3,run-06-30sec,64587
O1,O1_guessImpossibleOperationCountParams,EvoSuite,83.33,C,2,run-06-30sec,61780
O1,O1_guessImpossibleResult,EvoSuite,92.31,C,3,run-06-30sec,43787
O1,O1_guessImpossibleResultAndOperationCount,EvoSuite,85.71,C,5,run-06-30sec,118673
O1,O1_guessImpossibleResultAndOperationCountParams,EvoSuite,83.33,C,4,run-06-30sec,104342
O1,O1_guessImpossibleResultParams,EvoSuite,91.67,C,2,run-06-30sec,44315
O1,O1_guessObject,EvoSuite,100.00,C,6,run-06-30sec,45279
O1,O1_guessOperationCount,EvoSuite,100.00,C,4,run-06-30sec,78752
O1,O1_guessOperationCountParams,EvoSuite,100.00,C,3,run-06-30sec,77410
O1,O1_guessResult,EvoSuite,100.00,C,4,run-06-30sec,44085
O1,O1_guessResultAndOperationCount,EvoSuite,85.71,NC,5,run-06-30sec,96428
O1,O1_guessResultAndOperationCountParams,EvoSuite,83.33,NC,3,run-06-30sec,93244
O1,O1_guessResultParams,EvoSuite,100.00,C,3,run-06-30sec,43793
O1,O1_oneOperationNoCheck,EvoSuite,85.71,NC,3,run-06-30sec,46369
O1,O1_oneOperationParams,EvoSuite,87.50,NC,2,run-06-30sec,43985
O1,O1_oneOperationWithCheck,EvoSuite,100.00,C,3,run-06-30sec,43274
O1,O1_twoOperationsParams,EvoSuite,90.00,NC,2,run-06-30sec,45676
O1,O1_twoOperationsWithCheck,EvoSuite,90.91,NC,3,run-06-30sec,43577
O1,O1_twoOperationsWithNocheck,EvoSuite,88.89,NC,3,run-06-30sec,43672
O2,O2_guessResult,EvoSuite,100.00,C,5,run-06-30sec,44672
O2,O2_guessResultParams,EvoSuite,100.00,C,4,run-06-30sec,48015
O3a,O3a_guessResult,EvoSuite,100.00,C,5,run-06-30sec,45091
O3a,O3a_guessResultParams,EvoSuite,94.12,NC,3,run-06-30sec,46383
O3b,O3b_guess,EvoSuite,100.00,C,4,run-06-30sec,43980
O3b,O3b_guessImpossible,EvoSuite,83.33,C,2,run-06-30sec,46476
O3b,O3b_validate,EvoSuite,83.33,C,2,run-06-30sec,43477
O3c,O3c_guess,EvoSuite,100.00,C,4,run-06-30sec,43888
O3c,O3c_guessImpossible,EvoSuite,83.33,C,2,run-06-30sec,43398
O3c,O3c_validate,EvoSuite,83.33,C,2,run-06-30sec,43576
O4,O4_guessImpossible,EvoSuite,88.24,NC,3,run-06-30sec,44083
O4,O4_guessImpossibleParams,EvoSuite,87.50,C,2,run-06-30sec,45909
O4,O4_guessResult,EvoSuite,94.12,NC,4,run-06-30sec,44290
O4,O4_guessResultParams,EvoSuite,93.75,C,3,run-06-30sec,46491
G1,G1_guessType,EvoSuite,88.89,C,4,run-06-30sec,44276
G1,G1_guessTypeAndUse,EvoSuite,93.33,C,8,run-06-30sec,45791
G1,G1_guessTypeWithExtends,EvoSuite,66.67,C,3,run-06-30sec,43805
G1,G1_guessTypeWithExtendsAndUse,EvoSuite,80.00,C,7,run-06-30sec,45078
G2,G2_guessDescendant,EvoSuite,100.00,C,3,run-06-30sec,43476
G2,G2_guessImpossible,EvoSuite,66.67,C,2,run-06-30sec,43188
G2,G2_guessInteger,EvoSuite,100.00,C,3,run-06-30sec,44770
G2,G2_guessIntegerNoHelp,EvoSuite,100.00,C,3,run-06-30sec,43784
G2,G2_guessSafe,EvoSuite,66.67,C,2,run-06-30sec,43898
G2,G2_guessSafeNoHelp,EvoSuite,0.00,NC,2,run-06-30sec,43172
L1,L1_abs,EvoSuite,100.00,C,4,run-06-30sec,43886
L1,L1_absImpossible,EvoSuite,66.67,C,1,run-06-30sec,42480
L1,L1_cbrt,EvoSuite,100.00,C,3,run-06-30sec,46527
L1,L1_cos,EvoSuite,100.00,C,3,run-06-30sec,43521
L1,L1_cosImpossible,EvoSuite,66.67,C,1,run-06-30sec,42472
L1,L1_log10GuessArgument,EvoSuite,100.00,C,3,run-06-30sec,43481
L1,L1_logGuessArgument,EvoSuite,100.00,C,3,run-06-30sec,44085
L1,L1_logGuessBase,EvoSuite,100.00,C,3,run-06-30sec,44291
L1,L1_logGuessBaseAndArgument,EvoSuite,75.00,NC,2,run-06-30sec,43376
L1,L1_minMax,EvoSuite,100.00,C,5,run-06-30sec,44387
L1,L1_minMaxImpossible,EvoSuite,66.67,C,5,run-06-30sec,44382
L1,L1_minMaxWithOrder,EvoSuite,100.00,C,6,run-06-30sec,47284
L1,L1_powGuessBase,EvoSuite,75.00,NC,2,run-06-30sec,43491
L1,L1_powGuessBaseAndExponent,EvoSuite,100.00,C,3,run-06-30sec,47538
L1,L1_powGuessExponent,EvoSuite,75.00,NC,2,run-06-30sec,43179
L1,L1_sin,EvoSuite,100.00,C,3,run-06-30sec,43384
L1,L1_sinImpossible,EvoSuite,66.67,C,1,run-06-30sec,42710
L1,L1_sqrt,EvoSuite,100.00,C,3,run-06-30sec,46491
L1,L1_sqrtImpossible,EvoSuite,66.67,C,1,run-06-30sec,43686
L1,L1_tan,EvoSuite,100.00,C,3,run-06-30sec,46477
L2,L2_add,EvoSuite,100.00,C,4,run-06-30sec,43682
L2,L2_addWithCondition,EvoSuite,84.62,C,5,run-06-30sec,45196
L2,L2_charAt,EvoSuite,85.71,C,5,run-06-30sec,47189
L2,L2_compareTo,EvoSuite,66.67,NC,8,run-06-30sec,46199
L2,L2_compareToIgnoreCase,EvoSuite,66.67,NC,8,run-06-30sec,46514
L2,L2_equality,EvoSuite,88.89,C,4,run-06-30sec,43906
L2,L2_equalityIgnoreCase,EvoSuite,88.89,C,4,run-06-30sec,44297
L2,L2_indexOf,EvoSuite,62.50,NC,4,run-06-30sec,45417
L2,L2_length,EvoSuite,85.71,C,5,run-06-30sec,44400
L2,L2_regionEquality,EvoSuite,62.50,NC,2,run-06-30sec,43431
L2,L2_startsEnds,EvoSuite,100.00,C,4,run-06-30sec,46780
L2,L2_substring,EvoSuite,71.43,NC,3,run-06-30sec,44680
L2,L2_switchString,EvoSuite,100.00,C,4,run-06-30sec,44116
L3,L3_guessDouble,EvoSuite,100.00,C,4,run-06-30sec,44095
L3,L3_guessInteger,EvoSuite,100.00,C,4,run-06-30sec,43993
L3,L3_integerOverflow,EvoSuite,100.00,C,5,run-06-30sec,45079
L4,L4_guessElementAndIndex,EvoSuite,100.00,C,5,run-06-30sec,45087
L4,L4_guessElements,EvoSuite,100.00,C,5,run-06-30sec,45094
L4,L4_guessGenericListWithElement,EvoSuite,100.00,C,5,run-06-30sec,45077
L4,L4_guessGenericListWithSize,EvoSuite,100.00,C,4,run-06-30sec,44280
L4,L4_guessGenericVectorWithElement,EvoSuite,100.00,C,5,run-06-30sec,46430
L4,L4_guessGenericVectorWithSize,EvoSuite,100.00,C,4,run-06-30sec,44363
L4,L4_guessIndices,EvoSuite,100.00,C,6,run-06-30sec,45282
L4,L4_guessListWithSize,EvoSuite,100.00,C,4,run-06-30sec,44684
L4,L4_guessSize,EvoSuite,100.00,C,3,run-06-30sec,43485
L4,L4_guessSizeAndElements,EvoSuite,100.00,C,7,run-06-30sec,48289
L4,L4_guessVectorWithSize,EvoSuite,100.00,C,4,run-06-30sec,44885
LO,LO_associatesAPIGuessDate,EvoSuite,50.00,NC,2,run-06-30sec,43223
LO,LO_associatesAPIGuessValidDateFormat,EvoSuite,57.14,NC,2,run-06-30sec,42915
LO,LO_guessUUID,EvoSuite,44.44,NC,2,run-06-30sec,43590
LO,LO_guessValidUUID,EvoSuite,66.67,NC,2,run-06-30sec,42881
LO,LO_inheritsAPIGuessOneObject,EvoSuite,85.71,C,4,run-06-30sec,44778
LO,LO_inheritsAPIGuessOnePrimitive,EvoSuite,83.33,C,4,run-06-30sec,46786
LO,LO_inheritsAPIGuessTwoObjects,EvoSuite,91.67,C,6,run-06-30sec,45780
LO,LO_inheritsAPIGuessTwoPrimitives,EvoSuite,91.67,C,5,run-06-30sec,44877
LO,LO_regexCaseInsensitive,EvoSuite,100.00,C,3,run-06-30sec,46205
LO,LO_regexCaseSensitive,EvoSuite,100.00,C,3,run-06-30sec,43293
Others,Others_guess,EvoSuite,100.00,C,6,run-06-30sec,44875
Others,Others_guessEnum,EvoSuite,90.91,C,5,run-06-30sec,45083
Others,Others_guessEnumOrdinal,EvoSuite,90.91,C,5,run-06-30sec,44694
Others,Others_guessEnumString,EvoSuite,90.91,C,5,run-06-30sec,45914
Others,Others_guessWithLength,EvoSuite,80.00,NC,6,run-06-30sec,44587
Others,Others_iterateWithFor,EvoSuite,100.00,C,5,run-06-30sec,44415
Others,Others_iterateWithForeach,EvoSuite,100.00,C,5,run-06-30sec,44676
Others,Others_minMax,EvoSuite,100.00,C,5,run-06-30sec,44199
Others,Others_minMaxImpossible,EvoSuite,66.67,C,5,run-06-30sec,44385
Others,Others_minMaxWithOrder,EvoSuite,100.00,C,6,run-06-30sec,47484
Others,Others_switchEnum,EvoSuite,87.50,C,5,run-06-30sec,44876
Others,Others_test,EvoSuite,100.00,C,3,run-06-30sec,44384
B1a,B1a_oneParamBoolean,EvoSuite,100.00,C,2,run-07-30sec,42836
B1a,B1a_oneParamByte,EvoSuite,100.00,C,3,run-07-30sec,43009
B1a,B1a_oneParamChar,EvoSuite,100.00,C,3,run-07-30sec,43285
B1a,B1a_oneParamDouble,EvoSuite,100.00,C,3,run-07-30sec,43313
B1a,B1a_oneParamFloat,EvoSuite,100.00,C,3,run-07-30sec,43092
B1a,B1a_oneParamInt,EvoSuite,100.00,C,3,run-07-30sec,45984
B1a,B1a_oneParamLong,EvoSuite,100.00,C,3,run-07-30sec,43287
B1a,B1a_oneParamShort,EvoSuite,100.00,C,3,run-07-30sec,43184
B1a,B1a_twoParamBoolean,EvoSuite,100.00,C,2,run-07-30sec,42405
B1a,B1a_twoParamByte,EvoSuite,100.00,C,3,run-07-30sec,43211
B1a,B1a_twoParamChar,EvoSuite,100.00,C,3,run-07-30sec,43584
B1a,B1a_twoParamDouble,EvoSuite,100.00,C,3,run-07-30sec,43193
B1a,B1a_twoParamFloat,EvoSuite,100.00,C,3,run-07-30sec,43204
B1a,B1a_twoParamInt,EvoSuite,100.00,C,3,run-07-30sec,42894
B1a,B1a_twoParamLong,EvoSuite,100.00,C,3,run-07-30sec,43202
B1a,B1a_twoParamShort,EvoSuite,100.00,C,3,run-07-30sec,43187
B1b,B1b_constBoolean,EvoSuite,100.00,C,1,run-07-30sec,42184
B1b,B1b_constByte,EvoSuite,100.00,C,1,run-07-30sec,42798
B1b,B1b_constChar,EvoSuite,100.00,C,1,run-07-30sec,43106
B1b,B1b_constDouble,EvoSuite,100.00,C,1,run-07-30sec,45085
B1b,B1b_constFloat,EvoSuite,100.00,C,1,run-07-30sec,42214
B1b,B1b_constInt,EvoSuite,100.00,C,1,run-07-30sec,42383
B1b,B1b_constLong,EvoSuite,100.00,C,1,run-07-30sec,42285
B1b,B1b_constShort,EvoSuite,100.00,C,1,run-07-30sec,41993
B1c,B1c_add,EvoSuite,100.00,C,3,run-07-30sec,42998
B1c,B1c_addAssignment,EvoSuite,100.00,C,3,run-07-30sec,43213
B1c,B1c_divide,EvoSuite,100.00,C,4,run-07-30sec,43684
B1c,B1c_divideAssignment,EvoSuite,100.00,C,4,run-07-30sec,44398
B1c,B1c_modulo,EvoSuite,100.00,C,4,run-07-30sec,43883
B1c,B1c_moduloAssignment,EvoSuite,100.00,C,4,run-07-30sec,43584
B1c,B1c_multiply,EvoSuite,100.00,C,3,run-07-30sec,43395
B1c,B1c_multiplyAssignment,EvoSuite,100.00,C,3,run-07-30sec,42932
B1c,B1c_postfixMinusMinus,EvoSuite,100.00,C,3,run-07-30sec,43294
B1c,B1c_postfixPlusplus,EvoSuite,100.00,C,3,run-07-30sec,43193
B1c,B1c_substract,EvoSuite,100.00,C,3,run-07-30sec,43080
B1c,B1c_substractAssignment,EvoSuite,100.00,C,3,run-07-30sec,43112
B1c,B1c_unaryMinus,EvoSuite,100.00,C,3,run-07-30sec,43193
B1c,B1c_unaryMinusMinus,EvoSuite,100.00,C,3,run-07-30sec,43078
B1c,B1c_unaryPlus,EvoSuite,100.00,C,3,run-07-30sec,42990
B1c,B1c_unaryPlusPlus,EvoSuite,100.00,C,3,run-07-30sec,43090
B1d,B1d_and,EvoSuite,100.00,C,3,run-07-30sec,43004
B1d,B1d_equal,EvoSuite,100.00,C,3,run-07-30sec,43027
B1d,B1d_greater,EvoSuite,100.00,C,3,run-07-30sec,43288
B1d,B1d_greaterOrEqual,EvoSuite,100.00,C,3,run-07-30sec,43191
B1d,B1d_negate,EvoSuite,100.00,C,2,run-07-30sec,42490
B1d,B1d_notEqual,EvoSuite,100.00,C,3,run-07-30sec,43218
B1d,B1d_or,EvoSuite,100.00,C,3,run-07-30sec,43087
B1d,B1d_smaller,EvoSuite,100.00,C,3,run-07-30sec,43307
B1d,B1d_smallerOrEqual,EvoSuite,100.00,C,3,run-07-30sec,42985
B1e,B1e_and,EvoSuite,100.00,C,3,run-07-30sec,43290
B1e,B1e_andAssignment,EvoSuite,100.00,C,3,run-07-30sec,43097
B1e,B1e_negate,EvoSuite,100.00,C,3,run-07-30sec,43192
B1e,B1e_or,EvoSuite,100.00,C,3,run-07-30sec,43201
B1e,B1e_orAssignment,EvoSuite,100.00,C,4,run-07-30sec,43490
B1e,B1e_shiftLeft,EvoSuite,100.00,C,3,run-07-30sec,43189
B1e,B1e_shiftLeftAssignment,EvoSuite,100.00,C,3,run-07-30sec,43126
B1e,B1e_shiftRight,EvoSuite,100.00,C,3,run-07-30sec,43977
B1e,B1e_shiftRightAssignment,EvoSuite,100.00,C,4,run-07-30sec,43493
B1e,B1e_shiftRightUnsigned,EvoSuite,100.00,C,3,run-07-30sec,43194
B1e,B1e_shiftRightUnsignedAssignment,EvoSuite,100.00,C,4,run-07-30sec,43596
B1e,B1e_xor,EvoSuite,100.00,C,3,run-07-30sec,43000
B1e,B1e_xorAssignment,EvoSuite,100.00,C,3,run-07-30sec,43521
B2a,B2a_oneParamBoolean,EvoSuite,100.00,C,2,run-07-30sec,45606
B2a,B2a_oneParamDouble,EvoSuite,100.00,C,4,run-07-30sec,43785
B2a,B2a_oneParamInt,EvoSuite,100.00,C,4,run-07-30sec,44813
B2a,B2a_twoParamsBoolean,EvoSuite,72.73,C,4,run-07-30sec,44905
B2a,B2a_twoParamsDouble,EvoSuite,84.62,C,7,run-07-30sec,46116
B2a,B2a_twoParamsInt,EvoSuite,84.62,C,7,run-07-30sec,46616
B2b,B2b_oneParamBoolean,EvoSuite,100.00,C,2,run-07-30sec,42788
B2b,B2b_oneParamInt,EvoSuite,100.00,C,3,run-07-30sec,45887
B2b,B2b_twoParamsBoolean,EvoSuite,100.00,C,3,run-07-30sec,42886
B2b,B2b_twoParamsInt,EvoSuite,100.00,C,5,run-07-30sec,43994
B2c,B2c_missingBreaks,EvoSuite,100.00,C,4,run-07-30sec,43891
B2c,B2c_simple,EvoSuite,100.00,C,4,run-07-30sec,43988
B2c,B2c_withReturn,EvoSuite,100.00,C,4,run-07-30sec,44204
B2d,B2d_oneParamDouble,EvoSuite,100.00,C,3,run-07-30sec,43877
B2d,B2d_oneParamFloat,EvoSuite,100.00,C,3,run-07-30sec,46793
B2d,B2d_oneParamInt,EvoSuite,100.00,C,3,run-07-30sec,43501
B2d,B2d_oneParamIntNoSolution,EvoSuite,66.67,C,2,run-07-30sec,43284
B2d,B2d_quadraticDouble,EvoSuite,80.00,NC,2,run-07-30sec,43790
B2d,B2d_quadraticDoubleNoSolution,EvoSuite,80.00,C,1,run-07-30sec,43174
B2d,B2d_quadraticFloat,EvoSuite,80.00,NC,3,run-07-30sec,44398
B2d,B2d_quadraticFloatNoSolution,EvoSuite,80.00,C,1,run-07-30sec,44322
B2d,B2d_quadraticInt,EvoSuite,100.00,C,6,run-07-30sec,45700
B2d,B2d_quadraticIntNoSolution,EvoSuite,80.00,C,2,run-07-30sec,43586
B2d,B2d_threeParamsDouble,EvoSuite,83.33,NC,6,run-07-30sec,46100
B2d,B2d_threeParamsFloat,EvoSuite,83.33,NC,6,run-07-30sec,46512
B2d,B2d_threeParamsInt,EvoSuite,83.33,NC,4,run-07-30sec,45082
B2d,B2d_threeParamsIntNoSolution,EvoSuite,83.33,C,4,run-07-30sec,44585
B2d,B2d_twoParamsDouble,EvoSuite,80.00,NC,3,run-07-30sec,43809
B2d,B2d_twoParamsFloat,EvoSuite,80.00,NC,3,run-07-30sec,46574
B2d,B2d_twoParamsInt,EvoSuite,100.00,C,5,run-07-30sec,44880
B2d,B2d_twoParamsIntNoSolution,EvoSuite,80.00,C,4,run-07-30sec,44307
B3a,B3a_complex,EvoSuite,88.24,C,4,run-07-30sec,138978
B3a,B3a_infinite,EvoSuite,0.00,C,1,run-07-30sec,42592
B3a,B3a_infiniteNotOptimalizable,EvoSuite,0.00,C,0,run-07-30sec,452961
B3a,B3a_nestedLoop,EvoSuite,100.00,C,3,run-07-30sec,189445
B3a,B3a_nestedLoopWithLabel,EvoSuite,85.71,NC,3,run-07-30sec,372186
B3a,B3a_withConditionAndLimit,EvoSuite,100.00,C,2,run-07-30sec,77322
B3a,B3a_withConditionNoLimit,EvoSuite,100.00,C,2,run-07-30sec,115674
B3a,B3a_withContinueBreak,EvoSuite,100.00,C,2,run-07-30sec,82883
B3a,B3a_withLimit,EvoSuite,100.00,C,3,run-07-30sec,76751
B3b,B3b_complex,EvoSuite,85.71,C,4,run-07-30sec,180046
B3b,B3b_infinite,EvoSuite,0.00,C,1,run-07-30sec,42770
B3b,B3b_infiniteNotOptimalizable,EvoSuite,0.00,C,0,run-07-30sec,452941
B3b,B3b_nestedLoop,EvoSuite,100.00,C,5,run-07-30sec,139280
B3b,B3b_nestedLoopWithLabel,EvoSuite,100.00,C,13,run-07-30sec,282603
B3b,B3b_withConditionAndLimit,EvoSuite,100.00,C,2,run-07-30sec,77058
B3b,B3b_withConditionNoLimit,EvoSuite,100.00,C,2,run-07-30sec,116681
B3b,B3b_withContinueBreak,EvoSuite,100.00,C,3,run-07-30sec,85711
B3b,B3b_withLimit,EvoSuite,100.00,C,3,run-07-30sec,73628
B3c,B3c_complex,EvoSuite,88.24,C,3,run-07-30sec,139465
B3c,B3c_infinite,EvoSuite,0.00,C,1,run-07-30sec,43786
B3c,B3c_infiniteNotOptimalizable,EvoSuite,0.00,C,1,run-07-30sec,290067
B3c,B3c_nestedLoop,EvoSuite,100.00,C,3,run-07-30sec,402240
B3c,B3c_nestedLoopWithLabel,EvoSuite,85.71,NC,4,run-07-30sec,300609
B3c,B3c_withConditionAndLimit,EvoSuite,100.00,C,3,run-07-30sec,84635
B3c,B3c_withConditionNoLimit,EvoSuite,100.00,C,3,run-07-30sec,105628
B3c,B3c_withContinueBreak,EvoSuite,100.00,C,3,run-07-30sec,95680
B3c,B3c_withLimit,EvoSuite,100.00,C,2,run-07-30sec,74146
B4a,B4a_fromParams,EvoSuite,75.00,NC,5,run-07-30sec,44683
B4a,B4a_fromParamsWithIndex,EvoSuite,83.33,NC,7,run-07-30sec,45591
B4a,B4a_guessLength,EvoSuite,100.00,C,3,run-07-30sec,43286
B4a,B4a_guessOneArray,EvoSuite,100.00,C,6,run-07-30sec,45009
B4a,B4a_guessOneArrayWithLength,EvoSuite,80.00,NC,6,run-07-30sec,44886
B4a,B4a_indexParam,EvoSuite,100.00,C,6,run-07-30sec,45684
B4a,B4a_iterateWithFor,EvoSuite,100.00,C,4,run-07-30sec,44279
B4a,B4a_iterateWithForeach,EvoSuite,100.00,C,4,run-07-30sec,45623
B4a,B4a_twoArrays,EvoSuite,85.71,NC,6,run-07-30sec,44985
B4b,B4b_fromParams,EvoSuite,75.00,NC,5,run-07-30sec,47408
B4b,B4b_fromParamsWithIndex,EvoSuite,75.00,NC,6,run-07-30sec,44891
B4b,B4b_guessLength,EvoSuite,100.00,C,3,run-07-30sec,45978
B4b,B4b_guessOneArray,EvoSuite,100.00,C,6,run-07-30sec,44485
B4b,B4b_guessOneArrayWithLength,EvoSuite,66.67,NC,6,run-07-30sec,44589
B4b,B4b_indexParam,EvoSuite,100.00,C,4,run-07-30sec,44213
B4b,B4b_iterateWithFor,EvoSuite,100.00,C,5,run-07-30sec,44484
B4b,B4b_iterateWithForeach,EvoSuite,100.00,C,5,run-07-30sec,44384
B4b,B4b_twoArrays,EvoSuite,100.00,C,6,run-07-30sec,45283
B5a1,B5a1_conditionalCall,EvoSuite,100.00,C,8,run-07-30sec,46137
B5a1,B5a1_simple,EvoSuite,100.00,C,7,run-07-30sec,45940
B5a1,B5a1_useReturnValue,EvoSuite,100.00,C,7,run-07-30sec,45485
B5a2,B5a2_conditionalCall,EvoSuite,100.00,C,9,run-07-30sec,46186
B5a2,B5a2_simple,EvoSuite,100.00,C,9,run-07-30sec,47195
B5a2,B5a2_useReturnValue,EvoSuite,100.00,C,9,run-07-30sec,48218
B5b1,B5b1_fibonacci,EvoSuite,100.00,C,3,run-07-30sec,65779
B5b1,B5b1_simple,EvoSuite,100.00,C,3,run-07-30sec,45307
B5b2,B5b2_fibonacci,EvoSuite,,T/M,,run-07-30sec,401056
B5b2,B5b2_simple,EvoSuite,100.00,C,3,run-07-30sec,86815
B6a,B6a_always,EvoSuite,100.00,C,1,run-07-30sec,43068
B6a,B6a_call,EvoSuite,100.00,C,7,run-07-30sec,46393
B6a,B6a_conditionalAndLoop,EvoSuite,100.00,C,4,run-07-30sec,78957
B6a,B6a_recursive,EvoSuite,100.00,C,4,run-07-30sec,45386
B6a,B6a_tryCatch,EvoSuite,100.00,C,7,run-07-30sec,46094
B6a,B6a_tryCatchFinally,EvoSuite,100.00,C,8,run-07-30sec,47879
B6b,B6b_always,EvoSuite,100.00,C,1,run-07-30sec,42464
B6b,B6b_call,EvoSuite,100.00,C,7,run-07-30sec,46595
B6b,B6b_conditionalAndLoop,EvoSuite,100.00,C,4,run-07-30sec,89925
B6b,B6b_recursive,EvoSuite,100.00,C,4,run-07-30sec,58061
B6b,B6b_tryCatch,EvoSuite,100.00,C,7,run-07-30sec,45884
B6b,B6b_tryCatchFinally,EvoSuite,100.00,C,8,run-07-30sec,76859
B6c,B6c_arithmeticException,EvoSuite,100.00,C,2,run-07-30sec,43013
B6c,B6c_arrayIndexOutOfBoundsException,EvoSuite,100.00,C,2,run-07-30sec,48407
B6c,B6c_classCastException,EvoSuite,100.00,C,2,run-07-30sec,46082
B6c,B6c_illegalArgumentException,EvoSuite,100.00,C,2,run-07-30sec,45309
B6c,B6c_illegalStateException,EvoSuite,100.00,C,2,run-07-30sec,46125
B6c,B6c_indexOutOfBoundsException,EvoSuite,100.00,C,2,run-07-30sec,42668
B6c,B6c_nullPointerException,EvoSuite,100.00,C,2,run-07-30sec,46115
B6c,B6c_securityException,EvoSuite,100.00,C,2,run-07-30sec,44116
B6c,B6c_unsupportedOperationException,EvoSuite,100.00,C,2,run-07-30sec,42976
S1,S1_returnStructure,EvoSuite,100.00,C,2,run-07-30sec,50483
S1,S1_returnStructureParams,EvoSuite,100.00,C,1,run-07-30sec,42283
S1,S1_useStructure,EvoSuite,100.00,C,4,run-07-30sec,43983
S1,S1_useStructureParams,EvoSuite,100.00,C,4,run-07-30sec,43483
S2,S2_oneStructure,EvoSuite,100.00,C,8,run-07-30sec,47205
S2,S2_oneStructureParams,EvoSuite,100.00,C,7,run-07-30sec,45588
S2,S2_twoStructures,EvoSuite,100.00,C,9,run-07-30sec,49149
S2,S2_twoStructuresParams,EvoSuite,100.00,C,7,run-07-30sec,46387
S3,S3_arrayOfStructures,EvoSuite,100.00,C,4,run-07-30sec,45191
S3,S3_arrayOfStructuresParams,EvoSuite,100.00,C,7,run-07-30sec,46003
S3,S3_noLimit,EvoSuite,100.00,C,5,run-07-30sec,134994
S3,S3_noLimitParams,EvoSuite,100.00,C,4,run-07-30sec,114572
S3,S3_withLimit,EvoSuite,100.00,C,5,run-07-30sec,87760
S3,S3_withLimitParams,EvoSuite,100.00,C,4,run-07-30sec,105857
S4,S4_guess,EvoSuite,55.56,NC,6,run-07-30sec,46994
S4,S4_guessCoordinates,EvoSuite,66.67,NC,8,run-07-30sec,47904
S4,S4_guessParams,EvoSuite,91.67,NC,7,run-07-30sec,46595
O1,O1_fullCoverage,EvoSuite,93.33,NC,5,run-07-30sec,44686
O1,O1_guessImpossibleObject,EvoSuite,80.00,C,3,run-07-30sec,44801
O1,O1_guessImpossibleOperationCount,EvoSuite,85.71,C,3,run-07-30sec,61889
O1,O1_guessImpossibleOperationCountParams,EvoSuite,83.33,C,2,run-07-30sec,60575
O1,O1_guessImpossibleResult,EvoSuite,92.31,C,3,run-07-30sec,44001
O1,O1_guessImpossibleResultAndOperationCount,EvoSuite,100.00,C,6,run-07-30sec,127287
O1,O1_guessImpossibleResultAndOperationCountParams,EvoSuite,83.33,C,4,run-07-30sec,103671
O1,O1_guessImpossibleResultParams,EvoSuite,83.33,NC,3,run-07-30sec,46382
O1,O1_guessObject,EvoSuite,100.00,C,6,run-07-30sec,46512
O1,O1_guessOperationCount,EvoSuite,100.00,C,4,run-07-30sec,76710
O1,O1_guessOperationCountParams,EvoSuite,100.00,C,3,run-07-30sec,75726
O1,O1_guessResult,EvoSuite,100.00,C,4,run-07-30sec,44000
O1,O1_guessResultAndOperationCount,EvoSuite,85.71,NC,5,run-07-30sec,94824
O1,O1_guessResultAndOperationCountParams,EvoSuite,83.33,NC,5,run-07-30sec,123278
O1,O1_guessResultParams,EvoSuite,100.00,C,3,run-07-30sec,43787
O1,O1_oneOperationNoCheck,EvoSuite,85.71,NC,3,run-07-30sec,44276
O1,O1_oneOperationParams,EvoSuite,87.50,NC,2,run-07-30sec,43772
O1,O1_oneOperationWithCheck,EvoSuite,88.89,NC,3,run-07-30sec,43076
O1,O1_twoOperationsParams,EvoSuite,90.00,NC,2,run-07-30sec,45475
O1,O1_twoOperationsWithCheck,EvoSuite,100.00,C,3,run-07-30sec,43775
O1,O1_twoOperationsWithNocheck,EvoSuite,100.00,C,3,run-07-30sec,43676
O2,O2_guessResult,EvoSuite,100.00,C,5,run-07-30sec,44971
O2,O2_guessResultParams,EvoSuite,100.00,C,3,run-07-30sec,43384
O3a,O3a_guessResult,EvoSuite,100.00,C,5,run-07-30sec,44794
O3a,O3a_guessResultParams,EvoSuite,94.12,NC,3,run-07-30sec,43669
O3b,O3b_guess,EvoSuite,100.00,C,4,run-07-30sec,43972
O3b,O3b_guessImpossible,EvoSuite,83.33,C,2,run-07-30sec,43380
O3b,O3b_validate,EvoSuite,83.33,C,2,run-07-30sec,44333
O3c,O3c_guess,EvoSuite,100.00,C,4,run-07-30sec,43881
O3c,O3c_guessImpossible,EvoSuite,83.33,C,2,run-07-30sec,43781
O3c,O3c_validate,EvoSuite,83.33,C,2,run-07-30sec,43592
O4,O4_guessImpossible,EvoSuite,88.24,NC,3,run-07-30sec,44008
O4,O4_guessImpossibleParams,EvoSuite,81.25,NC,2,run-07-30sec,42985
O4,O4_guessResult,EvoSuite,94.12,NC,4,run-07-30sec,47107
O4,O4_guessResultParams,EvoSuite,93.75,C,3,run-07-30sec,46797
G1,G1_guessType,EvoSuite,88.89,C,4,run-07-30sec,44790
G1,G1_guessTypeAndUse,EvoSuite,93.33,C,8,run-07-30sec,45487
G1,G1_guessTypeWithExtends,EvoSuite,66.67,C,3,run-07-30sec,43889
G1,G1_guessTypeWithExtendsAndUse,EvoSuite,80.00,C,7,run-07-30sec,45698
G2,G2_guessDescendant,EvoSuite,100.00,C,3,run-07-30sec,44270
G2,G2_guessImpossible,EvoSuite,66.67,C,2,run-07-30sec,43026
G2,G2_guessInteger,EvoSuite,100.00,C,3,run-07-30sec,43880
G2,G2_guessIntegerNoHelp,EvoSuite,100.00,C,3,run-07-30sec,43886
G2,G2_guessSafe,EvoSuite,66.67,C,2,run-07-30sec,43476
G2,G2_guessSafeNoHelp,EvoSuite,0.00,NC,2,run-07-30sec,43175
L1,L1_abs,EvoSuite,100.00,C,4,run-07-30sec,43980
L1,L1_absImpossible,EvoSuite,66.67,C,1,run-07-30sec,42487
L1,L1_cbrt,EvoSuite,100.00,C,3,run-07-30sec,43796
L1,L1_cos,EvoSuite,100.00,C,3,run-07-30sec,43597
L1,L1_cosImpossible,EvoSuite,66.67,C,1,run-07-30sec,45420
L1,L1_log10GuessArgument,EvoSuite,100.00,C,3,run-07-30sec,43478
L1,L1_logGuessArgument,EvoSuite,100.00,C,3,run-07-30sec,44092
L1,L1_logGuessBase,EvoSuite,100.00,C,3,run-07-30sec,47817
L1,L1_logGuessBaseAndArgument,EvoSuite,75.00,NC,2,run-07-30sec,43432
L1,L1_minMax,EvoSuite,100.00,C,5,run-07-30sec,44278
L1,L1_minMaxImpossible,EvoSuite,66.67,C,5,run-07-30sec,46987
L1,L1_minMaxWithOrder,EvoSuite,100.00,C,6,run-07-30sec,47785
L1,L1_powGuessBase,EvoSuite,75.00,NC,2,run-07-30sec,46185
L1,L1_powGuessBaseAndExponent,EvoSuite,100.00,C,3,run-07-30sec,43586
L1,L1_powGuessExponent,EvoSuite,75.00,NC,2,run-07-30sec,43481
L1,L1_sin,EvoSuite,100.00,C,3,run-07-30sec,43482
L1,L1_sinImpossible,EvoSuite,66.67,C,1,run-07-30sec,42186
L1,L1_sqrt,EvoSuite,100.00,C,3,run-07-30sec,46787
L1,L1_sqrtImpossible,EvoSuite,66.67,C,1,run-07-30sec,43287
L1,L1_tan,EvoSuite,100.00,C,3,run-07-30sec,46220
L2,L2_add,EvoSuite,100.00,C,4,run-07-30sec,43917
L2,L2_addWithCondition,EvoSuite,84.62,C,5,run-07-30sec,44898
L2,L2_charAt,EvoSuite,85.71,C,5,run-07-30sec,47382
L2,L2_compareTo,EvoSuite,66.67,NC,8,run-07-30sec,45386
L2,L2_compareToIgnoreCase,EvoSuite,66.67,NC,8,run-07-30sec,45807
L2,L2_equality,EvoSuite,88.89,C,4,run-07-30sec,44099
L2,L2_equalityIgnoreCase,EvoSuite,88.89,C,4,run-07-30sec,44071
L2,L2_indexOf,EvoSuite,62.50,NC,4,run-07-30sec,45221
L2,L2_length,EvoSuite,85.71,C,5,run-07-30sec,47193
L2,L2_regionEquality,EvoSuite,75.00,C,3,run-07-30sec,43787
L2,L2_startsEnds,EvoSuite,100.00,C,4,run-07-30sec,43802
L2,L2_substring,EvoSuite,71.43,NC,3,run-07-30sec,44182
L2,L2_switchString,EvoSuite,100.00,C,4,run-07-30sec,44597
L3,L3_guessDouble,EvoSuite,100.00,C,4,run-07-30sec,44276
L3,L3_guessInteger,EvoSuite,100.00,C,4,run-07-30sec,44083
L3,L3_integerOverflow,EvoSuite,100.00,C,5,run-07-30sec,44718
L4,L4_guessElementAndIndex,EvoSuite,100.00,C,5,run-07-30sec,44986
L4,L4_guessElements,EvoSuite,100.00,C,5,run-07-30sec,44516
L4,L4_guessGenericListWithElement,EvoSuite,100.00,C,5,run-07-30sec,45300
L4,L4_guessGenericListWithSize,EvoSuite,100.00,C,4,run-07-30sec,45711
L4,L4_guessGenericVectorWithElement,EvoSuite,66.67,NC,4,run-07-30sec,44994
L4,L4_guessGenericVectorWithSize,EvoSuite,100.00,C,4,run-07-30sec,49397
L4,L4_guessIndices,EvoSuite,88.89,NC,5,run-07-30sec,45475
L4,L4_guessListWithSize,EvoSuite,100.00,C,5,run-07-30sec,44979
L4,L4_guessSize,EvoSuite,100.00,C,3,run-07-30sec,43782
L4,L4_guessSizeAndElements,EvoSuite,83.33,NC,6,run-07-30sec,47992
L4,L4_guessVectorWithSize,EvoSuite,100.00,C,4,run-07-30sec,44574
LO,LO_associatesAPIGuessDate,EvoSuite,50.00,NC,2,run-07-30sec,46096
LO,LO_associatesAPIGuessValidDateFormat,EvoSuite,57.14,NC,2,run-07-30sec,43187
LO,LO_guessUUID,EvoSuite,44.44,NC,2,run-07-30sec,42985
LO,LO_guessValidUUID,EvoSuite,66.67,NC,2,run-07-30sec,43079
LO,LO_inheritsAPIGuessOneObject,EvoSuite,85.71,C,4,run-07-30sec,44201
LO,LO_inheritsAPIGuessOnePrimitive,EvoSuite,83.33,C,4,run-07-30sec,46975
LO,LO_inheritsAPIGuessTwoObjects,EvoSuite,91.67,C,6,run-07-30sec,45689
LO,LO_inheritsAPIGuessTwoPrimitives,EvoSuite,91.67,C,5,run-07-30sec,47579
LO,LO_regexCaseInsensitive,EvoSuite,100.00,C,3,run-07-30sec,43383
LO,LO_regexCaseSensitive,EvoSuite,100.00,C,3,run-07-30sec,43216
Others,Others_guess,EvoSuite,100.00,C,6,run-07-30sec,47621
Others,Others_guessEnum,EvoSuite,90.91,C,5,run-07-30sec,44829
Others,Others_guessEnumOrdinal,EvoSuite,90.91,C,5,run-07-30sec,44979
Others,Others_guessEnumString,EvoSuite,90.91,C,5,run-07-30sec,44796
Others,Others_guessWithLength,EvoSuite,100.00,C,7,run-07-30sec,45377
Others,Others_iterateWithFor,EvoSuite,100.00,C,5,run-07-30sec,45000
Others,Others_iterateWithForeach,EvoSuite,100.00,C,5,run-07-30sec,44677
Others,Others_minMax,EvoSuite,100.00,C,5,run-07-30sec,44484
Others,Others_minMaxImpossible,EvoSuite,66.67,C,5,run-07-30sec,47404
Others,Others_minMaxWithOrder,EvoSuite,100.00,C,6,run-07-30sec,47587
Others,Others_switchEnum,EvoSuite,87.50,C,5,run-07-30sec,44788
Others,Others_test,EvoSuite,100.00,C,3,run-07-30sec,44980
B1a,B1a_oneParamBoolean,EvoSuite,100.00,C,2,run-08-30sec,42592
B1a,B1a_oneParamByte,EvoSuite,100.00,C,3,run-08-30sec,43040
B1a,B1a_oneParamChar,EvoSuite,100.00,C,3,run-08-30sec,43127
B1a,B1a_oneParamDouble,EvoSuite,100.00,C,3,run-08-30sec,43403
B1a,B1a_oneParamFloat,EvoSuite,100.00,C,3,run-08-30sec,43298
B1a,B1a_oneParamInt,EvoSuite,100.00,C,3,run-08-30sec,43405
B1a,B1a_oneParamLong,EvoSuite,100.00,C,3,run-08-30sec,42884
B1a,B1a_oneParamShort,EvoSuite,100.00,C,3,run-08-30sec,46107
B1a,B1a_twoParamBoolean,EvoSuite,100.00,C,2,run-08-30sec,44132
B1a,B1a_twoParamByte,EvoSuite,100.00,C,3,run-08-30sec,42991
B1a,B1a_twoParamChar,EvoSuite,100.00,C,3,run-08-30sec,43389
B1a,B1a_twoParamDouble,EvoSuite,100.00,C,3,run-08-30sec,43190
B1a,B1a_twoParamFloat,EvoSuite,100.00,C,3,run-08-30sec,43505
B1a,B1a_twoParamInt,EvoSuite,100.00,C,3,run-08-30sec,42989
B1a,B1a_twoParamLong,EvoSuite,100.00,C,3,run-08-30sec,43591
B1a,B1a_twoParamShort,EvoSuite,100.00,C,3,run-08-30sec,43385
B1b,B1b_constBoolean,EvoSuite,100.00,C,1,run-08-30sec,44987
B1b,B1b_constByte,EvoSuite,100.00,C,1,run-08-30sec,45100
B1b,B1b_constChar,EvoSuite,100.00,C,1,run-08-30sec,44999
B1b,B1b_constDouble,EvoSuite,100.00,C,1,run-08-30sec,46087
B1b,B1b_constFloat,EvoSuite,100.00,C,1,run-08-30sec,45000
B1b,B1b_constInt,EvoSuite,100.00,C,1,run-08-30sec,43090
B1b,B1b_constLong,EvoSuite,100.00,C,1,run-08-30sec,42300
B1b,B1b_constShort,EvoSuite,100.00,C,1,run-08-30sec,45094
B1c,B1c_add,EvoSuite,100.00,C,3,run-08-30sec,43085
B1c,B1c_addAssignment,EvoSuite,100.00,C,3,run-08-30sec,43179
B1c,B1c_divide,EvoSuite,100.00,C,4,run-08-30sec,43784
B1c,B1c_divideAssignment,EvoSuite,100.00,C,4,run-08-30sec,43779
B1c,B1c_modulo,EvoSuite,100.00,C,4,run-08-30sec,43804
B1c,B1c_moduloAssignment,EvoSuite,100.00,C,4,run-08-30sec,43883
B1c,B1c_multiply,EvoSuite,100.00,C,3,run-08-30sec,43295
B1c,B1c_multiplyAssignment,EvoSuite,100.00,C,3,run-08-30sec,42986
B1c,B1c_postfixMinusMinus,EvoSuite,100.00,C,3,run-08-30sec,43096
B1c,B1c_postfixPlusplus,EvoSuite,100.00,C,3,run-08-30sec,43021
B1c,B1c_substract,EvoSuite,100.00,C,3,run-08-30sec,46082
B1c,B1c_substractAssignment,EvoSuite,100.00,C,3,run-08-30sec,43009
B1c,B1c_unaryMinus,EvoSuite,100.00,C,3,run-08-30sec,42936
B1c,B1c_unaryMinusMinus,EvoSuite,100.00,C,3,run-08-30sec,43204
B1c,B1c_unaryPlus,EvoSuite,100.00,C,3,run-08-30sec,42902
B1c,B1c_unaryPlusPlus,EvoSuite,100.00,C,3,run-08-30sec,43083
B1d,B1d_and,EvoSuite,100.00,C,3,run-08-30sec,43101
B1d,B1d_equal,EvoSuite,100.00,C,3,run-08-30sec,43692
B1d,B1d_greater,EvoSuite,100.00,C,3,run-08-30sec,44307
B1d,B1d_greaterOrEqual,EvoSuite,100.00,C,3,run-08-30sec,43091
B1d,B1d_negate,EvoSuite,100.00,C,2,run-08-30sec,42582
B1d,B1d_notEqual,EvoSuite,100.00,C,3,run-08-30sec,43394
B1d,B1d_or,EvoSuite,100.00,C,3,run-08-30sec,43881
B1d,B1d_smaller,EvoSuite,100.00,C,3,run-08-30sec,43434
B1d,B1d_smallerOrEqual,EvoSuite,100.00,C,3,run-08-30sec,43181
B1e,B1e_and,EvoSuite,100.00,C,3,run-08-30sec,43080
B1e,B1e_andAssignment,EvoSuite,100.00,C,3,run-08-30sec,43383
B1e,B1e_negate,EvoSuite,100.00,C,3,run-08-30sec,43183
B1e,B1e_or,EvoSuite,100.00,C,3,run-08-30sec,43000
B1e,B1e_orAssignment,EvoSuite,100.00,C,3,run-08-30sec,43316
B1e,B1e_shiftLeft,EvoSuite,100.00,C,3,run-08-30sec,43590
B1e,B1e_shiftLeftAssignment,EvoSuite,100.00,C,3,run-08-30sec,43000
B1e,B1e_shiftRight,EvoSuite,100.00,C,3,run-08-30sec,43191
B1e,B1e_shiftRightAssignment,EvoSuite,100.00,C,3,run-08-30sec,43113
B1e,B1e_shiftRightUnsigned,EvoSuite,100.00,C,4,run-08-30sec,43382
B1e,B1e_shiftRightUnsignedAssignment,EvoSuite,100.00,C,3,run-08-30sec,43178
B1e,B1e_xor,EvoSuite,100.00,C,3,run-08-30sec,43108
B1e,B1e_xorAssignment,EvoSuite,100.00,C,3,run-08-30sec,43193
B2a,B2a_oneParamBoolean,EvoSuite,100.00,C,2,run-08-30sec,45803
B2a,B2a_oneParamDouble,EvoSuite,100.00,C,4,run-08-30sec,45252
B2a,B2a_oneParamInt,EvoSuite,100.00,C,4,run-08-30sec,44186
B2a,B2a_twoParamsBoolean,EvoSuite,72.73,C,4,run-08-30sec,44413
B2a,B2a_twoParamsDouble,EvoSuite,84.62,C,7,run-08-30sec,46318
B2a,B2a_twoParamsInt,EvoSuite,84.62,C,7,run-08-30sec,46994
B2b,B2b_oneParamBoolean,EvoSuite,100.00,C,2,run-08-30sec,42596
B2b,B2b_oneParamInt,EvoSuite,100.00,C,3,run-08-30sec,43490
B2b,B2b_twoParamsBoolean,EvoSuite,100.00,C,3,run-08-30sec,43084
B2b,B2b_twoParamsInt,EvoSuite,100.00,C,5,run-08-30sec,44017
B2c,B2c_missingBreaks,EvoSuite,100.00,C,4,run-08-30sec,43881
B2c,B2c_simple,EvoSuite,100.00,C,4,run-08-30sec,43396
B2c,B2c_withReturn,EvoSuite,100.00,C,4,run-08-30sec,43688
B2d,B2d_oneParamDouble,EvoSuite,66.67,NC,2,run-08-30sec,46310
B2d,B2d_oneParamFloat,EvoSuite,100.00,C,3,run-08-30sec,46394
B2d,B2d_oneParamInt,EvoSuite,100.00,C,3,run-08-30sec,43788
B2d,B2d_oneParamIntNoSolution,EvoSuite,66.67,C,2,run-08-30sec,45986
B2d,B2d_quadraticDouble,EvoSuite,80.00,NC,3,run-08-30sec,44595
B2d,B2d_quadraticDoubleNoSolution,EvoSuite,80.00,C,1,run-08-30sec,43530
B2d,B2d_quadraticFloat,EvoSuite,80.00,NC,3,run-08-30sec,45129
B2d,B2d_quadraticFloatNoSolution,EvoSuite,80.00,C,2,run-08-30sec,46804
B2d,B2d_quadraticInt,EvoSuite,80.00,NC,5,run-08-30sec,45384
B2d,B2d_quadraticIntNoSolution,EvoSuite,80.00,C,2,run-08-30sec,43491
B2d,B2d_threeParamsDouble,EvoSuite,83.33,NC,6,run-08-30sec,48996
B2d,B2d_threeParamsFloat,EvoSuite,83.33,NC,6,run-08-30sec,46183
B2d,B2d_threeParamsInt,EvoSuite,83.33,NC,4,run-08-30sec,47691
B2d,B2d_threeParamsIntNoSolution,EvoSuite,83.33,C,4,run-08-30sec,44902
B2d,B2d_twoParamsDouble,EvoSuite,80.00,NC,4,run-08-30sec,44623
B2d,B2d_twoParamsFloat,EvoSuite,80.00,NC,3,run-08-30sec,44299
B2d,B2d_twoParamsInt,EvoSuite,100.00,C,4,run-08-30sec,44375
B2d,B2d_twoParamsIntNoSolution,EvoSuite,80.00,C,4,run-08-30sec,44783
B3a,B3a_complex,EvoSuite,88.24,C,4,run-08-30sec,173529
B3a,B3a_infinite,EvoSuite,0.00,C,1,run-08-30sec,43862
B3a,B3a_infiniteNotOptimalizable,EvoSuite,0.00,C,2,run-08-30sec,450098
B3a,B3a_nestedLoop,EvoSuite,100.00,C,3,run-08-30sec,276077
B3a,B3a_nestedLoopWithLabel,EvoSuite,85.71,NC,3,run-08-30sec,339342
B3a,B3a_withConditionAndLimit,EvoSuite,100.00,C,3,run-08-30sec,80953
B3a,B3a_withConditionNoLimit,EvoSuite,100.00,C,2,run-08-30sec,112843
B3a,B3a_withContinueBreak,EvoSuite,100.00,C,2,run-08-30sec,83832
B3a,B3a_withLimit,EvoSuite,100.00,C,3,run-08-30sec,74929
B3b,B3b_complex,EvoSuite,85.71,C,5,run-08-30sec,174620
B3b,B3b_infinite,EvoSuite,0.00,C,1,run-08-30sec,43272
B3b,B3b_infiniteNotOptimalizable,EvoSuite,0.00,C,1,run-08-30sec,408326
B3b,B3b_nestedLoop,EvoSuite,100.00,C,5,run-08-30sec,187157
B3b,B3b_nestedLoopWithLabel,EvoSuite,90.91,NC,10,run-08-30sec,248199
B3b,B3b_withConditionAndLimit,EvoSuite,100.00,C,2,run-08-30sec,76828
B3b,B3b_withConditionNoLimit,EvoSuite,100.00,C,2,run-08-30sec,112839
B3b,B3b_withContinueBreak,EvoSuite,100.00,C,2,run-08-30sec,79160
B3b,B3b_withLimit,EvoSuite,100.00,C,3,run-08-30sec,74067
B3c,B3c_complex,EvoSuite,88.24,C,3,run-08-30sec,126789
B3c,B3c_infinite,EvoSuite,0.00,C,1,run-08-30sec,44468
B3c,B3c_infiniteNotOptimalizable,EvoSuite,0.00,C,0,run-08-30sec,280661
B3c,B3c_nestedLoop,EvoSuite,100.00,C,5,run-08-30sec,426618
B3c,B3c_nestedLoopWithLabel,EvoSuite,92.86,NC,4,run-08-30sec,420732
B3c,B3c_withConditionAndLimit,EvoSuite,100.00,C,3,run-08-30sec,79932
B3c,B3c_withConditionNoLimit,EvoSuite,100.00,C,3,run-08-30sec,112833
B3c,B3c_withContinueBreak,EvoSuite,100.00,C,3,run-08-30sec,102139
B3c,B3c_withLimit,EvoSuite,100.00,C,2,run-08-30sec,74328
B4a,B4a_fromParams,EvoSuite,75.00,NC,5,run-08-30sec,44083
B4a,B4a_fromParamsWithIndex,EvoSuite,83.33,NC,9,run-08-30sec,46717
B4a,B4a_guessLength,EvoSuite,100.00,C,3,run-08-30sec,46185
B4a,B4a_guessOneArray,EvoSuite,100.00,C,6,run-08-30sec,44879
B4a,B4a_guessOneArrayWithLength,EvoSuite,100.00,C,7,run-08-30sec,45110
B4a,B4a_indexParam,EvoSuite,100.00,C,6,run-08-30sec,45195
B4a,B4a_iterateWithFor,EvoSuite,100.00,C,5,run-08-30sec,47699
B4a,B4a_iterateWithForeach,EvoSuite,100.00,C,5,run-08-30sec,44803
B4a,B4a_twoArrays,EvoSuite,85.71,NC,6,run-08-30sec,45503
B4b,B4b_fromParams,EvoSuite,100.00,C,6,run-08-30sec,44578
B4b,B4b_fromParamsWithIndex,EvoSuite,75.00,NC,5,run-08-30sec,44686
B4b,B4b_guessLength,EvoSuite,100.00,C,3,run-08-30sec,43898
B4b,B4b_guessOneArray,EvoSuite,100.00,C,6,run-08-30sec,44284
B4b,B4b_guessOneArrayWithLength,EvoSuite,66.67,NC,6,run-08-30sec,47683
B4b,B4b_indexParam,EvoSuite,100.00,C,4,run-08-30sec,44577
B4b,B4b_iterateWithFor,EvoSuite,100.00,C,5,run-08-30sec,45000
B4b,B4b_iterateWithForeach,EvoSuite,100.00,C,4,run-08-30sec,44490
B4b,B4b_twoArrays,EvoSuite,80.00,NC,5,run-08-30sec,47584
B5a1,B5a1_conditionalCall,EvoSuite,100.00,C,8,run-08-30sec,47922
B5a1,B5a1_simple,EvoSuite,100.00,C,7,run-08-30sec,45697
B5a1,B5a1_useReturnValue,EvoSuite,100.00,C,7,run-08-30sec,46408
B5a2,B5a2_conditionalCall,EvoSuite,100.00,C,10,run-08-30sec,47692
B5a2,B5a2_simple,EvoSuite,100.00,C,8,run-08-30sec,46201
B5a2,B5a2_useReturnValue,EvoSuite,100.00,C,9,run-08-30sec,46291
B5b1,B5b1_fibonacci,EvoSuite,100.00,C,4,run-08-30sec,54886
B5b1,B5b1_simple,EvoSuite,100.00,C,4,run-08-30sec,46209
B5b2,B5b2_fibonacci,EvoSuite,0.00,NC,0,run-08-30sec,672528
B5b2,B5b2_simple,EvoSuite,100.00,C,3,run-08-30sec,113650
B6a,B6a_always,EvoSuite,100.00,C,1,run-08-30sec,42690
B6a,B6a_call,EvoSuite,100.00,C,7,run-08-30sec,46379
B6a,B6a_conditionalAndLoop,EvoSuite,100.00,C,4,run-08-30sec,78138
B6a,B6a_recursive,EvoSuite,100.00,C,4,run-08-30sec,45792
B6a,B6a_tryCatch,EvoSuite,100.00,C,7,run-08-30sec,47781
B6a,B6a_tryCatchFinally,EvoSuite,100.00,C,8,run-08-30sec,47399
B6b,B6b_always,EvoSuite,100.00,C,1,run-08-30sec,44007
B6b,B6b_call,EvoSuite,100.00,C,7,run-08-30sec,45997
B6b,B6b_conditionalAndLoop,EvoSuite,100.00,C,4,run-08-30sec,77834
B6b,B6b_recursive,EvoSuite,100.00,C,5,run-08-30sec,45911
B6b,B6b_tryCatch,EvoSuite,100.00,C,7,run-08-30sec,46398
B6b,B6b_tryCatchFinally,EvoSuite,100.00,C,9,run-08-30sec,48096
B6c,B6c_arithmeticException,EvoSuite,100.00,C,2,run-08-30sec,45980
B6c,B6c_arrayIndexOutOfBoundsException,EvoSuite,100.00,C,2,run-08-30sec,43380
B6c,B6c_classCastException,EvoSuite,100.00,C,2,run-08-30sec,45987
B6c,B6c_illegalArgumentException,EvoSuite,100.00,C,2,run-08-30sec,45812
B6c,B6c_illegalStateException,EvoSuite,100.00,C,2,run-08-30sec,45974
B6c,B6c_indexOutOfBoundsException,EvoSuite,100.00,C,2,run-08-30sec,46175
B6c,B6c_nullPointerException,EvoSuite,100.00,C,2,run-08-30sec,42871
B6c,B6c_securityException,EvoSuite,100.00,C,2,run-08-30sec,42877
B6c,B6c_unsupportedOperationException,EvoSuite,100.00,C,2,run-08-30sec,45771
S1,S1_returnStructure,EvoSuite,100.00,C,2,run-08-30sec,42975
S1,S1_returnStructureParams,EvoSuite,100.00,C,1,run-08-30sec,42682
S1,S1_useStructure,EvoSuite,100.00,C,4,run-08-30sec,44284
S1,S1_useStructureParams,EvoSuite,100.00,C,3,run-08-30sec,43505
S2,S2_oneStructure,EvoSuite,100.00,C,8,run-08-30sec,46596
S2,S2_oneStructureParams,EvoSuite,100.00,C,7,run-08-30sec,45688
S2,S2_twoStructures,EvoSuite,100.00,C,9,run-08-30sec,48287
S2,S2_twoStructuresParams,EvoSuite,100.00,C,7,run-08-30sec,47188
S3,S3_arrayOfStructures,EvoSuite,100.00,C,4,run-08-30sec,44095
S3,S3_arrayOfStructuresParams,EvoSuite,100.00,C,7,run-08-30sec,48527
S3,S3_noLimit,EvoSuite,100.00,C,5,run-08-30sec,127264
S3,S3_noLimitParams,EvoSuite,100.00,C,4,run-08-30sec,125257
S3,S3_withLimit,EvoSuite,100.00,C,6,run-08-30sec,88774
S3,S3_withLimitParams,EvoSuite,100.00,C,4,run-08-30sec,105291
S4,S4_guess,EvoSuite,55.56,NC,7,run-08-30sec,47104
S4,S4_guessCoordinates,EvoSuite,66.67,NC,6,run-08-30sec,47022
S4,S4_guessParams,EvoSuite,91.67,NC,7,run-08-30sec,46587
O1,O1_fullCoverage,EvoSuite,100.00,C,5,run-08-30sec,45404
O1,O1_guessImpossibleObject,EvoSuite,80.00,C,3,run-08-30sec,43583
O1,O1_guessImpossibleOperationCount,EvoSuite,85.71,C,3,run-08-30sec,62911
O1,O1_guessImpossibleOperationCountParams,EvoSuite,83.33,C,2,run-08-30sec,59275
O1,O1_guessImpossibleResult,EvoSuite,92.31,C,4,run-08-30sec,43981
O1,O1_guessImpossibleResultAndOperationCount,EvoSuite,85.71,C,5,run-08-30sec,104134
O1,O1_guessImpossibleResultAndOperationCountParams,EvoSuite,83.33,C,3,run-08-30sec,86601
O1,O1_guessImpossibleResultParams,EvoSuite,91.67,C,2,run-08-30sec,43082
O1,O1_guessObject,EvoSuite,100.00,C,6,run-08-30sec,45190
O1,O1_guessOperationCount,EvoSuite,100.00,C,4,run-08-30sec,80000
O1,O1_guessOperationCountParams,EvoSuite,100.00,C,3,run-08-30sec,75399
O1,O1_guessResult,EvoSuite,100.00,C,4,run-08-30sec,44380
O1,O1_guessResultAndOperationCount,EvoSuite,85.71,NC,5,run-08-30sec,104866
O1,O1_guessResultAndOperationCountParams,EvoSuite,83.33,NC,4,run-08-30sec,102732
O1,O1_guessResultParams,EvoSuite,100.00,C,3,run-08-30sec,43371
O1,O1_oneOperationNoCheck,EvoSuite,85.71,NC,3,run-08-30sec,46681
O1,O1_oneOperationParams,EvoSuite,87.50,NC,2,run-08-30sec,43685
O1,O1_oneOperationWithCheck,EvoSuite,100.00,C,3,run-08-30sec,43691
O1,O1_twoOperationsParams,EvoSuite,90.00,NC,2,run-08-30sec,44201
O1,O1_twoOperationsWithCheck,EvoSuite,100.00,C,3,run-08-30sec,43618
O1,O1_twoOperationsWithNocheck,EvoSuite,100.00,C,3,run-08-30sec,47189
O2,O2_guessResult,EvoSuite,100.00,C,5,run-08-30sec,44972
O2,O2_guessResultParams,EvoSuite,100.00,C,3,run-08-30sec,43569
O3a,O3a_guessResult,EvoSuite,100.00,C,4,run-08-30sec,44118
O3a,O3a_guessResultParams,EvoSuite,100.00,C,3,run-08-30sec,43582
O3b,O3b_guess,EvoSuite,100.00,C,4,run-08-30sec,44072
O3b,O3b_guessImpossible,EvoSuite,83.33,C,2,run-08-30sec,43402
O3b,O3b_validate,EvoSuite,83.33,C,2,run-08-30sec,43494
O3c,O3c_guess,EvoSuite,100.00,C,4,run-08-30sec,43886
O3c,O3c_guessImpossible,EvoSuite,83.33,C,2,run-08-30sec,44198
O3c,O3c_validate,EvoSuite,83.33,C,2,run-08-30sec,44582
O4,O4_guessImpossible,EvoSuite,88.24,NC,4,run-08-30sec,44573
O4,O4_guessImpossibleParams,EvoSuite,87.50,C,2,run-08-30sec,45878
O4,O4_guessResult,EvoSuite,94.12,NC,4,run-08-30sec,44693
O4,O4_guessResultParams,EvoSuite,93.75,C,3,run-08-30sec,47726
G1,G1_guessType,EvoSuite,88.89,C,4,run-08-30sec,44487
G1,G1_guessTypeAndUse,EvoSuite,93.33,C,8,run-08-30sec,46086
G1,G1_guessTypeWithExtends,EvoSuite,66.67,C,3,run-08-30sec,43908
G1,G1_guessTypeWithExtendsAndUse,EvoSuite,80.00,C,7,run-08-30sec,45295
G2,G2_guessDescendant,EvoSuite,100.00,C,3,run-08-30sec,43974
G2,G2_guessImpossible,EvoSuite,66.67,C,2,run-08-30sec,46177
G2,G2_guessInteger,EvoSuite,100.00,C,3,run-08-30sec,43734
G2,G2_guessIntegerNoHelp,EvoSuite,100.00,C,3,run-08-30sec,43776
G2,G2_guessSafe,EvoSuite,66.67,C,2,run-08-30sec,43881
G2,G2_guessSafeNoHelp,EvoSuite,0.00,NC,2,run-08-30sec,43382
L1,L1_abs,EvoSuite,100.00,C,4,run-08-30sec,43904
L1,L1_absImpossible,EvoSuite,66.67,C,1,run-08-30sec,42910
L1,L1_cbrt,EvoSuite,100.00,C,3,run-08-30sec,43684
L1,L1_cos,EvoSuite,100.00,C,3,run-08-30sec,47308
L1,L1_cosImpossible,EvoSuite,66.67,C,1,run-08-30sec,45492
L1,L1_log10GuessArgument,EvoSuite,100.00,C,3,run-08-30sec,46479
L1,L1_logGuessArgument,EvoSuite,100.00,C,3,run-08-30sec,43672
L1,L1_logGuessBase,EvoSuite,100.00,C,3,run-08-30sec,47494
L1,L1_logGuessBaseAndArgument,EvoSuite,100.00,C,3,run-08-30sec,43874
L1,L1_minMax,EvoSuite,100.00,C,5,run-08-30sec,44297
L1,L1_minMaxImpossible,EvoSuite,66.67,C,5,run-08-30sec,44577
L1,L1_minMaxWithOrder,EvoSuite,100.00,C,6,run-08-30sec,46314
L1,L1_powGuessBase,EvoSuite,75.00,NC,2,run-08-30sec,46485
L1,L1_powGuessBaseAndExponent,EvoSuite,100.00,C,3,run-08-30sec,43893
L1,L1_powGuessExponent,EvoSuite,75.00,NC,2,run-08-30sec,43277
L1,L1_sin,EvoSuite,100.00,C,3,run-08-30sec,43790
L1,L1_sinImpossible,EvoSuite,66.67,C,1,run-08-30sec,42596
L1,L1_sqrt,EvoSuite,100.00,C,3,run-08-30sec,43591
L1,L1_sqrtImpossible,EvoSuite,66.67,C,1,run-08-30sec,43485
L1,L1_tan,EvoSuite,100.00,C,3,run-08-30sec,43606
L2,L2_add,EvoSuite,100.00,C,4,run-08-30sec,43807
L2,L2_addWithCondition,EvoSuite,84.62,C,5,run-08-30sec,44788
L2,L2_charAt,EvoSuite,85.71,C,5,run-08-30sec,44576
L2,L2_compareTo,EvoSuite,66.67,NC,8,run-08-30sec,46126
L2,L2_compareToIgnoreCase,EvoSuite,66.67,NC,8,run-08-30sec,45791
L2,L2_equality,EvoSuite,88.89,C,4,run-08-30sec,44119
L2,L2_equalityIgnoreCase,EvoSuite,88.89,C,4,run-08-30sec,44008
L2,L2_indexOf,EvoSuite,62.50,NC,4,run-08-30sec,44376
L2,L2_length,EvoSuite,71.43,NC,5,run-08-30sec,44480
L2,L2_regionEquality,EvoSuite,75.00,C,3,run-08-30sec,43780
L2,L2_startsEnds,EvoSuite,100.00,C,4,run-08-30sec,44026
L2,L2_substring,EvoSuite,71.43,NC,3,run-08-30sec,44525
L2,L2_switchString,EvoSuite,100.00,C,4,run-08-30sec,44299
L3,L3_guessDouble,EvoSuite,100.00,C,4,run-08-30sec,44292
L3,L3_guessInteger,EvoSuite,100.00,C,4,run-08-30sec,44076
L3,L3_integerOverflow,EvoSuite,100.00,C,5,run-08-30sec,44886
L4,L4_guessElementAndIndex,EvoSuite,100.00,C,5,run-08-30sec,45082
L4,L4_guessElements,EvoSuite,100.00,C,5,run-08-30sec,47780
L4,L4_guessGenericListWithElement,EvoSuite,66.67,NC,4,run-08-30sec,45080
L4,L4_guessGenericListWithSize,EvoSuite,100.00,C,4,run-08-30sec,44978
L4,L4_guessGenericVectorWithElement,EvoSuite,66.67,NC,4,run-08-30sec,44508
L4,L4_guessGenericVectorWithSize,EvoSuite,100.00,C,4,run-08-30sec,58595
L4,L4_guessIndices,EvoSuite,88.89,NC,6,run-08-30sec,45513
L4,L4_guessListWithSize,EvoSuite,100.00,C,4,run-08-30sec,44779
L4,L4_guessSize,EvoSuite,100.00,C,3,run-08-30sec,43073
L4,L4_guessSizeAndElements,EvoSuite,100.00,C,7,run-08-30sec,48194
L4,L4_guessVectorWithSize,EvoSuite,100.00,C,4,run-08-30sec,49234
LO,LO_associatesAPIGuessDate,EvoSuite,50.00,NC,2,run-08-30sec,44485
LO,LO_associatesAPIGuessValidDateFormat,EvoSuite,57.14,NC,2,run-08-30sec,46200
LO,LO_guessUUID,EvoSuite,44.44,NC,2,run-08-30sec,46023
LO,LO_guessValidUUID,EvoSuite,66.67,NC,2,run-08-30sec,45897
LO,LO_inheritsAPIGuessOneObject,EvoSuite,85.71,C,4,run-08-30sec,44890
LO,LO_inheritsAPIGuessOnePrimitive,EvoSuite,83.33,C,4,run-08-30sec,44185
LO,LO_inheritsAPIGuessTwoObjects,EvoSuite,91.67,C,6,run-08-30sec,45506
LO,LO_inheritsAPIGuessTwoPrimitives,EvoSuite,91.67,C,5,run-08-30sec,44597
LO,LO_regexCaseInsensitive,EvoSuite,100.00,C,3,run-08-30sec,43393
LO,LO_regexCaseSensitive,EvoSuite,100.00,C,3,run-08-30sec,43394
Others,Others_guess,EvoSuite,100.00,C,6,run-08-30sec,45084
Others,Others_guessEnum,EvoSuite,90.91,C,5,run-08-30sec,44794
Others,Others_guessEnumOrdinal,EvoSuite,90.91,C,5,run-08-30sec,44795
Others,Others_guessEnumString,EvoSuite,90.91,C,5,run-08-30sec,44704
Others,Others_guessWithLength,EvoSuite,80.00,NC,6,run-08-30sec,44678
Others,Others_iterateWithFor,EvoSuite,100.00,C,5,run-08-30sec,47591
Others,Others_iterateWithForeach,EvoSuite,100.00,C,4,run-08-30sec,44934
Others,Others_minMax,EvoSuite,100.00,C,5,run-08-30sec,44072
Others,Others_minMaxImpossible,EvoSuite,66.67,C,5,run-08-30sec,44215
Others,Others_minMaxWithOrder,EvoSuite,100.00,C,6,run-08-30sec,47797
Others,Others_switchEnum,EvoSuite,87.50,C,5,run-08-30sec,44590
Others,Others_test,EvoSuite,100.00,C,3,run-08-30sec,43380
B1a,B1a_oneParamBoolean,EvoSuite,100.00,C,2,run-09-30sec,42909
B1a,B1a_oneParamByte,EvoSuite,100.00,C,3,run-09-30sec,43102
B1a,B1a_oneParamChar,EvoSuite,100.00,C,3,run-09-30sec,42987
B1a,B1a_oneParamDouble,EvoSuite,100.00,C,3,run-09-30sec,43092
B1a,B1a_oneParamFloat,EvoSuite,100.00,C,3,run-09-30sec,42990
B1a,B1a_oneParamInt,EvoSuite,100.00,C,3,run-09-30sec,43277
B1a,B1a_oneParamLong,EvoSuite,100.00,C,3,run-09-30sec,42716
B1a,B1a_oneParamShort,EvoSuite,100.00,C,3,run-09-30sec,43591
B1a,B1a_twoParamBoolean,EvoSuite,100.00,C,2,run-09-30sec,42783
B1a,B1a_twoParamByte,EvoSuite,100.00,C,3,run-09-30sec,43133
B1a,B1a_twoParamChar,EvoSuite,100.00,C,3,run-09-30sec,43285
B1a,B1a_twoParamDouble,EvoSuite,100.00,C,3,run-09-30sec,43508
B1a,B1a_twoParamFloat,EvoSuite,100.00,C,3,run-09-30sec,43132
B1a,B1a_twoParamInt,EvoSuite,100.00,C,4,run-09-30sec,43794
B1a,B1a_twoParamLong,EvoSuite,100.00,C,3,run-09-30sec,43486
B1a,B1a_twoParamShort,EvoSuite,100.00,C,4,run-09-30sec,43486
B1b,B1b_constBoolean,EvoSuite,100.00,C,1,run-09-30sec,42689
B1b,B1b_constByte,EvoSuite,100.00,C,1,run-09-30sec,45096
B1b,B1b_constChar,EvoSuite,100.00,C,1,run-09-30sec,44883
B1b,B1b_constDouble,EvoSuite,100.00,C,1,run-09-30sec,45096
B1b,B1b_constFloat,EvoSuite,100.00,C,1,run-09-30sec,42227
B1b,B1b_constInt,EvoSuite,100.00,C,1,run-09-30sec,44993
B1b,B1b_constLong,EvoSuite,100.00,C,1,run-09-30sec,43198
B1b,B1b_constShort,EvoSuite,100.00,C,1,run-09-30sec,44877
B1c,B1c_add,EvoSuite,100.00,C,4,run-09-30sec,43604
B1c,B1c_addAssignment,EvoSuite,100.00,C,3,run-09-30sec,43290
B1c,B1c_divide,EvoSuite,100.00,C,4,run-09-30sec,43993
B1c,B1c_divideAssignment,EvoSuite,100.00,C,4,run-09-30sec,44281
B1c,B1c_modulo,EvoSuite,100.00,C,4,run-09-30sec,43787
B1c,B1c_moduloAssignment,EvoSuite,100.00,C,4,run-09-30sec,43590
B1c,B1c_multiply,EvoSuite,100.00,C,3,run-09-30sec,43094
B1c,B1c_multiplyAssignment,EvoSuite,100.00,C,3,run-09-30sec,43220
B1c,B1c_postfixMinusMinus,EvoSuite,100.00,C,3,run-09-30sec,42989
B1c,B1c_postfixPlusplus,EvoSuite,100.00,C,3,run-09-30sec,43189
B1c,B1c_substract,EvoSuite,100.00,C,3,run-09-30sec,42988
B1c,B1c_substractAssignment,EvoSuite,100.00,C,3,run-09-30sec,43213
B1c,B1c_unaryMinus,EvoSuite,100.00,C,3,run-09-30sec,43494
B1c,B1c_unaryMinusMinus,EvoSuite,100.00,C,3,run-09-30sec,43386
B1c,B1c_unaryPlus,EvoSuite,100.00,C,3,run-09-30sec,42787
B1c,B1c_unaryPlusPlus,EvoSuite,100.00,C,3,run-09-30sec,43085
B1d,B1d_and,EvoSuite,100.00,C,3,run-09-30sec,43385
B1d,B1d_equal,EvoSuite,100.00,C,3,run-09-30sec,44332
B1d,B1d_greater,EvoSuite,100.00,C,3,run-09-30sec,43293
B1d,B1d_greaterOrEqual,EvoSuite,100.00,C,3,run-09-30sec,43399
B1d,B1d_negate,EvoSuite,100.00,C,2,run-09-30sec,42802
B1d,B1d_notEqual,EvoSuite,100.00,C,3,run-09-30sec,44326
B1d,B1d_or,EvoSuite,100.00,C,3,run-09-30sec,44288
B1d,B1d_smaller,EvoSuite,100.00,C,3,run-09-30sec,43189
B1d,B1d_smallerOrEqual,EvoSuite,100.00,C,3,run-09-30sec,43695
B1e,B1e_and,EvoSuite,100.00,C,3,run-09-30sec,43330
B1e,B1e_andAssignment,EvoSuite,100.00,C,3,run-09-30sec,43379
B1e,B1e_negate,EvoSuite,100.00,C,3,run-09-30sec,43085
B1e,B1e_or,EvoSuite,100.00,C,3,run-09-30sec,42995
B1e,B1e_orAssignment,EvoSuite,100.00,C,4,run-09-30sec,43701
B1e,B1e_shiftLeft,EvoSuite,100.00,C,4,run-09-30sec,43795
B1e,B1e_shiftLeftAssignment,EvoSuite,100.00,C,3,run-09-30sec,43294
B1e,B1e_shiftRight,EvoSuite,100.00,C,3,run-09-30sec,42989
B1e,B1e_shiftRightAssignment,EvoSuite,100.00,C,3,run-09-30sec,43491
B1e,B1e_shiftRightUnsigned,EvoSuite,100.00,C,3,run-09-30sec,43398
B1e,B1e_shiftRightUnsignedAssignment,EvoSuite,100.00,C,3,run-09-30sec,44439
B1e,B1e_xor,EvoSuite,100.00,C,3,run-09-30sec,43201
B1e,B1e_xorAssignment,EvoSuite,100.00,C,3,run-09-30sec,43724
B2a,B2a_oneParamBoolean,EvoSuite,100.00,C,2,run-09-30sec,42894
B2a,B2a_oneParamDouble,EvoSuite,100.00,C,4,run-09-30sec,43800
B2a,B2a_oneParamInt,EvoSuite,100.00,C,4,run-09-30sec,44521
B2a,B2a_twoParamsBoolean,EvoSuite,72.73,C,4,run-09-30sec,43997
B2a,B2a_twoParamsDouble,EvoSuite,84.62,C,7,run-09-30sec,46205
B2a,B2a_twoParamsInt,EvoSuite,84.62,C,7,run-09-30sec,47091
B2b,B2b_oneParamBoolean,EvoSuite,100.00,C,2,run-09-30sec,42981
B2b,B2b_oneParamInt,EvoSuite,100.00,C,3,run-09-30sec,43194
B2b,B2b_twoParamsBoolean,EvoSuite,100.00,C,3,run-09-30sec,43203
B2b,B2b_twoParamsInt,EvoSuite,100.00,C,5,run-09-30sec,47396
B2c,B2c_missingBreaks,EvoSuite,100.00,C,4,run-09-30sec,44092
B2c,B2c_simple,EvoSuite,100.00,C,4,run-09-30sec,44295
B2c,B2c_withReturn,EvoSuite,100.00,C,4,run-09-30sec,43616
B2d,B2d_oneParamDouble,EvoSuite,66.67,NC,2,run-09-30sec,46078
B2d,B2d_oneParamFloat,EvoSuite,66.67,NC,2,run-09-30sec,46193
B2d,B2d_oneParamInt,EvoSuite,100.00,C,3,run-09-30sec,43179
B2d,B2d_oneParamIntNoSolution,EvoSuite,66.67,C,2,run-09-30sec,43984
B2d,B2d_quadraticDouble,EvoSuite,80.00,NC,2,run-09-30sec,43808
B2d,B2d_quadraticDoubleNoSolution,EvoSuite,80.00,C,1,run-09-30sec,46210
B2d,B2d_quadraticFloat,EvoSuite,80.00,NC,2,run-09-30sec,43790
B2d,B2d_quadraticFloatNoSolution,EvoSuite,80.00,C,2,run-09-30sec,44082
B2d,B2d_quadraticInt,EvoSuite,80.00,NC,5,run-09-30sec,45592
B2d,B2d_quadraticIntNoSolution,EvoSuite,80.00,C,2,run-09-30sec,43491
B2d,B2d_threeParamsDouble,EvoSuite,83.33,NC,6,run-09-30sec,46005
B2d,B2d_threeParamsFloat,EvoSuite,83.33,NC,7,run-09-30sec,46719
B2d,B2d_threeParamsInt,EvoSuite,83.33,NC,4,run-09-30sec,45292
B2d,B2d_threeParamsIntNoSolution,EvoSuite,83.33,C,4,run-09-30sec,44989
B2d,B2d_twoParamsDouble,EvoSuite,80.00,NC,3,run-09-30sec,43598
B2d,B2d_twoParamsFloat,EvoSuite,80.00,NC,4,run-09-30sec,44201
B2d,B2d_twoParamsInt,EvoSuite,80.00,NC,4,run-09-30sec,44389
B2d,B2d_twoParamsIntNoSolution,EvoSuite,80.00,C,3,run-09-30sec,43881
B3a,B3a_complex,EvoSuite,88.24,C,5,run-09-30sec,139499
B3a,B3a_infinite,EvoSuite,0.00,C,1,run-09-30sec,43988
B3a,B3a_infiniteNotOptimalizable,EvoSuite,0.00,C,0,run-09-30sec,359382
B3a,B3a_nestedLoop,EvoSuite,100.00,C,6,run-09-30sec,300229
B3a,B3a_nestedLoopWithLabel,EvoSuite,100.00,C,4,run-09-30sec,381081
B3a,B3a_withConditionAndLimit,EvoSuite,100.00,C,3,run-09-30sec,81470
B3a,B3a_withConditionNoLimit,EvoSuite,100.00,C,2,run-09-30sec,111097
B3a,B3a_withContinueBreak,EvoSuite,100.00,C,3,run-09-30sec,98179
B3a,B3a_withLimit,EvoSuite,100.00,C,3,run-09-30sec,74229
B3b,B3b_complex,EvoSuite,85.71,C,5,run-09-30sec,134794
B3b,B3b_infinite,EvoSuite,0.00,C,1,run-09-30sec,43673
B3b,B3b_infiniteNotOptimalizable,EvoSuite,0.00,C,0,run-09-30sec,165132
B3b,B3b_nestedLoop,EvoSuite,100.00,C,6,run-09-30sec,182865
B3b,B3b_nestedLoopWithLabel,EvoSuite,90.91,NC,6,run-09-30sec,161589
B3b,B3b_withConditionAndLimit,EvoSuite,100.00,C,3,run-09-30sec,81230
B3b,B3b_withConditionNoLimit,EvoSuite,100.00,C,2,run-09-30sec,110334
B3b,B3b_withContinueBreak,EvoSuite,100.00,C,2,run-09-30sec,77011
B3b,B3b_withLimit,EvoSuite,100.00,C,3,run-09-30sec,74320
B3c,B3c_complex,EvoSuite,88.24,C,4,run-09-30sec,126957
B3c,B3c_infinite,EvoSuite,0.00,C,1,run-09-30sec,44027
B3c,B3c_infiniteNotOptimalizable,EvoSuite,0.00,C,0,run-09-30sec,293256
B3c,B3c_nestedLoop,EvoSuite,100.00,C,5,run-09-30sec,207989
B3c,B3c_nestedLoopWithLabel,EvoSuite,85.71,NC,3,run-09-30sec,362895
B3c,B3c_withConditionAndLimit,EvoSuite,100.00,C,3,run-09-30sec,83521
B3c,B3c_withConditionNoLimit,EvoSuite,100.00,C,3,run-09-30sec,112653
B3c,B3c_withContinueBreak,EvoSuite,100.00,C,3,run-09-30sec,97734
B3c,B3c_withLimit,EvoSuite,100.00,C,2,run-09-30sec,74319
B4a,B4a_fromParams,EvoSuite,75.00,NC,5,run-09-30sec,45795
B4a,B4a_fromParamsWithIndex,EvoSuite,83.33,NC,8,run-09-30sec,46504
B4a,B4a_guessLength,EvoSuite,100.00,C,3,run-09-30sec,43499
B4a,B4a_guessOneArray,EvoSuite,100.00,C,6,run-09-30sec,45176
B4a,B4a_guessOneArrayWithLength,EvoSuite,80.00,NC,6,run-09-30sec,44685
B4a,B4a_indexParam,EvoSuite,100.00,C,6,run-09-30sec,46133
B4a,B4a_iterateWithFor,EvoSuite,100.00,C,4,run-09-30sec,44391
B4a,B4a_iterateWithForeach,EvoSuite,100.00,C,5,run-09-30sec,44478
B4a,B4a_twoArrays,EvoSuite,100.00,C,7,run-09-30sec,45687
B4b,B4b_fromParams,EvoSuite,100.00,C,6,run-09-30sec,44693
B4b,B4b_fromParamsWithIndex,EvoSuite,75.00,NC,6,run-09-30sec,45395
B4b,B4b_guessLength,EvoSuite,100.00,C,3,run-09-30sec,45920
B4b,B4b_guessOneArray,EvoSuite,100.00,C,6,run-09-30sec,44477
B4b,B4b_guessOneArrayWithLength,EvoSuite,100.00,C,7,run-09-30sec,45584
B4b,B4b_indexParam,EvoSuite,100.00,C,4,run-09-30sec,44176
B4b,B4b_iterateWithFor,EvoSuite,100.00,C,5,run-09-30sec,44784
B4b,B4b_iterateWithForeach,EvoSuite,100.00,C,4,run-09-30sec,44286
B4b,B4b_twoArrays,EvoSuite,100.00,C,6,run-09-30sec,45597
B5a1,B5a1_conditionalCall,EvoSuite,100.00,C,8,run-09-30sec,46518
B5a1,B5a1_simple,EvoSuite,100.00,C,7,run-09-30sec,46208
B5a1,B5a1_useReturnValue,EvoSuite,100.00,C,7,run-09-30sec,47357
B5a2,B5a2_conditionalCall,EvoSuite,100.00,C,9,run-09-30sec,47303
B5a2,B5a2_simple,EvoSuite,100.00,C,9,run-09-30sec,46287
B5a2,B5a2_useReturnValue,EvoSuite,100.00,C,9,run-09-30sec,46597
B5b1,B5b1_fibonacci,EvoSuite,100.00,C,4,run-09-30sec,57188
B5b1,B5b1_simple,EvoSuite,100.00,C,3,run-09-30sec,44921
B5b2,B5b2_fibonacci,EvoSuite,100.00,C,3,run-09-30sec,181445
B5b2,B5b2_simple,EvoSuite,100.00,C,3,run-09-30sec,71531
B6a,B6a_always,EvoSuite,100.00,C,1,run-09-30sec,42891
B6a,B6a_call,EvoSuite,100.00,C,7,run-09-30sec,45880
B6a,B6a_conditionalAndLoop,EvoSuite,100.00,C,4,run-09-30sec,79440
B6a,B6a_recursive,EvoSuite,100.00,C,4,run-09-30sec,45424
B6a,B6a_tryCatch,EvoSuite,100.00,C,7,run-09-30sec,46283
B6a,B6a_tryCatchFinally,EvoSuite,100.00,C,8,run-09-30sec,47738
B6b,B6b_always,EvoSuite,100.00,C,1,run-09-30sec,47310
B6b,B6b_call,EvoSuite,100.00,C,7,run-09-30sec,45795
B6b,B6b_conditionalAndLoop,EvoSuite,100.00,C,4,run-09-30sec,78131
B6b,B6b_recursive,EvoSuite,100.00,C,4,run-09-30sec,46845
B6b,B6b_tryCatch,EvoSuite,100.00,C,7,run-09-30sec,46187
B6b,B6b_tryCatchFinally,EvoSuite,100.00,C,7,run-09-30sec,46904
B6c,B6c_arithmeticException,EvoSuite,100.00,C,2,run-09-30sec,45978
B6c,B6c_arrayIndexOutOfBoundsException,EvoSuite,100.00,C,2,run-09-30sec,45578
B6c,B6c_classCastException,EvoSuite,100.00,C,2,run-09-30sec,45780
B6c,B6c_illegalArgumentException,EvoSuite,100.00,C,2,run-09-30sec,42890
B6c,B6c_illegalStateException,EvoSuite,100.00,C,2,run-09-30sec,42980
B6c,B6c_indexOutOfBoundsException,EvoSuite,100.00,C,2,run-09-30sec,43076
B6c,B6c_nullPointerException,EvoSuite,100.00,C,2,run-09-30sec,42875
B6c,B6c_securityException,EvoSuite,100.00,C,2,run-09-30sec,45973
B6c,B6c_unsupportedOperationException,EvoSuite,100.00,C,2,run-09-30sec,45875
S1,S1_returnStructure,EvoSuite,100.00,C,2,run-09-30sec,43370
S1,S1_returnStructureParams,EvoSuite,100.00,C,1,run-09-30sec,45382
S1,S1_useStructure,EvoSuite,100.00,C,4,run-09-30sec,43783
S1,S1_useStructureParams,EvoSuite,100.00,C,3,run-09-30sec,43081
S2,S2_oneStructure,EvoSuite,100.00,C,8,run-09-30sec,63756
S2,S2_oneStructureParams,EvoSuite,100.00,C,7,run-09-30sec,45632
S2,S2_twoStructures,EvoSuite,100.00,C,9,run-09-30sec,78479
S2,S2_twoStructuresParams,EvoSuite,100.00,C,7,run-09-30sec,55706
S3,S3_arrayOfStructures,EvoSuite,100.00,C,4,run-09-30sec,44689
S3,S3_arrayOfStructuresParams,EvoSuite,100.00,C,4,run-09-30sec,44794
S3,S3_noLimit,EvoSuite,100.00,C,5,run-09-30sec,117868
S3,S3_noLimitParams,EvoSuite,100.00,C,4,run-09-30sec,122762
S3,S3_withLimit,EvoSuite,100.00,C,6,run-09-30sec,90190
S3,S3_withLimitParams,EvoSuite,100.00,C,4,run-09-30sec,105695
S4,S4_guess,EvoSuite,55.56,NC,8,run-09-30sec,47804
S4,S4_guessCoordinates,EvoSuite,66.67,NC,7,run-09-30sec,47425
S4,S4_guessParams,EvoSuite,91.67,NC,7,run-09-30sec,48908
O1,O1_fullCoverage,EvoSuite,93.33,NC,5,run-09-30sec,47188
O1,O1_guessImpossibleObject,EvoSuite,80.00,C,3,run-09-30sec,44591
O1,O1_guessImpossibleOperationCount,EvoSuite,85.71,C,3,run-09-30sec,60388
O1,O1_guessImpossibleOperationCountParams,EvoSuite,83.33,C,2,run-09-30sec,65121
O1,O1_guessImpossibleResult,EvoSuite,92.31,C,3,run-09-30sec,44587
O1,O1_guessImpossibleResultAndOperationCount,EvoSuite,100.00,C,6,run-09-30sec,107736
O1,O1_guessImpossibleResultAndOperationCountParams,EvoSuite,83.33,C,3,run-09-30sec,85810
O1,O1_guessImpossibleResultParams,EvoSuite,83.33,NC,3,run-09-30sec,43274
O1,O1_guessObject,EvoSuite,100.00,C,6,run-09-30sec,45093
O1,O1_guessOperationCount,EvoSuite,100.00,C,4,run-09-30sec,73013
O1,O1_guessOperationCountParams,EvoSuite,100.00,C,3,run-09-30sec,80338
O1,O1_guessResult,EvoSuite,100.00,C,4,run-09-30sec,44674
O1,O1_guessResultAndOperationCount,EvoSuite,85.71,NC,5,run-09-30sec,98768
O1,O1_guessResultAndOperationCountParams,EvoSuite,83.33,NC,4,run-09-30sec,103333
O1,O1_guessResultParams,EvoSuite,100.00,C,3,run-09-30sec,43379
O1,O1_oneOperationNoCheck,EvoSuite,85.71,NC,3,run-09-30sec,46502
O1,O1_oneOperationParams,EvoSuite,100.00,C,2,run-09-30sec,45697
O1,O1_oneOperationWithCheck,EvoSuite,88.89,NC,3,run-09-30sec,43605
O1,O1_twoOperationsParams,EvoSuite,100.00,C,2,run-09-30sec,42772
O1,O1_twoOperationsWithCheck,EvoSuite,90.91,NC,3,run-09-30sec,43692
O1,O1_twoOperationsWithNocheck,EvoSuite,100.00,C,3,run-09-30sec,43882
O2,O2_guessResult,EvoSuite,100.00,C,6,run-09-30sec,45578
O2,O2_guessResultParams,EvoSuite,100.00,C,3,run-09-30sec,43792
O3a,O3a_guessResult,EvoSuite,94.44,NC,5,run-09-30sec,44784
O3a,O3a_guessResultParams,EvoSuite,94.12,NC,4,run-09-30sec,43783
O3b,O3b_guess,EvoSuite,100.00,C,4,run-09-30sec,44492
O3b,O3b_guessImpossible,EvoSuite,83.33,C,2,run-09-30sec,43715
O3b,O3b_validate,EvoSuite,83.33,C,2,run-09-30sec,43385
O3c,O3c_guess,EvoSuite,100.00,C,4,run-09-30sec,43993
O3c,O3c_guessImpossible,EvoSuite,83.33,C,2,run-09-30sec,43489
O3c,O3c_validate,EvoSuite,83.33,C,2,run-09-30sec,46175
O4,O4_guessImpossible,EvoSuite,88.24,NC,3,run-09-30sec,45243
O4,O4_guessImpossibleParams,EvoSuite,87.50,C,3,run-09-30sec,43478
O4,O4_guessResult,EvoSuite,94.12,NC,4,run-09-30sec,44486
O4,O4_guessResultParams,EvoSuite,93.75,C,3,run-09-30sec,46386
G1,G1_guessType,EvoSuite,88.89,C,4,run-09-30sec,44894
G1,G1_guessTypeAndUse,EvoSuite,93.33,C,7,run-09-30sec,45899
G1,G1_guessTypeWithExtends,EvoSuite,66.67,C,3,run-09-30sec,43997
G1,G1_guessTypeWithExtendsAndUse,EvoSuite,80.00,C,7,run-09-30sec,45331
G2,G2_guessDescendant,EvoSuite,100.00,C,3,run-09-30sec,44687
G2,G2_guessImpossible,EvoSuite,66.67,C,2,run-09-30sec,43277
G2,G2_guessInteger,EvoSuite,100.00,C,3,run-09-30sec,43791
G2,G2_guessIntegerNoHelp,EvoSuite,100.00,C,3,run-09-30sec,43569
G2,G2_guessSafe,EvoSuite,66.67,C,2,run-09-30sec,43384
G2,G2_guessSafeNoHelp,EvoSuite,0.00,NC,2,run-09-30sec,44177
L1,L1_abs,EvoSuite,100.00,C,5,run-09-30sec,44098
L1,L1_absImpossible,EvoSuite,66.67,C,1,run-09-30sec,42371
L1,L1_cbrt,EvoSuite,100.00,C,3,run-09-30sec,46387
L1,L1_cos,EvoSuite,100.00,C,3,run-09-30sec,43696
L1,L1_cosImpossible,EvoSuite,66.67,C,1,run-09-30sec,42386
L1,L1_log10GuessArgument,EvoSuite,100.00,C,3,run-09-30sec,43702
L1,L1_logGuessArgument,EvoSuite,100.00,C,3,run-09-30sec,43979
L1,L1_logGuessBase,EvoSuite,75.00,NC,2,run-09-30sec,43979
L1,L1_logGuessBaseAndArgument,EvoSuite,75.00,NC,2,run-09-30sec,43886
L1,L1_minMax,EvoSuite,100.00,C,5,run-09-30sec,44411
L1,L1_minMaxImpossible,EvoSuite,66.67,C,5,run-09-30sec,47683
L1,L1_minMaxWithOrder,EvoSuite,100.00,C,6,run-09-30sec,44683
L1,L1_powGuessBase,EvoSuite,75.00,NC,2,run-09-30sec,47429
L1,L1_powGuessBaseAndExponent,EvoSuite,100.00,C,3,run-09-30sec,43591
L1,L1_powGuessExponent,EvoSuite,75.00,NC,2,run-09-30sec,43082
L1,L1_sin,EvoSuite,100.00,C,3,run-09-30sec,43692
L1,L1_sinImpossible,EvoSuite,66.67,C,1,run-09-30sec,42898
L1,L1_sqrt,EvoSuite,100.00,C,3,run-09-30sec,44116
L1,L1_sqrtImpossible,EvoSuite,66.67,C,1,run-09-30sec,43474
L1,L1_tan,EvoSuite,100.00,C,3,run-09-30sec,43298
L2,L2_add,EvoSuite,100.00,C,4,run-09-30sec,44991
L2,L2_addWithCondition,EvoSuite,84.62,C,5,run-09-30sec,44913
L2,L2_charAt,EvoSuite,85.71,C,5,run-09-30sec,44586
L2,L2_compareTo,EvoSuite,66.67,NC,8,run-09-30sec,46935
L2,L2_compareToIgnoreCase,EvoSuite,66.67,NC,8,run-09-30sec,46496
L2,L2_equality,EvoSuite,88.89,C,4,run-09-30sec,44082
L2,L2_equalityIgnoreCase,EvoSuite,88.89,C,4,run-09-30sec,45221
L2,L2_indexOf,EvoSuite,62.50,NC,4,run-09-30sec,44297
L2,L2_length,EvoSuite,85.71,C,5,run-09-30sec,44201
L2,L2_regionEquality,EvoSuite,75.00,C,3,run-09-30sec,46579
L2,L2_startsEnds,EvoSuite,100.00,C,4,run-09-30sec,46490
L2,L2_substring,EvoSuite,71.43,NC,3,run-09-30sec,43597
L2,L2_switchString,EvoSuite,100.00,C,4,run-09-30sec,43715
L3,L3_guessDouble,EvoSuite,100.00,C,4,run-09-30sec,44097
L3,L3_guessInteger,EvoSuite,100.00,C,4,run-09-30sec,44079
L3,L3_integerOverflow,EvoSuite,100.00,C,5,run-09-30sec,44877
L4,L4_guessElementAndIndex,EvoSuite,100.00,C,5,run-09-30sec,44969
L4,L4_guessElements,EvoSuite,100.00,C,5,run-09-30sec,44593
L4,L4_guessGenericListWithElement,EvoSuite,66.67,NC,4,run-09-30sec,44581
L4,L4_guessGenericListWithSize,EvoSuite,100.00,C,4,run-09-30sec,44969
L4,L4_guessGenericVectorWithElement,EvoSuite,100.00,C,5,run-09-30sec,45185
L4,L4_guessGenericVectorWithSize,EvoSuite,100.00,C,4,run-09-30sec,61188
L4,L4_guessIndices,EvoSuite,88.89,NC,6,run-09-30sec,45689
L4,L4_guessListWithSize,EvoSuite,100.00,C,4,run-09-30sec,44887
L4,L4_guessSize,EvoSuite,100.00,C,3,run-09-30sec,43585
L4,L4_guessSizeAndElements,EvoSuite,83.33,NC,6,run-09-30sec,45423
L4,L4_guessVectorWithSize,EvoSuite,100.00,C,4,run-09-30sec,66749
LO,LO_associatesAPIGuessDate,EvoSuite,50.00,NC,2,run-09-30sec,43491
LO,LO_associatesAPIGuessValidDateFormat,EvoSuite,57.14,NC,2,run-09-30sec,43192
LO,LO_guessUUID,EvoSuite,44.44,NC,2,run-09-30sec,42881
LO,LO_guessValidUUID,EvoSuite,66.67,NC,2,run-09-30sec,42911
LO,LO_inheritsAPIGuessOneObject,EvoSuite,85.71,C,4,run-09-30sec,44581
LO,LO_inheritsAPIGuessOnePrimitive,EvoSuite,83.33,C,4,run-09-30sec,43885
LO,LO_inheritsAPIGuessTwoObjects,EvoSuite,91.67,C,6,run-09-30sec,46620
LO,LO_inheritsAPIGuessTwoPrimitives,EvoSuite,91.67,C,5,run-09-30sec,44424
LO,LO_regexCaseInsensitive,EvoSuite,100.00,C,3,run-09-30sec,46381
LO,LO_regexCaseSensitive,EvoSuite,100.00,C,3,run-09-30sec,43387
Others,Others_guess,EvoSuite,80.00,NC,5,run-09-30sec,44179
Others,Others_guessEnum,EvoSuite,90.91,C,5,run-09-30sec,45296
Others,Others_guessEnumOrdinal,EvoSuite,90.91,C,5,run-09-30sec,44888
Others,Others_guessEnumString,EvoSuite,90.91,C,5,run-09-30sec,44783
Others,Others_guessWithLength,EvoSuite,80.00,NC,6,run-09-30sec,44686
Others,Others_iterateWithFor,EvoSuite,100.00,C,4,run-09-30sec,44592
Others,Others_iterateWithForeach,EvoSuite,100.00,C,4,run-09-30sec,44190
Others,Others_minMax,EvoSuite,100.00,C,5,run-09-30sec,44596
Others,Others_minMaxImpossible,EvoSuite,66.67,C,5,run-09-30sec,47404
Others,Others_minMaxWithOrder,EvoSuite,100.00,C,6,run-09-30sec,44902
Others,Others_switchEnum,EvoSuite,87.50,C,5,run-09-30sec,44804
Others,Others_test,EvoSuite,100.00,C,3,run-09-30sec,43580
B1a,B1a_oneParamBoolean,EvoSuite,100.00,C,2,run-10-30sec,43593
B1a,B1a_oneParamByte,EvoSuite,100.00,C,3,run-10-30sec,43101
B1a,B1a_oneParamChar,EvoSuite,100.00,C,3,run-10-30sec,43302
B1a,B1a_oneParamDouble,EvoSuite,100.00,C,3,run-10-30sec,43730
B1a,B1a_oneParamFloat,EvoSuite,100.00,C,3,run-10-30sec,43199
B1a,B1a_oneParamInt,EvoSuite,100.00,C,3,run-10-30sec,43107
B1a,B1a_oneParamLong,EvoSuite,100.00,C,3,run-10-30sec,43400
B1a,B1a_oneParamShort,EvoSuite,100.00,C,3,run-10-30sec,43190
B1a,B1a_twoParamBoolean,EvoSuite,100.00,C,2,run-10-30sec,42579
B1a,B1a_twoParamByte,EvoSuite,100.00,C,3,run-10-30sec,43283
B1a,B1a_twoParamChar,EvoSuite,100.00,C,3,run-10-30sec,43397
B1a,B1a_twoParamDouble,EvoSuite,100.00,C,3,run-10-30sec,43493
B1a,B1a_twoParamFloat,EvoSuite,100.00,C,3,run-10-30sec,42987
B1a,B1a_twoParamInt,EvoSuite,100.00,C,3,run-10-30sec,43094
B1a,B1a_twoParamLong,EvoSuite,100.00,C,3,run-10-30sec,43305
B1a,B1a_twoParamShort,EvoSuite,100.00,C,3,run-10-30sec,44218
B1b,B1b_constBoolean,EvoSuite,100.00,C,1,run-10-30sec,45096
B1b,B1b_constByte,EvoSuite,100.00,C,1,run-10-30sec,42287
B1b,B1b_constChar,EvoSuite,100.00,C,1,run-10-30sec,44991
B1b,B1b_constDouble,EvoSuite,100.00,C,1,run-10-30sec,42283
B1b,B1b_constFloat,EvoSuite,100.00,C,1,run-10-30sec,45098
B1b,B1b_constInt,EvoSuite,100.00,C,1,run-10-30sec,42497
B1b,B1b_constLong,EvoSuite,100.00,C,1,run-10-30sec,42286
B1b,B1b_constShort,EvoSuite,100.00,C,1,run-10-30sec,43081
B1c,B1c_add,EvoSuite,100.00,C,3,run-10-30sec,43107
B1c,B1c_addAssignment,EvoSuite,100.00,C,3,run-10-30sec,43180
B1c,B1c_divide,EvoSuite,100.00,C,4,run-10-30sec,43777
B1c,B1c_divideAssignment,EvoSuite,100.00,C,4,run-10-30sec,45015
B1c,B1c_modulo,EvoSuite,100.00,C,4,run-10-30sec,43781
B1c,B1c_moduloAssignment,EvoSuite,100.00,C,4,run-10-30sec,43489
B1c,B1c_multiply,EvoSuite,100.00,C,3,run-10-30sec,43592
B1c,B1c_multiplyAssignment,EvoSuite,100.00,C,3,run-10-30sec,43026
B1c,B1c_postfixMinusMinus,EvoSuite,100.00,C,3,run-10-30sec,43086
B1c,B1c_postfixPlusplus,EvoSuite,100.00,C,3,run-10-30sec,44094
B1c,B1c_substract,EvoSuite,100.00,C,3,run-10-30sec,43088
B1c,B1c_substractAssignment,EvoSuite,100.00,C,3,run-10-30sec,43483
B1c,B1c_unaryMinus,EvoSuite,100.00,C,3,run-10-30sec,43596
B1c,B1c_unaryMinusMinus,EvoSuite,100.00,C,3,run-10-30sec,43606
B1c,B1c_unaryPlus,EvoSuite,100.00,C,3,run-10-30sec,43401
B1c,B1c_unaryPlusPlus,EvoSuite,100.00,C,3,run-10-30sec,43286
B1d,B1d_and,EvoSuite,100.00,C,3,run-10-30sec,43002
B1d,B1d_equal,EvoSuite,100.00,C,3,run-10-30sec,43236
B1d,B1d_greater,EvoSuite,100.00,C,3,run-10-30sec,43006
B1d,B1d_greaterOrEqual,EvoSuite,100.00,C,3,run-10-30sec,43196
B1d,B1d_negate,EvoSuite,100.00,C,2,run-10-30sec,42887
B1d,B1d_notEqual,EvoSuite,100.00,C,3,run-10-30sec,45420
B1d,B1d_or,EvoSuite,100.00,C,3,run-10-30sec,42996
B1d,B1d_smaller,EvoSuite,100.00,C,3,run-10-30sec,43394
B1d,B1d_smallerOrEqual,EvoSuite,100.00,C,3,run-10-30sec,43494
B1e,B1e_and,EvoSuite,100.00,C,3,run-10-30sec,43091
B1e,B1e_andAssignment,EvoSuite,100.00,C,3,run-10-30sec,42984
B1e,B1e_negate,EvoSuite,100.00,C,3,run-10-30sec,43395
B1e,B1e_or,EvoSuite,100.00,C,3,run-10-30sec,43195
B1e,B1e_orAssignment,EvoSuite,100.00,C,3,run-10-30sec,44985
B1e,B1e_shiftLeft,EvoSuite,100.00,C,3,run-10-30sec,43695
B1e,B1e_shiftLeftAssignment,EvoSuite,100.00,C,3,run-10-30sec,43286
B1e,B1e_shiftRight,EvoSuite,100.00,C,3,run-10-30sec,42992
B1e,B1e_shiftRightAssignment,EvoSuite,100.00,C,3,run-10-30sec,43079
B1e,B1e_shiftRightUnsigned,EvoSuite,100.00,C,3,run-10-30sec,43924
B1e,B1e_shiftRightUnsignedAssignment,EvoSuite,100.00,C,4,run-10-30sec,43711
B1e,B1e_xor,EvoSuite,100.00,C,3,run-10-30sec,42992
B1e,B1e_xorAssignment,EvoSuite,100.00,C,3,run-10-30sec,42985
B2a,B2a_oneParamBoolean,EvoSuite,100.00,C,2,run-10-30sec,43992
B2a,B2a_oneParamDouble,EvoSuite,100.00,C,4,run-10-30sec,43797
B2a,B2a_oneParamInt,EvoSuite,100.00,C,4,run-10-30sec,44393
B2a,B2a_twoParamsBoolean,EvoSuite,72.73,C,4,run-10-30sec,45248
B2a,B2a_twoParamsDouble,EvoSuite,84.62,C,7,run-10-30sec,46022
B2a,B2a_twoParamsInt,EvoSuite,84.62,C,7,run-10-30sec,46515
B2b,B2b_oneParamBoolean,EvoSuite,100.00,C,2,run-10-30sec,43596
B2b,B2b_oneParamInt,EvoSuite,100.00,C,3,run-10-30sec,43990
B2b,B2b_twoParamsBoolean,EvoSuite,100.00,C,3,run-10-30sec,43200
B2b,B2b_twoParamsInt,EvoSuite,100.00,C,5,run-10-30sec,47204
B2c,B2c_missingBreaks,EvoSuite,100.00,C,4,run-10-30sec,44092
B2c,B2c_simple,EvoSuite,100.00,C,4,run-10-30sec,43915
B2c,B2c_withReturn,EvoSuite,100.00,C,4,run-10-30sec,43587
B2d,B2d_oneParamDouble,EvoSuite,66.67,NC,2,run-10-30sec,43492
B2d,B2d_oneParamFloat,EvoSuite,66.67,NC,2,run-10-30sec,47313
B2d,B2d_oneParamInt,EvoSuite,100.00,C,3,run-10-30sec,43506
B2d,B2d_oneParamIntNoSolution,EvoSuite,66.67,C,2,run-10-30sec,43184
B2d,B2d_quadraticDouble,EvoSuite,80.00,NC,3,run-10-30sec,45318
B2d,B2d_quadraticDoubleNoSolution,EvoSuite,80.00,C,2,run-10-30sec,44186
B2d,B2d_quadraticFloat,EvoSuite,80.00,NC,3,run-10-30sec,44699
B2d,B2d_quadraticFloatNoSolution,EvoSuite,80.00,C,2,run-10-30sec,43607
B2d,B2d_quadraticInt,EvoSuite,100.00,C,7,run-10-30sec,46838
B2d,B2d_quadraticIntNoSolution,EvoSuite,80.00,C,2,run-10-30sec,43911
B2d,B2d_threeParamsDouble,EvoSuite,83.33,NC,6,run-10-30sec,46693
B2d,B2d_threeParamsFloat,EvoSuite,83.33,NC,6,run-10-30sec,46503
B2d,B2d_threeParamsInt,EvoSuite,83.33,NC,4,run-10-30sec,45594
B2d,B2d_threeParamsIntNoSolution,EvoSuite,83.33,C,4,run-10-30sec,45090
B2d,B2d_twoParamsDouble,EvoSuite,80.00,NC,3,run-10-30sec,43389
B2d,B2d_twoParamsFloat,EvoSuite,80.00,NC,4,run-10-30sec,44096
B2d,B2d_twoParamsInt,EvoSuite,100.00,C,4,run-10-30sec,44904
B2d,B2d_twoParamsIntNoSolution,EvoSuite,80.00,C,4,run-10-30sec,44682
B3a,B3a_complex,EvoSuite,88.24,C,4,run-10-30sec,169557
B3a,B3a_infinite,EvoSuite,0.00,C,1,run-10-30sec,44296
B3a,B3a_infiniteNotOptimalizable,EvoSuite,0.00,C,0,run-10-30sec,253332
B3a,B3a_nestedLoop,EvoSuite,100.00,C,3,run-10-30sec,354214
B3a,B3a_nestedLoopWithLabel,EvoSuite,100.00,C,5,run-10-30sec,308802
B3a,B3a_withConditionAndLimit,EvoSuite,100.00,C,2,run-10-30sec,77241
B3a,B3a_withConditionNoLimit,EvoSuite,100.00,C,2,run-10-30sec,112042
B3a,B3a_withContinueBreak,EvoSuite,100.00,C,3,run-10-30sec,96851
B3a,B3a_withLimit,EvoSuite,100.00,C,3,run-10-30sec,75047
B3b,B3b_complex,EvoSuite,85.71,C,3,run-10-30sec,152808
B3b,B3b_infinite,EvoSuite,0.00,C,1,run-10-30sec,42870
B3b,B3b_infiniteNotOptimalizable,EvoSuite,0.00,C,0,run-10-30sec,407700
B3b,B3b_nestedLoop,EvoSuite,100.00,C,4,run-10-30sec,139243
B3b,B3b_nestedLoopWithLabel,EvoSuite,90.91,NC,7,run-10-30sec,380749
B3b,B3b_withConditionAndLimit,EvoSuite,100.00,C,2,run-10-30sec,76931
B3b,B3b_withConditionNoLimit,EvoSuite,100.00,C,2,run-10-30sec,114556
B3b,B3b_withContinueBreak,EvoSuite,100.00,C,2,run-10-30sec,75327
B3b,B3b_withLimit,EvoSuite,100.00,C,3,run-10-30sec,74217
B3c,B3c_complex,EvoSuite,88.24,C,5,run-10-30sec,115992
B3c,B3c_infinite,EvoSuite,0.00,C,1,run-10-30sec,44773
B3c,B3c_infiniteNotOptimalizable,EvoSuite,0.00,C,0,run-10-30sec,392819
B3c,B3c_nestedLoop,EvoSuite,100.00,C,4,run-10-30sec,297485
B3c,B3c_nestedLoopWithLabel,EvoSuite,92.86,NC,2,run-10-30sec,300199
B3c,B3c_withConditionAndLimit,EvoSuite,100.00,C,3,run-10-30sec,80649
B3c,B3c_withConditionNoLimit,EvoSuite,100.00,C,3,run-10-30sec,127198
B3c,B3c_withContinueBreak,EvoSuite,100.00,C,3,run-10-30sec,97146
B3c,B3c_withLimit,EvoSuite,100.00,C,2,run-10-30sec,73444
B4a,B4a_fromParams,EvoSuite,100.00,C,6,run-10-30sec,47596
B4a,B4a_fromParamsWithIndex,EvoSuite,83.33,NC,8,run-10-30sec,46614
B4a,B4a_guessLength,EvoSuite,100.00,C,3,run-10-30sec,47324
B4a,B4a_guessOneArray,EvoSuite,100.00,C,6,run-10-30sec,45111
B4a,B4a_guessOneArrayWithLength,EvoSuite,80.00,NC,6,run-10-30sec,44987
B4a,B4a_indexParam,EvoSuite,100.00,C,6,run-10-30sec,45583
B4a,B4a_iterateWithFor,EvoSuite,100.00,C,4,run-10-30sec,47197
B4a,B4a_iterateWithForeach,EvoSuite,100.00,C,4,run-10-30sec,44376
B4a,B4a_twoArrays,EvoSuite,100.00,C,7,run-10-30sec,46095
B4b,B4b_fromParams,EvoSuite,100.00,C,6,run-10-30sec,44995
B4b,B4b_fromParamsWithIndex,EvoSuite,100.00,C,7,run-10-30sec,46388
B4b,B4b_guessLength,EvoSuite,100.00,C,3,run-10-30sec,45475
B4b,B4b_guessOneArray,EvoSuite,100.00,C,6,run-10-30sec,44237
B4b,B4b_guessOneArrayWithLength,EvoSuite,100.00,C,7,run-10-30sec,45189
B4b,B4b_indexParam,EvoSuite,100.00,C,4,run-10-30sec,44646
B4b,B4b_iterateWithFor,EvoSuite,100.00,C,5,run-10-30sec,44479
B4b,B4b_iterateWithForeach,EvoSuite,100.00,C,5,run-10-30sec,44907
B4b,B4b_twoArrays,EvoSuite,100.00,C,6,run-10-30sec,44981
B5a1,B5a1_conditionalCall,EvoSuite,100.00,C,8,run-10-30sec,46492
B5a1,B5a1_simple,EvoSuite,100.00,C,7,run-10-30sec,47097
B5a1,B5a1_useReturnValue,EvoSuite,100.00,C,7,run-10-30sec,46284
B5a2,B5a2_conditionalCall,EvoSuite,100.00,C,9,run-10-30sec,46880
B5a2,B5a2_simple,EvoSuite,100.00,C,9,run-10-30sec,47117
B5a2,B5a2_useReturnValue,EvoSuite,100.00,C,9,run-10-30sec,46991
B5b1,B5b1_fibonacci,EvoSuite,100.00,C,4,run-10-30sec,66931
B5b1,B5b1_simple,EvoSuite,100.00,C,4,run-10-30sec,47712
B5b2,B5b2_fibonacci,EvoSuite,0.00,NC,0,run-10-30sec,456724
B5b2,B5b2_simple,EvoSuite,100.00,C,4,run-10-30sec,85920
B6a,B6a_always,EvoSuite,100.00,C,1,run-10-30sec,43675
B6a,B6a_call,EvoSuite,100.00,C,7,run-10-30sec,46595
B6a,B6a_conditionalAndLoop,EvoSuite,100.00,C,4,run-10-30sec,78636
B6a,B6a_recursive,EvoSuite,100.00,C,4,run-10-30sec,46077
B6a,B6a_tryCatch,EvoSuite,100.00,C,7,run-10-30sec,49271
B6a,B6a_tryCatchFinally,EvoSuite,100.00,C,8,run-10-30sec,48102
B6b,B6b_always,EvoSuite,100.00,C,1,run-10-30sec,44181
B6b,B6b_call,EvoSuite,100.00,C,7,run-10-30sec,46789
B6b,B6b_conditionalAndLoop,EvoSuite,100.00,C,4,run-10-30sec,78935
B6b,B6b_recursive,EvoSuite,100.00,C,4,run-10-30sec,47185
B6b,B6b_tryCatch,EvoSuite,100.00,C,7,run-10-30sec,47020
B6b,B6b_tryCatchFinally,EvoSuite,100.00,C,7,run-10-30sec,47801
B6c,B6c_arithmeticException,EvoSuite,100.00,C,2,run-10-30sec,46251
B6c,B6c_arrayIndexOutOfBoundsException,EvoSuite,100.00,C,2,run-10-30sec,46010
B6c,B6c_classCastException,EvoSuite,100.00,C,2,run-10-30sec,44214
B6c,B6c_illegalArgumentException,EvoSuite,100.00,C,2,run-10-30sec,43388
B6c,B6c_illegalStateException,EvoSuite,100.00,C,2,run-10-30sec,46299
B6c,B6c_indexOutOfBoundsException,EvoSuite,100.00,C,2,run-10-30sec,45973
B6c,B6c_nullPointerException,EvoSuite,100.00,C,2,run-10-30sec,45784
B6c,B6c_securityException,EvoSuite,100.00,C,2,run-10-30sec,43116
B6c,B6c_unsupportedOperationException,EvoSuite,100.00,C,2,run-10-30sec,43004
S1,S1_returnStructure,EvoSuite,100.00,C,2,run-10-30sec,43755
S1,S1_returnStructureParams,EvoSuite,100.00,C,1,run-10-30sec,43487
S1,S1_useStructure,EvoSuite,100.00,C,4,run-10-30sec,44270
S1,S1_useStructureParams,EvoSuite,100.00,C,3,run-10-30sec,44417
S2,S2_oneStructure,EvoSuite,100.00,C,8,run-10-30sec,47595
S2,S2_oneStructureParams,EvoSuite,100.00,C,7,run-10-30sec,45901
S2,S2_twoStructures,EvoSuite,100.00,C,9,run-10-30sec,48590
S2,S2_twoStructuresParams,EvoSuite,100.00,C,7,run-10-30sec,47856
S3,S3_arrayOfStructures,EvoSuite,100.00,C,5,run-10-30sec,45105
S3,S3_arrayOfStructuresParams,EvoSuite,100.00,C,6,run-10-30sec,46521
S3,S3_noLimit,EvoSuite,100.00,C,5,run-10-30sec,133292
S3,S3_noLimitParams,EvoSuite,100.00,C,4,run-10-30sec,120503
S3,S3_withLimit,EvoSuite,100.00,C,6,run-10-30sec,89662
S3,S3_withLimitParams,EvoSuite,100.00,C,4,run-10-30sec,106364
S4,S4_guess,EvoSuite,55.56,NC,5,run-10-30sec,46478
S4,S4_guessCoordinates,EvoSuite,66.67,NC,7,run-10-30sec,48011
S4,S4_guessParams,EvoSuite,91.67,NC,8,run-10-30sec,47408
O1,O1_fullCoverage,EvoSuite,100.00,C,6,run-10-30sec,45885
O1,O1_guessImpossibleObject,EvoSuite,80.00,C,3,run-10-30sec,44189
O1,O1_guessImpossibleOperationCount,EvoSuite,85.71,C,3,run-10-30sec,59795
O1,O1_guessImpossibleOperationCountParams,EvoSuite,83.33,C,2,run-10-30sec,65494
O1,O1_guessImpossibleResult,EvoSuite,92.31,C,3,run-10-30sec,44196
O1,O1_guessImpossibleResultAndOperationCount,EvoSuite,85.71,C,5,run-10-30sec,94343
O1,O1_guessImpossibleResultAndOperationCountParams,EvoSuite,83.33,C,4,run-10-30sec,110675
O1,O1_guessImpossibleResultParams,EvoSuite,83.33,NC,2,run-10-30sec,44488
O1,O1_guessObject,EvoSuite,100.00,C,6,run-10-30sec,45390
O1,O1_guessOperationCount,EvoSuite,100.00,C,4,run-10-30sec,80191
O1,O1_guessOperationCountParams,EvoSuite,100.00,C,3,run-10-30sec,75578
O1,O1_guessResult,EvoSuite,100.00,C,5,run-10-30sec,46167
O1,O1_guessResultAndOperationCount,EvoSuite,85.71,NC,5,run-10-30sec,94631
O1,O1_guessResultAndOperationCountParams,EvoSuite,83.33,NC,4,run-10-30sec,110340
O1,O1_guessResultParams,EvoSuite,100.00,C,3,run-10-30sec,47045
O1,O1_oneOperationNoCheck,EvoSuite,85.71,NC,3,run-10-30sec,43781
O1,O1_oneOperationParams,EvoSuite,87.50,NC,2,run-10-30sec,46057
O1,O1_oneOperationWithCheck,EvoSuite,88.89,NC,3,run-10-30sec,44493
O1,O1_twoOperationsParams,EvoSuite,90.00,NC,2,run-10-30sec,43979
O1,O1_twoOperationsWithCheck,EvoSuite,100.00,C,3,run-10-30sec,43680
O1,O1_twoOperationsWithNocheck,EvoSuite,88.89,NC,3,run-10-30sec,44298
O2,O2_guessResult,EvoSuite,100.00,C,5,run-10-30sec,45176
O2,O2_guessResultParams,EvoSuite,100.00,C,4,run-10-30sec,44390
O3a,O3a_guessResult,EvoSuite,100.00,C,5,run-10-30sec,45102
O3a,O3a_guessResultParams,EvoSuite,94.12,NC,3,run-10-30sec,43889
O3b,O3b_guess,EvoSuite,100.00,C,4,run-10-30sec,44209
O3b,O3b_guessImpossible,EvoSuite,83.33,C,2,run-10-30sec,44006
O3b,O3b_validate,EvoSuite,83.33,C,2,run-10-30sec,43494
O3c,O3c_guess,EvoSuite,100.00,C,4,run-10-30sec,44890
O3c,O3c_guessImpossible,EvoSuite,83.33,C,2,run-10-30sec,44687
O3c,O3c_validate,EvoSuite,83.33,C,2,run-10-30sec,43985
O4,O4_guessImpossible,EvoSuite,88.24,NC,3,run-10-30sec,46925
O4,O4_guessImpossibleParams,EvoSuite,87.50,C,2,run-10-30sec,44587
O4,O4_guessResult,EvoSuite,88.24,NC,4,run-10-30sec,44764
O4,O4_guessResultParams,EvoSuite,93.75,C,3,run-10-30sec,46453
G1,G1_guessType,EvoSuite,88.89,C,4,run-10-30sec,44775
G1,G1_guessTypeAndUse,EvoSuite,93.33,C,8,run-10-30sec,46181
G1,G1_guessTypeWithExtends,EvoSuite,66.67,C,3,run-10-30sec,43890
G1,G1_guessTypeWithExtendsAndUse,EvoSuite,80.00,C,7,run-10-30sec,46561
G2,G2_guessDescendant,EvoSuite,100.00,C,3,run-10-30sec,44076
G2,G2_guessImpossible,EvoSuite,66.67,C,2,run-10-30sec,45923
G2,G2_guessInteger,EvoSuite,100.00,C,3,run-10-30sec,44541
G2,G2_guessIntegerNoHelp,EvoSuite,100.00,C,3,run-10-30sec,43772
G2,G2_guessSafe,EvoSuite,66.67,C,2,run-10-30sec,44491
G2,G2_guessSafeNoHelp,EvoSuite,0.00,NC,2,run-10-30sec,43670
L1,L1_abs,EvoSuite,100.00,C,4,run-10-30sec,44493
L1,L1_absImpossible,EvoSuite,66.67,C,1,run-10-30sec,42588
L1,L1_cbrt,EvoSuite,100.00,C,3,run-10-30sec,44212
L1,L1_cos,EvoSuite,100.00,C,3,run-10-30sec,44192
L1,L1_cosImpossible,EvoSuite,66.67,C,1,run-10-30sec,46082
L1,L1_log10GuessArgument,EvoSuite,100.00,C,3,run-10-30sec,44020
L1,L1_logGuessArgument,EvoSuite,100.00,C,3,run-10-30sec,44588
L1,L1_logGuessBase,EvoSuite,100.00,C,3,run-10-30sec,44291
L1,L1_logGuessBaseAndArgument,EvoSuite,75.00,NC,2,run-10-30sec,44969
L1,L1_minMax,EvoSuite,100.00,C,5,run-10-30sec,44924
L1,L1_minMaxImpossible,EvoSuite,66.67,C,5,run-10-30sec,45365
L1,L1_minMaxWithOrder,EvoSuite,100.00,C,6,run-10-30sec,45381
L1,L1_powGuessBase,EvoSuite,75.00,NC,2,run-10-30sec,43410
L1,L1_powGuessBaseAndExponent,EvoSuite,100.00,C,3,run-10-30sec,43788
L1,L1_powGuessExponent,EvoSuite,75.00,NC,2,run-10-30sec,43485
L1,L1_sin,EvoSuite,100.00,C,3,run-10-30sec,44609
L1,L1_sinImpossible,EvoSuite,66.67,C,1,run-10-30sec,42689
L1,L1_sqrt,EvoSuite,100.00,C,3,run-10-30sec,47808
L1,L1_sqrtImpossible,EvoSuite,66.67,C,1,run-10-30sec,45650
L1,L1_tan,EvoSuite,100.00,C,3,run-10-30sec,47080
L2,L2_add,EvoSuite,100.00,C,4,run-10-30sec,44077
L2,L2_addWithCondition,EvoSuite,84.62,C,5,run-10-30sec,46285
L2,L2_charAt,EvoSuite,85.71,C,5,run-10-30sec,44675
L2,L2_compareTo,EvoSuite,66.67,NC,8,run-10-30sec,47311
L2,L2_compareToIgnoreCase,EvoSuite,66.67,NC,8,run-10-30sec,48068
L2,L2_equality,EvoSuite,88.89,C,4,run-10-30sec,44450
L2,L2_equalityIgnoreCase,EvoSuite,88.89,C,4,run-10-30sec,45160
L2,L2_indexOf,EvoSuite,62.50,NC,4,run-10-30sec,44810
L2,L2_length,EvoSuite,85.71,C,5,run-10-30sec,45971
L2,L2_regionEquality,EvoSuite,75.00,C,3,run-10-30sec,44396
L2,L2_startsEnds,EvoSuite,100.00,C,4,run-10-30sec,46999
L2,L2_substring,EvoSuite,71.43,NC,3,run-10-30sec,44561
L2,L2_switchString,EvoSuite,100.00,C,4,run-10-30sec,47470
L3,L3_guessDouble,EvoSuite,100.00,C,4,run-10-30sec,45407
L3,L3_guessInteger,EvoSuite,100.00,C,4,run-10-30sec,46160
L3,L3_integerOverflow,EvoSuite,100.00,C,4,run-10-30sec,45729
L4,L4_guessElementAndIndex,EvoSuite,100.00,C,5,run-10-30sec,45118
L4,L4_guessElements,EvoSuite,100.00,C,5,run-10-30sec,45364
L4,L4_guessGenericListWithElement,EvoSuite,66.67,NC,4,run-10-30sec,44911
L4,L4_guessGenericListWithSize,EvoSuite,100.00,C,5,run-10-30sec,46346
L4,L4_guessGenericVectorWithElement,EvoSuite,66.67,NC,4,run-10-30sec,48306
L4,L4_guessGenericVectorWithSize,EvoSuite,100.00,C,4,run-10-30sec,48898
L4,L4_guessIndices,EvoSuite,100.00,C,7,run-10-30sec,45775
L4,L4_guessListWithSize,EvoSuite,100.00,C,5,run-10-30sec,45565
L4,L4_guessSize,EvoSuite,100.00,C,3,run-10-30sec,44385
L4,L4_guessSizeAndElements,EvoSuite,83.33,NC,6,run-10-30sec,46116
L4,L4_guessVectorWithSize,EvoSuite,100.00,C,4,run-10-30sec,45006
LO,LO_associatesAPIGuessDate,EvoSuite,50.00,NC,2,run-10-30sec,44780
LO,LO_associatesAPIGuessValidDateFormat,EvoSuite,57.14,NC,2,run-10-30sec,44288
LO,LO_guessUUID,EvoSuite,44.44,NC,2,run-10-30sec,43381
LO,LO_guessValidUUID,EvoSuite,66.67,NC,2,run-10-30sec,45038
LO,LO_inheritsAPIGuessOneObject,EvoSuite,85.71,C,4,run-10-30sec,45092
LO,LO_inheritsAPIGuessOnePrimitive,EvoSuite,83.33,C,4,run-10-30sec,47282
LO,LO_inheritsAPIGuessTwoObjects,EvoSuite,91.67,C,6,run-10-30sec,45996
LO,LO_inheritsAPIGuessTwoPrimitives,EvoSuite,91.67,C,5,run-10-30sec,45689
LO,LO_regexCaseInsensitive,EvoSuite,100.00,C,3,run-10-30sec,46679
LO,LO_regexCaseSensitive,EvoSuite,100.00,C,3,run-10-30sec,43395
Others,Others_guess,EvoSuite,100.00,C,6,run-10-30sec,46073
Others,Others_guessEnum,EvoSuite,90.91,C,5,run-10-30sec,44790
Others,Others_guessEnumOrdinal,EvoSuite,90.91,C,5,run-10-30sec,46020
Others,Others_guessEnumString,EvoSuite,90.91,C,5,run-10-30sec,45108
Others,Others_guessWithLength,EvoSuite,80.00,NC,6,run-10-30sec,45290
Others,Others_iterateWithFor,EvoSuite,100.00,C,4,run-10-30sec,46488
Others,Others_iterateWithForeach,EvoSuite,100.00,C,5,run-10-30sec,45378
Others,Others_minMax,EvoSuite,100.00,C,5,run-10-30sec,44430
Others,Others_minMaxImpossible,EvoSuite,66.67,C,5,run-10-30sec,47804
Others,Others_minMaxWithOrder,EvoSuite,100.00,C,6,run-10-30sec,45987
Others,Others_switchEnum,EvoSuite,87.50,C,5,run-10-30sec,44851
Others,Others_test,EvoSuite,100.00,C,3,run-10-30sec,44139
B1a,B1a_oneParamBoolean,jPET,100.00,C,2,run-01-30sec,100
B1a,B1a_oneParamByte,jPET,,N/A,,run-01-30sec,101
B1a,B1a_oneParamChar,jPET,,N/A,,run-01-30sec,101
B1a,B1a_oneParamDouble,jPET,100.00,C,1,run-01-30sec,100
B1a,B1a_oneParamFloat,jPET,100.00,C,1,run-01-30sec,101
B1a,B1a_oneParamInt,jPET,100.00,C,1,run-01-30sec,101
B1a,B1a_oneParamLong,jPET,100.00,C,1,run-01-30sec,100
B1a,B1a_oneParamShort,jPET,,N/A,,run-01-30sec,100
B1a,B1a_twoParamBoolean,jPET,,N/A,,run-01-30sec,100
B1a,B1a_twoParamByte,jPET,,N/A,,run-01-30sec,101
B1a,B1a_twoParamChar,jPET,,N/A,,run-01-30sec,101
B1a,B1a_twoParamDouble,jPET,100.00,C,1,run-01-30sec,101
B1a,B1a_twoParamFloat,jPET,100.00,C,1,run-01-30sec,101
B1a,B1a_twoParamInt,jPET,100.00,C,1,run-01-30sec,100
B1a,B1a_twoParamLong,jPET,100.00,C,1,run-01-30sec,100
B1a,B1a_twoParamShort,jPET,,N/A,,run-01-30sec,100
B1b,B1b_constBoolean,jPET,100.00,C,1,run-01-30sec,100
B1b,B1b_constByte,jPET,100.00,C,1,run-01-30sec,101
B1b,B1b_constChar,jPET,100.00,C,1,run-01-30sec,101
B1b,B1b_constDouble,jPET,100.00,C,1,run-01-30sec,101
B1b,B1b_constFloat,jPET,100.00,C,1,run-01-30sec,100
B1b,B1b_constInt,jPET,100.00,C,1,run-01-30sec,101
B1b,B1b_constLong,jPET,100.00,C,1,run-01-30sec,100
B1b,B1b_constShort,jPET,100.00,C,1,run-01-30sec,101
B1c,B1c_add,jPET,100.00,C,1,run-01-30sec,100
B1c,B1c_addAssignment,jPET,100.00,C,1,run-01-30sec,100
B1c,B1c_divide,jPET,100.00,C,2,run-01-30sec,100
B1c,B1c_divideAssignment,jPET,100.00,C,2,run-01-30sec,101
B1c,B1c_modulo,jPET,100.00,C,2,run-01-30sec,101
B1c,B1c_moduloAssignment,jPET,100.00,C,2,run-01-30sec,101
B1c,B1c_multiply,jPET,100.00,C,1,run-01-30sec,101
B1c,B1c_multiplyAssignment,jPET,100.00,C,1,run-01-30sec,100
B1c,B1c_postfixMinusMinus,jPET,100.00,C,1,run-01-30sec,100
B1c,B1c_postfixPlusplus,jPET,100.00,C,1,run-01-30sec,101
B1c,B1c_substract,jPET,100.00,C,1,run-01-30sec,100
B1c,B1c_substractAssignment,jPET,100.00,C,1,run-01-30sec,100
B1c,B1c_unaryMinus,jPET,100.00,C,1,run-01-30sec,100
B1c,B1c_unaryMinusMinus,jPET,100.00,C,1,run-01-30sec,100
B1c,B1c_unaryPlus,jPET,100.00,C,1,run-01-30sec,100
B1c,B1c_unaryPlusPlus,jPET,100.00,C,1,run-01-30sec,100
B1d,B1d_and,jPET,100.00,C,3,run-01-30sec,101
B1d,B1d_equal,jPET,100.00,C,2,run-01-30sec,100
B1d,B1d_greater,jPET,100.00,C,2,run-01-30sec,100
B1d,B1d_greaterOrEqual,jPET,100.00,C,2,run-01-30sec,100
B1d,B1d_negate,jPET,100.00,C,2,run-01-30sec,101
B1d,B1d_notEqual,jPET,100.00,C,2,run-01-30sec,100
B1d,B1d_or,jPET,100.00,C,3,run-01-30sec,100
B1d,B1d_smaller,jPET,100.00,C,2,run-01-30sec,100
B1d,B1d_smallerOrEqual,jPET,100.00,C,2,run-01-30sec,100
B1e,B1e_and,jPET,,N/A,,run-01-30sec,100
B1e,B1e_andAssignment,jPET,,N/A,,run-01-30sec,101
B1e,B1e_negate,jPET,,N/A,,run-01-30sec,100
B1e,B1e_or,jPET,,N/A,,run-01-30sec,100
B1e,B1e_orAssignment,jPET,,N/A,,run-01-30sec,101
B1e,B1e_shiftLeft,jPET,,N/A,,run-01-30sec,100
B1e,B1e_shiftLeftAssignment,jPET,,N/A,,run-01-30sec,100
B1e,B1e_shiftRight,jPET,,N/A,,run-01-30sec,100
B1e,B1e_shiftRightAssignment,jPET,,N/A,,run-01-30sec,101
B1e,B1e_shiftRightUnsigned,jPET,,N/A,,run-01-30sec,100
B1e,B1e_shiftRightUnsignedAssignment,jPET,,N/A,,run-01-30sec,100
B1e,B1e_xor,jPET,,N/A,,run-01-30sec,100
B1e,B1e_xorAssignment,jPET,,N/A,,run-01-30sec,100
B2a,B2a_oneParamBoolean,jPET,100.00,C,2,run-01-30sec,100
B2a,B2a_oneParamDouble,jPET,,N/A,,run-01-30sec,101
B2a,B2a_oneParamInt,jPET,100.00,C,4,run-01-30sec,101
B2a,B2a_twoParamsBoolean,jPET,66.67,C,4,run-01-30sec,100
B2a,B2a_twoParamsDouble,jPET,66.67,C,7,run-01-30sec,100
B2a,B2a_twoParamsInt,jPET,66.67,C,7,run-01-30sec,101
B2b,B2b_oneParamBoolean,jPET,100.00,C,2,run-01-30sec,100
B2b,B2b_oneParamInt,jPET,100.00,C,2,run-01-30sec,100
B2b,B2b_twoParamsBoolean,jPET,100.00,C,3,run-01-30sec,101
B2b,B2b_twoParamsInt,jPET,100.00,C,3,run-01-30sec,101
B2c,B2c_missingBreaks,jPET,100.00,C,5,run-01-30sec,100
B2c,B2c_simple,jPET,100.00,C,5,run-01-30sec,100
B2c,B2c_withReturn,jPET,100.00,C,5,run-01-30sec,100
B2d,B2d_oneParamDouble,jPET,,N/A,,run-01-30sec,100
B2d,B2d_oneParamFloat,jPET,,N/A,,run-01-30sec,100
B2d,B2d_oneParamInt,jPET,100.00,C,2,run-01-30sec,100
B2d,B2d_oneParamIntNoSolution,jPET,50.00,C,1,run-01-30sec,100
B2d,B2d_quadraticDouble,jPET,,N/A,,run-01-30sec,101
B2d,B2d_quadraticDoubleNoSolution,jPET,,N/A,,run-01-30sec,101
B2d,B2d_quadraticFloat,jPET,,N/A,,run-01-30sec,101
B2d,B2d_quadraticFloatNoSolution,jPET,,N/A,,run-01-30sec,100
B2d,B2d_quadraticInt,jPET,100.00,C,4,run-01-30sec,100
B2d,B2d_quadraticIntNoSolution,jPET,,T/M,,run-01-30sec,30128
B2d,B2d_threeParamsDouble,jPET,,N/A,,run-01-30sec,100
B2d,B2d_threeParamsFloat,jPET,,N/A,,run-01-30sec,101
B2d,B2d_threeParamsInt,jPET,,T/M,,run-01-30sec,30175
B2d,B2d_threeParamsIntNoSolution,jPET,,T/M,,run-01-30sec,30126
B2d,B2d_twoParamsDouble,jPET,,N/A,,run-01-30sec,101
B2d,B2d_twoParamsFloat,jPET,,N/A,,run-01-30sec,101
B2d,B2d_twoParamsInt,jPET,100.00,C,3,run-01-30sec,101
B2d,B2d_twoParamsIntNoSolution,jPET,66.00,C,2,run-01-30sec,100
B3a,B3a_complex,jPET,78.00,C,165,run-01-30sec,1001
B3a,B3a_infinite,jPET,0.00,C,1,run-01-30sec,100
B3a,B3a_infiniteNotOptimalizable,jPET,0.00,C,1,run-01-30sec,101
B3a,B3a_nestedLoop,jPET,100.00,C,25,run-01-30sec,5906
B3a,B3a_nestedLoopWithLabel,jPET,100.00,C,28,run-01-30sec,6606
B3a,B3a_withConditionAndLimit,jPET,100.00,C,10,run-01-30sec,101
B3a,B3a_withConditionNoLimit,jPET,100.00,C,10,run-01-30sec,801
B3a,B3a_withContinueBreak,jPET,90.91,NC,10,run-01-30sec,101
B3a,B3a_withLimit,jPET,100.00,C,10,run-01-30sec,100
B3b,B3b_complex,jPET,75.00,C,165,run-01-30sec,1001
B3b,B3b_infinite,jPET,0.00,C,1,run-01-30sec,100
B3b,B3b_infiniteNotOptimalizable,jPET,0.00,C,1,run-01-30sec,100
B3b,B3b_nestedLoop,jPET,100.00,C,15,run-01-30sec,3503
B3b,B3b_nestedLoopWithLabel,jPET,100.00,C,20,run-01-30sec,4805
B3b,B3b_withConditionAndLimit,jPET,100.00,C,10,run-01-30sec,100
B3b,B3b_withConditionNoLimit,jPET,100.00,C,10,run-01-30sec,700
B3b,B3b_withContinueBreak,jPET,87.50,NC,10,run-01-30sec,101
B3b,B3b_withLimit,jPET,100.00,C,10,run-01-30sec,100
B3c,B3c_complex,jPET,78.00,C,175,run-01-30sec,1001
B3c,B3c_infinite,jPET,0.00,C,1,run-01-30sec,100
B3c,B3c_infiniteNotOptimalizable,jPET,0.00,C,1,run-01-30sec,100
B3c,B3c_nestedLoop,jPET,100.00,C,37,run-01-30sec,9318
B3c,B3c_nestedLoopWithLabel,jPET,100.00,C,42,run-01-30sec,10510
B3c,B3c_withConditionAndLimit,jPET,100.00,C,11,run-01-30sec,100
B3c,B3c_withConditionNoLimit,jPET,100.00,C,11,run-01-30sec,800
B3c,B3c_withContinueBreak,jPET,90.91,NC,10,run-01-30sec,101
B3c,B3c_withLimit,jPET,100.00,C,11,run-01-30sec,101
B4a,B4a_fromParams,jPET,100.00,C,4,run-01-30sec,100
B4a,B4a_fromParamsWithIndex,jPET,83.33,NC,5,run-01-30sec,101
B4a,B4a_guessLength,jPET,100.00,C,2,run-01-30sec,101
B4a,B4a_guessOneArray,jPET,100.00,C,5,run-01-30sec,101
B4a,B4a_guessOneArrayWithLength,jPET,100.00,C,5,run-01-30sec,101
B4a,B4a_indexParam,jPET,83.33,NC,3,run-01-30sec,100
B4a,B4a_iterateWithFor,jPET,100.00,C,17,run-01-30sec,200
B4a,B4a_iterateWithForeach,jPET,100.00,C,17,run-01-30sec,200
B4a,B4a_twoArrays,jPET,100.00,C,7,run-01-30sec,101
B4b,B4b_fromParams,jPET,100.00,C,4,run-01-30sec,100
B4b,B4b_fromParamsWithIndex,jPET,75.00,NC,3,run-01-30sec,100
B4b,B4b_guessLength,jPET,100.00,C,2,run-01-30sec,101
B4b,B4b_guessOneArray,jPET,100.00,C,4,run-01-30sec,101
B4b,B4b_guessOneArrayWithLength,jPET,100.00,C,5,run-01-30sec,101
B4b,B4b_indexParam,jPET,75.00,NC,1,run-01-30sec,101
B4b,B4b_iterateWithFor,jPET,100.00,C,17,run-01-30sec,200
B4b,B4b_iterateWithForeach,jPET,100.00,C,17,run-01-30sec,201
B4b,B4b_twoArrays,jPET,100.00,C,5,run-01-30sec,100
B5a1,B5a1_conditionalCall,jPET,100.00,C,8,run-01-30sec,101
B5a1,B5a1_simple,jPET,100.00,C,7,run-01-30sec,101
B5a1,B5a1_useReturnValue,jPET,100.00,C,7,run-01-30sec,101
B5a2,B5a2_conditionalCall,jPET,100.00,C,8,run-01-30sec,100
B5a2,B5a2_simple,jPET,100.00,C,7,run-01-30sec,100
B5a2,B5a2_useReturnValue,jPET,100.00,C,7,run-01-30sec,101
B5b1,B5b1_fibonacci,jPET,100.00,C,11,run-01-30sec,501
B5b1,B5b1_simple,jPET,100.00,C,10,run-01-30sec,201
B5b2,B5b2_fibonacci,jPET,100.00,C,11,run-01-30sec,401
B5b2,B5b2_simple,jPET,100.00,C,10,run-01-30sec,101
B6a,B6a_always,jPET,,N/A,,run-01-30sec,100
B6a,B6a_call,jPET,,N/A,,run-01-30sec,100
B6a,B6a_conditionalAndLoop,jPET,,N/A,,run-01-30sec,101
B6a,B6a_recursive,jPET,,N/A,,run-01-30sec,101
B6a,B6a_tryCatch,jPET,,N/A,,run-01-30sec,100
B6a,B6a_tryCatchFinally,jPET,,N/A,,run-01-30sec,101
B6b,B6b_always,jPET,100.00,C,1,run-01-30sec,100
B6b,B6b_call,jPET,100.00,C,7,run-01-30sec,101
B6b,B6b_conditionalAndLoop,jPET,100.00,C,12,run-01-30sec,101
B6b,B6b_recursive,jPET,100.00,C,10,run-01-30sec,200
B6b,B6b_tryCatch,jPET,100.00,C,7,run-01-30sec,101
B6b,B6b_tryCatchFinally,jPET,100.00,C,39,run-01-30sec,201
B6c,B6c_arithmeticException,jPET,100.00,C,2,run-01-30sec,101
B6c,B6c_arrayIndexOutOfBoundsException,jPET,66.67,NC,1,run-01-30sec,100
B6c,B6c_classCastException,jPET,,N/A,,run-01-30sec,101
B6c,B6c_illegalArgumentException,jPET,,N/A,,run-01-30sec,101
B6c,B6c_illegalStateException,jPET,100.00,C,2,run-01-30sec,101
B6c,B6c_indexOutOfBoundsException,jPET,,N/A,,run-01-30sec,100
B6c,B6c_nullPointerException,jPET,,N/A,,run-01-30sec,101
B6c,B6c_securityException,jPET,,N/A,,run-01-30sec,101
B6c,B6c_unsupportedOperationException,jPET,100.00,C,2,run-01-30sec,100
S1,S1_returnStructure,jPET,100.00,C,2,run-01-30sec,101
S1,S1_returnStructureParams,jPET,100.00,C,1,run-01-30sec,100
S1,S1_useStructure,jPET,100.00,C,2,run-01-30sec,101
S1,S1_useStructureParams,jPET,100.00,C,1,run-01-30sec,101
S2,S2_oneStructure,jPET,100.00,C,8,run-01-30sec,100
S2,S2_oneStructureParams,jPET,100.00,C,7,run-01-30sec,100
S2,S2_twoStructures,jPET,100.00,C,9,run-01-30sec,200
S2,S2_twoStructuresParams,jPET,100.00,C,7,run-01-30sec,201
S3,S3_arrayOfStructures,jPET,100.00,C,2047,run-01-30sec,22919
S3,S3_arrayOfStructuresParams,jPET,100.00,C,1026,run-01-30sec,22580
S3,S3_noLimit,jPET,,T/M,,run-01-30sec,30126
S3,S3_noLimitParams,jPET,,T/M,,run-01-30sec,30172
S3,S3_withLimit,jPET,,T/M,,run-01-30sec,30174
S3,S3_withLimitParams,jPET,,T/M,,run-01-30sec,30115
S4,S4_guess,jPET,100.00,C,12,run-01-30sec,101
S4,S4_guessCoordinates,jPET,100.00,C,11,run-01-30sec,201
S4,S4_guessParams,jPET,100.00,C,9,run-01-30sec,201
O1,O1_fullCoverage,jPET,100.00,C,13,run-01-30sec,200
O1,O1_guessImpossibleObject,jPET,66.00,C,4,run-01-30sec,101
O1,O1_guessImpossibleOperationCount,jPET,85.00,C,21,run-01-30sec,300
O1,O1_guessImpossibleOperationCountParams,jPET,83.00,C,10,run-01-30sec,201
O1,O1_guessImpossibleResult,jPET,90.00,C,17,run-01-30sec,201
O1,O1_guessImpossibleResultAndOperationCount,jPET,,T/M,,run-01-30sec,30124
O1,O1_guessImpossibleResultAndOperationCountParams,jPET,75.00,C,25,run-01-30sec,301
O1,O1_guessImpossibleResultParams,jPET,91.67,C,8,run-01-30sec,201
O1,O1_guessObject,jPET,100.00,C,4,run-01-30sec,100
O1,O1_guessOperationCount,jPET,100.00,C,21,run-01-30sec,301
O1,O1_guessOperationCountParams,jPET,100.00,C,10,run-01-30sec,201
O1,O1_guessResult,jPET,100.00,C,17,run-01-30sec,201
O1,O1_guessResultAndOperationCount,jPET,,T/M,,run-01-30sec,30124
O1,O1_guessResultAndOperationCountParams,jPET,100.00,C,25,run-01-30sec,301
O1,O1_guessResultParams,jPET,100.00,C,16,run-01-30sec,201
O1,O1_oneOperationNoCheck,jPET,100.00,C,3,run-01-30sec,101
O1,O1_oneOperationParams,jPET,100.00,C,2,run-01-30sec,101
O1,O1_oneOperationWithCheck,jPET,100.00,C,3,run-01-30sec,100
O1,O1_twoOperationsParams,jPET,100.00,C,4,run-01-30sec,101
O1,O1_twoOperationsWithCheck,jPET,100.00,C,5,run-01-30sec,101
O1,O1_twoOperationsWithNocheck,jPET,100.00,C,5,run-01-30sec,100
O2,O2_guessResult,jPET,100.00,C,18,run-01-30sec,201
O2,O2_guessResultParams,jPET,100.00,C,16,run-01-30sec,319
O3a,O3a_guessResult,jPET,,N/A,,run-01-30sec,101
O3a,O3a_guessResultParams,jPET,100.00,C,16,run-01-30sec,200
O3b,O3b_guess,jPET,33.33,NC,1,run-01-30sec,101
O3b,O3b_guessImpossible,jPET,33.33,NC,1,run-01-30sec,100
O3b,O3b_validate,jPET,33.33,NC,1,run-01-30sec,101
O3c,O3c_guess,jPET,,N/A,,run-01-30sec,101
O3c,O3c_guessImpossible,jPET,,N/A,,run-01-30sec,101
O3c,O3c_validate,jPET,,N/A,,run-01-30sec,101
O4,O4_guessImpossible,jPET,11.76,NC,17,run-01-30sec,201
O4,O4_guessImpossibleParams,jPET,87.50,C,8,run-01-30sec,201
O4,O4_guessResult,jPET,11.76,NC,17,run-01-30sec,201
O4,O4_guessResultParams,jPET,93.75,C,15,run-01-30sec,201
G1,G1_guessType,jPET,80.00,C,5,run-01-30sec,100
G1,G1_guessTypeAndUse,jPET,,N/A,,run-01-30sec,100
G1,G1_guessTypeWithExtends,jPET,60.00,C,5,run-01-30sec,101
G1,G1_guessTypeWithExtendsAndUse,jPET,,N/A,,run-01-30sec,101
G2,G2_guessDescendant,jPET,0.00,NC,1,run-01-30sec,101
G2,G2_guessImpossible,jPET,,N/A,,run-01-30sec,100
G2,G2_guessInteger,jPET,,N/A,,run-01-30sec,101
G2,G2_guessIntegerNoHelp,jPET,,N/A,,run-01-30sec,101
G2,G2_guessSafe,jPET,50.00,C,2,run-01-30sec,101
G2,G2_guessSafeNoHelp,jPET,50.00,C,4,run-01-30sec,101
L1,L1_abs,jPET,,N/A,,run-01-30sec,101
L1,L1_absImpossible,jPET,,N/A,,run-01-30sec,101
L1,L1_cbrt,jPET,75.00,NC,1,run-01-30sec,101
L1,L1_cos,jPET,,N/A,,run-01-30sec,100
L1,L1_cosImpossible,jPET,,N/A,,run-01-30sec,100
L1,L1_log10GuessArgument,jPET,75.00,NC,1,run-01-30sec,101
L1,L1_logGuessArgument,jPET,,N/A,,run-01-30sec,101
L1,L1_logGuessBase,jPET,,N/A,,run-01-30sec,101
L1,L1_logGuessBaseAndArgument,jPET,,N/A,,run-01-30sec,101
L1,L1_minMax,jPET,,N/A,,run-01-30sec,101
L1,L1_minMaxImpossible,jPET,,N/A,,run-01-30sec,101
L1,L1_minMaxWithOrder,jPET,,N/A,,run-01-30sec,101
L1,L1_powGuessBase,jPET,,N/A,,run-01-30sec,100
L1,L1_powGuessBaseAndExponent,jPET,,N/A,,run-01-30sec,101
L1,L1_powGuessExponent,jPET,,N/A,,run-01-30sec,101
L1,L1_sin,jPET,,N/A,,run-01-30sec,101
L1,L1_sinImpossible,jPET,,N/A,,run-01-30sec,101
L1,L1_sqrt,jPET,,N/A,,run-01-30sec,101
L1,L1_sqrtImpossible,jPET,,N/A,,run-01-30sec,100
L1,L1_tan,jPET,,N/A,,run-01-30sec,101
L2,L2_add,jPET,,N/A,,run-01-30sec,101
L2,L2_addWithCondition,jPET,,N/A,,run-01-30sec,101
L2,L2_charAt,jPET,,N/A,,run-01-30sec,100
L2,L2_compareTo,jPET,,N/A,,run-01-30sec,101
L2,L2_compareToIgnoreCase,jPET,,N/A,,run-01-30sec,100
L2,L2_equality,jPET,,N/A,,run-01-30sec,100
L2,L2_equalityIgnoreCase,jPET,,N/A,,run-01-30sec,100
L2,L2_indexOf,jPET,,N/A,,run-01-30sec,100
L2,L2_length,jPET,,N/A,,run-01-30sec,101
L2,L2_regionEquality,jPET,,N/A,,run-01-30sec,101
L2,L2_startsEnds,jPET,,N/A,,run-01-30sec,101
L2,L2_substring,jPET,,N/A,,run-01-30sec,100
L2,L2_switchString,jPET,,N/A,,run-01-30sec,100
L3,L3_guessDouble,jPET,,N/A,,run-01-30sec,100
L3,L3_guessInteger,jPET,,N/A,,run-01-30sec,100
L3,L3_integerOverflow,jPET,,N/A,,run-01-30sec,100
L4,L4_guessElementAndIndex,jPET,,N/A,,run-01-30sec,100
L4,L4_guessElements,jPET,,N/A,,run-01-30sec,100
L4,L4_guessGenericListWithElement,jPET,,N/A,,run-01-30sec,101
L4,L4_guessGenericListWithSize,jPET,,N/A,,run-01-30sec,100
L4,L4_guessGenericVectorWithElement,jPET,,N/A,,run-01-30sec,100
L4,L4_guessGenericVectorWithSize,jPET,,N/A,,run-01-30sec,100
L4,L4_guessIndices,jPET,,N/A,,run-01-30sec,100
L4,L4_guessListWithSize,jPET,,N/A,,run-01-30sec,100
L4,L4_guessSize,jPET,,N/A,,run-01-30sec,100
L4,L4_guessSizeAndElements,jPET,,N/A,,run-01-30sec,101
L4,L4_guessVectorWithSize,jPET,,N/A,,run-01-30sec,100
LO,LO_associatesAPIGuessDate,jPET,,N/A,,run-01-30sec,100
LO,LO_associatesAPIGuessValidDateFormat,jPET,,N/A,,run-01-30sec,100
LO,LO_guessUUID,jPET,,N/A,,run-01-30sec,100
LO,LO_guessValidUUID,jPET,,N/A,,run-01-30sec,100
LO,LO_inheritsAPIGuessOneObject,jPET,75.00,C,4,run-01-30sec,100
LO,LO_inheritsAPIGuessOnePrimitive,jPET,,N/A,,run-01-30sec,100
LO,LO_inheritsAPIGuessTwoObjects,jPET,,N/A,,run-01-30sec,100
LO,LO_inheritsAPIGuessTwoPrimitives,jPET,,N/A,,run-01-30sec,100
LO,LO_regexCaseInsensitive,jPET,,N/A,,run-01-30sec,100
LO,LO_regexCaseSensitive,jPET,,N/A,,run-01-30sec,100
Others,Others_guess,jPET,100.00,C,5,run-01-30sec,100
Others,Others_guessEnum,jPET,18.18,NC,1,run-01-30sec,100
Others,Others_guessEnumOrdinal,jPET,,EX,,run-01-30sec,100
Others,Others_guessEnumString,jPET,,EX,,run-01-30sec,100
Others,Others_guessWithLength,jPET,100.00,C,5,run-01-30sec,100
Others,Others_iterateWithFor,jPET,100.00,C,17,run-01-30sec,100
Others,Others_iterateWithForeach,jPET,100.00,C,17,run-01-30sec,200
Others,Others_minMax,jPET,,N/A,,run-01-30sec,100
Others,Others_minMaxImpossible,jPET,,N/A,,run-01-30sec,100
Others,Others_minMaxWithOrder,jPET,,N/A,,run-01-30sec,100
Others,Others_switchEnum,jPET,,EX,,run-01-30sec,100
Others,Others_test,jPET,100.00,C,2,run-01-30sec,101
B1a,B1a_oneParamBoolean,jPET,100.00,C,2,run-02-30sec,100
B1a,B1a_oneParamByte,jPET,,N/A,,run-02-30sec,100
B1a,B1a_oneParamChar,jPET,,N/A,,run-02-30sec,101
B1a,B1a_oneParamDouble,jPET,100.00,C,1,run-02-30sec,100
B1a,B1a_oneParamFloat,jPET,100.00,C,1,run-02-30sec,100
B1a,B1a_oneParamInt,jPET,100.00,C,1,run-02-30sec,100
B1a,B1a_oneParamLong,jPET,100.00,C,1,run-02-30sec,101
B1a,B1a_oneParamShort,jPET,,N/A,,run-02-30sec,100
B1a,B1a_twoParamBoolean,jPET,,N/A,,run-02-30sec,101
B1a,B1a_twoParamByte,jPET,,N/A,,run-02-30sec,100
B1a,B1a_twoParamChar,jPET,,N/A,,run-02-30sec,100
B1a,B1a_twoParamDouble,jPET,100.00,C,1,run-02-30sec,100
B1a,B1a_twoParamFloat,jPET,100.00,C,1,run-02-30sec,100
B1a,B1a_twoParamInt,jPET,100.00,C,1,run-02-30sec,100
B1a,B1a_twoParamLong,jPET,100.00,C,1,run-02-30sec,100
B1a,B1a_twoParamShort,jPET,,N/A,,run-02-30sec,100
B1b,B1b_constBoolean,jPET,100.00,C,1,run-02-30sec,100
B1b,B1b_constByte,jPET,100.00,C,1,run-02-30sec,101
B1b,B1b_constChar,jPET,100.00,C,1,run-02-30sec,101
B1b,B1b_constDouble,jPET,100.00,C,1,run-02-30sec,100
B1b,B1b_constFloat,jPET,100.00,C,1,run-02-30sec,100
B1b,B1b_constInt,jPET,100.00,C,1,run-02-30sec,100
B1b,B1b_constLong,jPET,100.00,C,1,run-02-30sec,100
B1b,B1b_constShort,jPET,100.00,C,1,run-02-30sec,101
B1c,B1c_add,jPET,100.00,C,1,run-02-30sec,100
B1c,B1c_addAssignment,jPET,100.00,C,1,run-02-30sec,100
B1c,B1c_divide,jPET,100.00,C,2,run-02-30sec,101
B1c,B1c_divideAssignment,jPET,100.00,C,2,run-02-30sec,100
B1c,B1c_modulo,jPET,100.00,C,2,run-02-30sec,100
B1c,B1c_moduloAssignment,jPET,100.00,C,2,run-02-30sec,101
B1c,B1c_multiply,jPET,100.00,C,1,run-02-30sec,100
B1c,B1c_multiplyAssignment,jPET,100.00,C,1,run-02-30sec,101
B1c,B1c_postfixMinusMinus,jPET,100.00,C,1,run-02-30sec,100
B1c,B1c_postfixPlusplus,jPET,100.00,C,1,run-02-30sec,100
B1c,B1c_substract,jPET,100.00,C,1,run-02-30sec,100
B1c,B1c_substractAssignment,jPET,100.00,C,1,run-02-30sec,101
B1c,B1c_unaryMinus,jPET,100.00,C,1,run-02-30sec,101
B1c,B1c_unaryMinusMinus,jPET,100.00,C,1,run-02-30sec,101
B1c,B1c_unaryPlus,jPET,100.00,C,1,run-02-30sec,101
B1c,B1c_unaryPlusPlus,jPET,100.00,C,1,run-02-30sec,100
B1d,B1d_and,jPET,100.00,C,3,run-02-30sec,100
B1d,B1d_equal,jPET,100.00,C,2,run-02-30sec,101
B1d,B1d_greater,jPET,100.00,C,2,run-02-30sec,101
B1d,B1d_greaterOrEqual,jPET,100.00,C,2,run-02-30sec,101
B1d,B1d_negate,jPET,100.00,C,2,run-02-30sec,101
B1d,B1d_notEqual,jPET,100.00,C,2,run-02-30sec,100
B1d,B1d_or,jPET,100.00,C,3,run-02-30sec,101
B1d,B1d_smaller,jPET,100.00,C,2,run-02-30sec,101
B1d,B1d_smallerOrEqual,jPET,100.00,C,2,run-02-30sec,100
B1e,B1e_and,jPET,,N/A,,run-02-30sec,100
B1e,B1e_andAssignment,jPET,,N/A,,run-02-30sec,100
B1e,B1e_negate,jPET,,N/A,,run-02-30sec,101
B1e,B1e_or,jPET,,N/A,,run-02-30sec,100
B1e,B1e_orAssignment,jPET,,N/A,,run-02-30sec,101
B1e,B1e_shiftLeft,jPET,,N/A,,run-02-30sec,101
B1e,B1e_shiftLeftAssignment,jPET,,N/A,,run-02-30sec,101
B1e,B1e_shiftRight,jPET,,N/A,,run-02-30sec,100
B1e,B1e_shiftRightAssignment,jPET,,N/A,,run-02-30sec,101
B1e,B1e_shiftRightUnsigned,jPET,,N/A,,run-02-30sec,100
B1e,B1e_shiftRightUnsignedAssignment,jPET,,N/A,,run-02-30sec,100
B1e,B1e_xor,jPET,,N/A,,run-02-30sec,100
B1e,B1e_xorAssignment,jPET,,N/A,,run-02-30sec,100
B2a,B2a_oneParamBoolean,jPET,100.00,C,2,run-02-30sec,101
B2a,B2a_oneParamDouble,jPET,,N/A,,run-02-30sec,100
B2a,B2a_oneParamInt,jPET,100.00,C,4,run-02-30sec,101
B2a,B2a_twoParamsBoolean,jPET,66.67,C,4,run-02-30sec,100
B2a,B2a_twoParamsDouble,jPET,66.67,C,7,run-02-30sec,100
B2a,B2a_twoParamsInt,jPET,66.67,C,7,run-02-30sec,100
B2b,B2b_oneParamBoolean,jPET,100.00,C,2,run-02-30sec,100
B2b,B2b_oneParamInt,jPET,100.00,C,2,run-02-30sec,100
B2b,B2b_twoParamsBoolean,jPET,100.00,C,3,run-02-30sec,101
B2b,B2b_twoParamsInt,jPET,100.00,C,3,run-02-30sec,101
B2c,B2c_missingBreaks,jPET,100.00,C,5,run-02-30sec,101
B2c,B2c_simple,jPET,100.00,C,5,run-02-30sec,100
B2c,B2c_withReturn,jPET,100.00,C,5,run-02-30sec,100
B2d,B2d_oneParamDouble,jPET,,N/A,,run-02-30sec,101
B2d,B2d_oneParamFloat,jPET,,N/A,,run-02-30sec,100
B2d,B2d_oneParamInt,jPET,100.00,C,2,run-02-30sec,100
B2d,B2d_oneParamIntNoSolution,jPET,50.00,C,1,run-02-30sec,101
B2d,B2d_quadraticDouble,jPET,,N/A,,run-02-30sec,100
B2d,B2d_quadraticDoubleNoSolution,jPET,,N/A,,run-02-30sec,100
B2d,B2d_quadraticFloat,jPET,,N/A,,run-02-30sec,100
B2d,B2d_quadraticFloatNoSolution,jPET,,N/A,,run-02-30sec,101
B2d,B2d_quadraticInt,jPET,100.00,C,4,run-02-30sec,101
B2d,B2d_quadraticIntNoSolution,jPET,,T/M,,run-02-30sec,30138
B2d,B2d_threeParamsDouble,jPET,,N/A,,run-02-30sec,101
B2d,B2d_threeParamsFloat,jPET,,N/A,,run-02-30sec,101
B2d,B2d_threeParamsInt,jPET,,T/M,,run-02-30sec,30181
B2d,B2d_threeParamsIntNoSolution,jPET,,T/M,,run-02-30sec,30127
B2d,B2d_twoParamsDouble,jPET,,N/A,,run-02-30sec,100
B2d,B2d_twoParamsFloat,jPET,,N/A,,run-02-30sec,101
B2d,B2d_twoParamsInt,jPET,100.00,C,3,run-02-30sec,101
B2d,B2d_twoParamsIntNoSolution,jPET,66.00,C,2,run-02-30sec,100
B3a,B3a_complex,jPET,78.00,C,165,run-02-30sec,1001
B3a,B3a_infinite,jPET,0.00,C,1,run-02-30sec,101
B3a,B3a_infiniteNotOptimalizable,jPET,0.00,C,1,run-02-30sec,101
B3a,B3a_nestedLoop,jPET,100.00,C,25,run-02-30sec,6936
B3a,B3a_nestedLoopWithLabel,jPET,100.00,C,28,run-02-30sec,6507
B3a,B3a_withConditionAndLimit,jPET,100.00,C,10,run-02-30sec,100
B3a,B3a_withConditionNoLimit,jPET,100.00,C,10,run-02-30sec,800
B3a,B3a_withContinueBreak,jPET,90.91,NC,10,run-02-30sec,101
B3a,B3a_withLimit,jPET,100.00,C,10,run-02-30sec,100
B3b,B3b_complex,jPET,75.00,C,165,run-02-30sec,1001
B3b,B3b_infinite,jPET,0.00,C,1,run-02-30sec,100
B3b,B3b_infiniteNotOptimalizable,jPET,0.00,C,1,run-02-30sec,100
B3b,B3b_nestedLoop,jPET,100.00,C,15,run-02-30sec,3504
B3b,B3b_nestedLoopWithLabel,jPET,100.00,C,20,run-02-30sec,4805
B3b,B3b_withConditionAndLimit,jPET,100.00,C,10,run-02-30sec,101
B3b,B3b_withConditionNoLimit,jPET,100.00,C,10,run-02-30sec,700
B3b,B3b_withContinueBreak,jPET,87.50,NC,10,run-02-30sec,100
B3b,B3b_withLimit,jPET,100.00,C,10,run-02-30sec,100
B3c,B3c_complex,jPET,78.00,C,175,run-02-30sec,1004
B3c,B3c_infinite,jPET,0.00,C,1,run-02-30sec,100
B3c,B3c_infiniteNotOptimalizable,jPET,0.00,C,1,run-02-30sec,100
B3c,B3c_nestedLoop,jPET,100.00,C,37,run-02-30sec,9308
B3c,B3c_nestedLoopWithLabel,jPET,100.00,C,42,run-02-30sec,10523
B3c,B3c_withConditionAndLimit,jPET,100.00,C,11,run-02-30sec,101
B3c,B3c_withConditionNoLimit,jPET,100.00,C,11,run-02-30sec,900
B3c,B3c_withContinueBreak,jPET,90.91,NC,10,run-02-30sec,100
B3c,B3c_withLimit,jPET,100.00,C,11,run-02-30sec,100
B4a,B4a_fromParams,jPET,100.00,C,4,run-02-30sec,100
B4a,B4a_fromParamsWithIndex,jPET,83.33,NC,5,run-02-30sec,101
B4a,B4a_guessLength,jPET,100.00,C,2,run-02-30sec,100
B4a,B4a_guessOneArray,jPET,100.00,C,5,run-02-30sec,100
B4a,B4a_guessOneArrayWithLength,jPET,100.00,C,5,run-02-30sec,101
B4a,B4a_indexParam,jPET,83.33,NC,3,run-02-30sec,100
B4a,B4a_iterateWithFor,jPET,100.00,C,17,run-02-30sec,200
B4a,B4a_iterateWithForeach,jPET,100.00,C,17,run-02-30sec,201
B4a,B4a_twoArrays,jPET,100.00,C,7,run-02-30sec,101
B4b,B4b_fromParams,jPET,100.00,C,4,run-02-30sec,100
B4b,B4b_fromParamsWithIndex,jPET,75.00,NC,3,run-02-30sec,100
B4b,B4b_guessLength,jPET,100.00,C,2,run-02-30sec,100
B4b,B4b_guessOneArray,jPET,100.00,C,4,run-02-30sec,101
B4b,B4b_guessOneArrayWithLength,jPET,100.00,C,5,run-02-30sec,101
B4b,B4b_indexParam,jPET,75.00,NC,1,run-02-30sec,101
B4b,B4b_iterateWithFor,jPET,100.00,C,17,run-02-30sec,200
B4b,B4b_iterateWithForeach,jPET,100.00,C,17,run-02-30sec,201
B4b,B4b_twoArrays,jPET,100.00,C,5,run-02-30sec,100
B5a1,B5a1_conditionalCall,jPET,100.00,C,8,run-02-30sec,101
B5a1,B5a1_simple,jPET,100.00,C,7,run-02-30sec,101
B5a1,B5a1_useReturnValue,jPET,100.00,C,7,run-02-30sec,101
B5a2,B5a2_conditionalCall,jPET,100.00,C,8,run-02-30sec,101
B5a2,B5a2_simple,jPET,100.00,C,7,run-02-30sec,101
B5a2,B5a2_useReturnValue,jPET,100.00,C,7,run-02-30sec,100
B5b1,B5b1_fibonacci,jPET,100.00,C,11,run-02-30sec,518
B5b1,B5b1_simple,jPET,100.00,C,10,run-02-30sec,201
B5b2,B5b2_fibonacci,jPET,100.00,C,11,run-02-30sec,400
B5b2,B5b2_simple,jPET,100.00,C,10,run-02-30sec,101
B6a,B6a_always,jPET,,N/A,,run-02-30sec,101
B6a,B6a_call,jPET,,N/A,,run-02-30sec,100
B6a,B6a_conditionalAndLoop,jPET,,N/A,,run-02-30sec,101
B6a,B6a_recursive,jPET,,N/A,,run-02-30sec,100
B6a,B6a_tryCatch,jPET,,N/A,,run-02-30sec,100
B6a,B6a_tryCatchFinally,jPET,,N/A,,run-02-30sec,101
B6b,B6b_always,jPET,100.00,C,1,run-02-30sec,100
B6b,B6b_call,jPET,100.00,C,7,run-02-30sec,100
B6b,B6b_conditionalAndLoop,jPET,100.00,C,12,run-02-30sec,100
B6b,B6b_recursive,jPET,100.00,C,10,run-02-30sec,201
B6b,B6b_tryCatch,jPET,100.00,C,7,run-02-30sec,100
B6b,B6b_tryCatchFinally,jPET,100.00,C,39,run-02-30sec,201
B6c,B6c_arithmeticException,jPET,100.00,C,2,run-02-30sec,101
B6c,B6c_arrayIndexOutOfBoundsException,jPET,66.67,NC,1,run-02-30sec,100
B6c,B6c_classCastException,jPET,,N/A,,run-02-30sec,100
B6c,B6c_illegalArgumentException,jPET,,N/A,,run-02-30sec,101
B6c,B6c_illegalStateException,jPET,100.00,C,2,run-02-30sec,101
B6c,B6c_indexOutOfBoundsException,jPET,,N/A,,run-02-30sec,101
B6c,B6c_nullPointerException,jPET,,N/A,,run-02-30sec,101
B6c,B6c_securityException,jPET,,N/A,,run-02-30sec,102
B6c,B6c_unsupportedOperationException,jPET,100.00,C,2,run-02-30sec,101
S1,S1_returnStructure,jPET,100.00,C,2,run-02-30sec,101
S1,S1_returnStructureParams,jPET,100.00,C,1,run-02-30sec,100
S1,S1_useStructure,jPET,100.00,C,2,run-02-30sec,101
S1,S1_useStructureParams,jPET,100.00,C,1,run-02-30sec,101
S2,S2_oneStructure,jPET,100.00,C,8,run-02-30sec,101
S2,S2_oneStructureParams,jPET,100.00,C,7,run-02-30sec,100
S2,S2_twoStructures,jPET,100.00,C,9,run-02-30sec,200
S2,S2_twoStructuresParams,jPET,100.00,C,7,run-02-30sec,201
S3,S3_arrayOfStructures,jPET,100.00,C,2047,run-02-30sec,23300
S3,S3_arrayOfStructuresParams,jPET,100.00,C,1026,run-02-30sec,22934
S3,S3_noLimit,jPET,,T/M,,run-02-30sec,30125
S3,S3_noLimitParams,jPET,,T/M,,run-02-30sec,30116
S3,S3_withLimit,jPET,,T/M,,run-02-30sec,30131
S3,S3_withLimitParams,jPET,,T/M,,run-02-30sec,30112
S4,S4_guess,jPET,100.00,C,12,run-02-30sec,100
S4,S4_guessCoordinates,jPET,100.00,C,11,run-02-30sec,201
S4,S4_guessParams,jPET,100.00,C,9,run-02-30sec,200
O1,O1_fullCoverage,jPET,100.00,C,13,run-02-30sec,201
O1,O1_guessImpossibleObject,jPET,66.00,C,4,run-02-30sec,201
O1,O1_guessImpossibleOperationCount,jPET,85.00,C,21,run-02-30sec,301
O1,O1_guessImpossibleOperationCountParams,jPET,83.00,C,10,run-02-30sec,201
O1,O1_guessImpossibleResult,jPET,90.00,C,17,run-02-30sec,201
O1,O1_guessImpossibleResultAndOperationCount,jPET,,T/M,,run-02-30sec,30124
O1,O1_guessImpossibleResultAndOperationCountParams,jPET,75.00,C,25,run-02-30sec,301
O1,O1_guessImpossibleResultParams,jPET,91.67,C,8,run-02-30sec,201
O1,O1_guessObject,jPET,100.00,C,4,run-02-30sec,101
O1,O1_guessOperationCount,jPET,100.00,C,21,run-02-30sec,301
O1,O1_guessOperationCountParams,jPET,100.00,C,10,run-02-30sec,201
O1,O1_guessResult,jPET,100.00,C,17,run-02-30sec,201
O1,O1_guessResultAndOperationCount,jPET,,T/M,,run-02-30sec,30125
O1,O1_guessResultAndOperationCountParams,jPET,100.00,C,25,run-02-30sec,301
O1,O1_guessResultParams,jPET,100.00,C,16,run-02-30sec,201
O1,O1_oneOperationNoCheck,jPET,100.00,C,3,run-02-30sec,101
O1,O1_oneOperationParams,jPET,100.00,C,2,run-02-30sec,101
O1,O1_oneOperationWithCheck,jPET,100.00,C,3,run-02-30sec,100
O1,O1_twoOperationsParams,jPET,100.00,C,4,run-02-30sec,100
O1,O1_twoOperationsWithCheck,jPET,100.00,C,5,run-02-30sec,101
O1,O1_twoOperationsWithNocheck,jPET,100.00,C,5,run-02-30sec,101
O2,O2_guessResult,jPET,100.00,C,18,run-02-30sec,201
O2,O2_guessResultParams,jPET,100.00,C,16,run-02-30sec,200
O3a,O3a_guessResult,jPET,,N/A,,run-02-30sec,101
O3a,O3a_guessResultParams,jPET,100.00,C,16,run-02-30sec,200
O3b,O3b_guess,jPET,33.33,NC,1,run-02-30sec,100
O3b,O3b_guessImpossible,jPET,33.33,NC,1,run-02-30sec,100
O3b,O3b_validate,jPET,33.33,NC,1,run-02-30sec,100
O3c,O3c_guess,jPET,,N/A,,run-02-30sec,100
O3c,O3c_guessImpossible,jPET,,N/A,,run-02-30sec,101
O3c,O3c_validate,jPET,,N/A,,run-02-30sec,100
O4,O4_guessImpossible,jPET,11.76,NC,17,run-02-30sec,201
O4,O4_guessImpossibleParams,jPET,87.50,C,8,run-02-30sec,201
O4,O4_guessResult,jPET,11.76,NC,17,run-02-30sec,200
O4,O4_guessResultParams,jPET,93.75,C,15,run-02-30sec,200
G1,G1_guessType,jPET,80.00,C,5,run-02-30sec,100
G1,G1_guessTypeAndUse,jPET,,N/A,,run-02-30sec,101
G1,G1_guessTypeWithExtends,jPET,60.00,C,5,run-02-30sec,101
G1,G1_guessTypeWithExtendsAndUse,jPET,,N/A,,run-02-30sec,100
G2,G2_guessDescendant,jPET,0.00,NC,1,run-02-30sec,204
G2,G2_guessImpossible,jPET,,N/A,,run-02-30sec,100
G2,G2_guessInteger,jPET,,N/A,,run-02-30sec,105
G2,G2_guessIntegerNoHelp,jPET,,N/A,,run-02-30sec,200
G2,G2_guessSafe,jPET,50.00,C,2,run-02-30sec,100
G2,G2_guessSafeNoHelp,jPET,50.00,C,4,run-02-30sec,200
L1,L1_abs,jPET,,N/A,,run-02-30sec,100
L1,L1_absImpossible,jPET,,N/A,,run-02-30sec,100
L1,L1_cbrt,jPET,75.00,NC,1,run-02-30sec,101
L1,L1_cos,jPET,,N/A,,run-02-30sec,101
L1,L1_cosImpossible,jPET,,N/A,,run-02-30sec,200
L1,L1_log10GuessArgument,jPET,75.00,NC,1,run-02-30sec,100
L1,L1_logGuessArgument,jPET,,N/A,,run-02-30sec,101
L1,L1_logGuessBase,jPET,,N/A,,run-02-30sec,100
L1,L1_logGuessBaseAndArgument,jPET,,N/A,,run-02-30sec,101
L1,L1_minMax,jPET,,N/A,,run-02-30sec,101
L1,L1_minMaxImpossible,jPET,,N/A,,run-02-30sec,200
L1,L1_minMaxWithOrder,jPET,,N/A,,run-02-30sec,100
L1,L1_powGuessBase,jPET,,N/A,,run-02-30sec,101
L1,L1_powGuessBaseAndExponent,jPET,,N/A,,run-02-30sec,101
L1,L1_powGuessExponent,jPET,,N/A,,run-02-30sec,100
L1,L1_sin,jPET,,N/A,,run-02-30sec,100
L1,L1_sinImpossible,jPET,,N/A,,run-02-30sec,100
L1,L1_sqrt,jPET,,N/A,,run-02-30sec,101
L1,L1_sqrtImpossible,jPET,,N/A,,run-02-30sec,100
L1,L1_tan,jPET,,N/A,,run-02-30sec,204
L2,L2_add,jPET,,N/A,,run-02-30sec,100
L2,L2_addWithCondition,jPET,,N/A,,run-02-30sec,100
L2,L2_charAt,jPET,,N/A,,run-02-30sec,101
L2,L2_compareTo,jPET,,N/A,,run-02-30sec,101
L2,L2_compareToIgnoreCase,jPET,,N/A,,run-02-30sec,101
L2,L2_equality,jPET,,N/A,,run-02-30sec,100
L2,L2_equalityIgnoreCase,jPET,,N/A,,run-02-30sec,100
L2,L2_indexOf,jPET,,N/A,,run-02-30sec,101
L2,L2_length,jPET,,N/A,,run-02-30sec,100
L2,L2_regionEquality,jPET,,N/A,,run-02-30sec,100
L2,L2_startsEnds,jPET,,N/A,,run-02-30sec,101
L2,L2_substring,jPET,,N/A,,run-02-30sec,100
L2,L2_switchString,jPET,,N/A,,run-02-30sec,101
L3,L3_guessDouble,jPET,,N/A,,run-02-30sec,101
L3,L3_guessInteger,jPET,,N/A,,run-02-30sec,101
L3,L3_integerOverflow,jPET,,N/A,,run-02-30sec,100
L4,L4_guessElementAndIndex,jPET,,N/A,,run-02-30sec,100
L4,L4_guessElements,jPET,,N/A,,run-02-30sec,101
L4,L4_guessGenericListWithElement,jPET,,N/A,,run-02-30sec,101
L4,L4_guessGenericListWithSize,jPET,,N/A,,run-02-30sec,100
L4,L4_guessGenericVectorWithElement,jPET,,N/A,,run-02-30sec,101
L4,L4_guessGenericVectorWithSize,jPET,,N/A,,run-02-30sec,100
L4,L4_guessIndices,jPET,,N/A,,run-02-30sec,100
L4,L4_guessListWithSize,jPET,,N/A,,run-02-30sec,100
L4,L4_guessSize,jPET,,N/A,,run-02-30sec,101
L4,L4_guessSizeAndElements,jPET,,N/A,,run-02-30sec,101
L4,L4_guessVectorWithSize,jPET,,N/A,,run-02-30sec,101
LO,LO_associatesAPIGuessDate,jPET,,N/A,,run-02-30sec,101
LO,LO_associatesAPIGuessValidDateFormat,jPET,,N/A,,run-02-30sec,101
LO,LO_guessUUID,jPET,,N/A,,run-02-30sec,100
LO,LO_guessValidUUID,jPET,,N/A,,run-02-30sec,100
LO,LO_inheritsAPIGuessOneObject,jPET,75.00,C,4,run-02-30sec,100
LO,LO_inheritsAPIGuessOnePrimitive,jPET,,N/A,,run-02-30sec,100
LO,LO_inheritsAPIGuessTwoObjects,jPET,,N/A,,run-02-30sec,101
LO,LO_inheritsAPIGuessTwoPrimitives,jPET,,N/A,,run-02-30sec,100
LO,LO_regexCaseInsensitive,jPET,,N/A,,run-02-30sec,100
LO,LO_regexCaseSensitive,jPET,,N/A,,run-02-30sec,100
Others,Others_guess,jPET,100.00,C,5,run-02-30sec,101
Others,Others_guessEnum,jPET,18.18,NC,1,run-02-30sec,100
Others,Others_guessEnumOrdinal,jPET,,EX,,run-02-30sec,100
Others,Others_guessEnumString,jPET,,EX,,run-02-30sec,100
Others,Others_guessWithLength,jPET,100.00,C,5,run-02-30sec,100
Others,Others_iterateWithFor,jPET,100.00,C,17,run-02-30sec,200
Others,Others_iterateWithForeach,jPET,100.00,C,17,run-02-30sec,200
Others,Others_minMax,jPET,,N/A,,run-02-30sec,100
Others,Others_minMaxImpossible,jPET,,N/A,,run-02-30sec,100
Others,Others_minMaxWithOrder,jPET,,N/A,,run-02-30sec,101
Others,Others_switchEnum,jPET,,EX,,run-02-30sec,100
Others,Others_test,jPET,100.00,C,2,run-02-30sec,101
B1a,B1a_oneParamBoolean,jPET,100.00,C,2,run-03-30sec,100
B1a,B1a_oneParamByte,jPET,,N/A,,run-03-30sec,101
B1a,B1a_oneParamChar,jPET,,N/A,,run-03-30sec,100
B1a,B1a_oneParamDouble,jPET,100.00,C,1,run-03-30sec,100
B1a,B1a_oneParamFloat,jPET,100.00,C,1,run-03-30sec,101
B1a,B1a_oneParamInt,jPET,100.00,C,1,run-03-30sec,101
B1a,B1a_oneParamLong,jPET,100.00,C,1,run-03-30sec,101
B1a,B1a_oneParamShort,jPET,,N/A,,run-03-30sec,100
B1a,B1a_twoParamBoolean,jPET,,N/A,,run-03-30sec,100
B1a,B1a_twoParamByte,jPET,,N/A,,run-03-30sec,100
B1a,B1a_twoParamChar,jPET,,N/A,,run-03-30sec,100
B1a,B1a_twoParamDouble,jPET,100.00,C,1,run-03-30sec,100
B1a,B1a_twoParamFloat,jPET,100.00,C,1,run-03-30sec,100
B1a,B1a_twoParamInt,jPET,100.00,C,1,run-03-30sec,100
B1a,B1a_twoParamLong,jPET,100.00,C,1,run-03-30sec,101
B1a,B1a_twoParamShort,jPET,,N/A,,run-03-30sec,100
B1b,B1b_constBoolean,jPET,100.00,C,1,run-03-30sec,100
B1b,B1b_constByte,jPET,100.00,C,1,run-03-30sec,100
B1b,B1b_constChar,jPET,100.00,C,1,run-03-30sec,100
B1b,B1b_constDouble,jPET,100.00,C,1,run-03-30sec,101
B1b,B1b_constFloat,jPET,100.00,C,1,run-03-30sec,101
B1b,B1b_constInt,jPET,100.00,C,1,run-03-30sec,101
B1b,B1b_constLong,jPET,100.00,C,1,run-03-30sec,100
B1b,B1b_constShort,jPET,100.00,C,1,run-03-30sec,101
B1c,B1c_add,jPET,100.00,C,1,run-03-30sec,100
B1c,B1c_addAssignment,jPET,100.00,C,1,run-03-30sec,101
B1c,B1c_divide,jPET,100.00,C,2,run-03-30sec,100
B1c,B1c_divideAssignment,jPET,100.00,C,2,run-03-30sec,100
B1c,B1c_modulo,jPET,100.00,C,2,run-03-30sec,101
B1c,B1c_moduloAssignment,jPET,100.00,C,2,run-03-30sec,101
B1c,B1c_multiply,jPET,100.00,C,1,run-03-30sec,100
B1c,B1c_multiplyAssignment,jPET,100.00,C,1,run-03-30sec,101
B1c,B1c_postfixMinusMinus,jPET,100.00,C,1,run-03-30sec,100
B1c,B1c_postfixPlusplus,jPET,100.00,C,1,run-03-30sec,101
B1c,B1c_substract,jPET,100.00,C,1,run-03-30sec,101
B1c,B1c_substractAssignment,jPET,100.00,C,1,run-03-30sec,100
B1c,B1c_unaryMinus,jPET,100.00,C,1,run-03-30sec,100
B1c,B1c_unaryMinusMinus,jPET,100.00,C,1,run-03-30sec,100
B1c,B1c_unaryPlus,jPET,100.00,C,1,run-03-30sec,101
B1c,B1c_unaryPlusPlus,jPET,100.00,C,1,run-03-30sec,101
B1d,B1d_and,jPET,100.00,C,3,run-03-30sec,101
B1d,B1d_equal,jPET,100.00,C,2,run-03-30sec,101
B1d,B1d_greater,jPET,100.00,C,2,run-03-30sec,100
B1d,B1d_greaterOrEqual,jPET,100.00,C,2,run-03-30sec,100
B1d,B1d_negate,jPET,100.00,C,2,run-03-30sec,100
B1d,B1d_notEqual,jPET,100.00,C,2,run-03-30sec,100
B1d,B1d_or,jPET,100.00,C,3,run-03-30sec,101
B1d,B1d_smaller,jPET,100.00,C,2,run-03-30sec,101
B1d,B1d_smallerOrEqual,jPET,100.00,C,2,run-03-30sec,101
B1e,B1e_and,jPET,,N/A,,run-03-30sec,100
B1e,B1e_andAssignment,jPET,,N/A,,run-03-30sec,100
B1e,B1e_negate,jPET,,N/A,,run-03-30sec,101
B1e,B1e_or,jPET,,N/A,,run-03-30sec,101
B1e,B1e_orAssignment,jPET,,N/A,,run-03-30sec,100
B1e,B1e_shiftLeft,jPET,,N/A,,run-03-30sec,100
B1e,B1e_shiftLeftAssignment,jPET,,N/A,,run-03-30sec,100
B1e,B1e_shiftRight,jPET,,N/A,,run-03-30sec,100
B1e,B1e_shiftRightAssignment,jPET,,N/A,,run-03-30sec,101
B1e,B1e_shiftRightUnsigned,jPET,,N/A,,run-03-30sec,100
B1e,B1e_shiftRightUnsignedAssignment,jPET,,N/A,,run-03-30sec,100
B1e,B1e_xor,jPET,,N/A,,run-03-30sec,100
B1e,B1e_xorAssignment,jPET,,N/A,,run-03-30sec,101
B2a,B2a_oneParamBoolean,jPET,100.00,C,2,run-03-30sec,101
B2a,B2a_oneParamDouble,jPET,,N/A,,run-03-30sec,100
B2a,B2a_oneParamInt,jPET,100.00,C,4,run-03-30sec,101
B2a,B2a_twoParamsBoolean,jPET,66.67,C,4,run-03-30sec,100
B2a,B2a_twoParamsDouble,jPET,66.67,C,7,run-03-30sec,100
B2a,B2a_twoParamsInt,jPET,66.67,C,7,run-03-30sec,100
B2b,B2b_oneParamBoolean,jPET,100.00,C,2,run-03-30sec,100
B2b,B2b_oneParamInt,jPET,100.00,C,2,run-03-30sec,100
B2b,B2b_twoParamsBoolean,jPET,100.00,C,3,run-03-30sec,100
B2b,B2b_twoParamsInt,jPET,100.00,C,3,run-03-30sec,101
B2c,B2c_missingBreaks,jPET,100.00,C,5,run-03-30sec,101
B2c,B2c_simple,jPET,100.00,C,5,run-03-30sec,100
B2c,B2c_withReturn,jPET,100.00,C,5,run-03-30sec,100
B2d,B2d_oneParamDouble,jPET,,N/A,,run-03-30sec,101
B2d,B2d_oneParamFloat,jPET,,N/A,,run-03-30sec,101
B2d,B2d_oneParamInt,jPET,100.00,C,2,run-03-30sec,100
B2d,B2d_oneParamIntNoSolution,jPET,50.00,C,1,run-03-30sec,100
B2d,B2d_quadraticDouble,jPET,,N/A,,run-03-30sec,101
B2d,B2d_quadraticDoubleNoSolution,jPET,,N/A,,run-03-30sec,101
B2d,B2d_quadraticFloat,jPET,,N/A,,run-03-30sec,101
B2d,B2d_quadraticFloatNoSolution,jPET,,N/A,,run-03-30sec,101
B2d,B2d_quadraticInt,jPET,100.00,C,4,run-03-30sec,100
B2d,B2d_quadraticIntNoSolution,jPET,,T/M,,run-03-30sec,30125
B2d,B2d_threeParamsDouble,jPET,,N/A,,run-03-30sec,101
B2d,B2d_threeParamsFloat,jPET,,N/A,,run-03-30sec,101
B2d,B2d_threeParamsInt,jPET,,T/M,,run-03-30sec,30110
B2d,B2d_threeParamsIntNoSolution,jPET,,T/M,,run-03-30sec,30125
B2d,B2d_twoParamsDouble,jPET,,N/A,,run-03-30sec,101
B2d,B2d_twoParamsFloat,jPET,,N/A,,run-03-30sec,100
B2d,B2d_twoParamsInt,jPET,100.00,C,3,run-03-30sec,101
B2d,B2d_twoParamsIntNoSolution,jPET,66.00,C,2,run-03-30sec,100
B3a,B3a_complex,jPET,78.00,C,165,run-03-30sec,1002
B3a,B3a_infinite,jPET,0.00,C,1,run-03-30sec,101
B3a,B3a_infiniteNotOptimalizable,jPET,0.00,C,1,run-03-30sec,101
B3a,B3a_nestedLoop,jPET,100.00,C,25,run-03-30sec,5906
B3a,B3a_nestedLoopWithLabel,jPET,100.00,C,28,run-03-30sec,6606
B3a,B3a_withConditionAndLimit,jPET,100.00,C,10,run-03-30sec,100
B3a,B3a_withConditionNoLimit,jPET,100.00,C,10,run-03-30sec,800
B3a,B3a_withContinueBreak,jPET,90.91,NC,10,run-03-30sec,100
B3a,B3a_withLimit,jPET,100.00,C,10,run-03-30sec,100
B3b,B3b_complex,jPET,75.00,C,165,run-03-30sec,1001
B3b,B3b_infinite,jPET,0.00,C,1,run-03-30sec,101
B3b,B3b_infiniteNotOptimalizable,jPET,0.00,C,1,run-03-30sec,100
B3b,B3b_nestedLoop,jPET,100.00,C,15,run-03-30sec,3503
B3b,B3b_nestedLoopWithLabel,jPET,100.00,C,20,run-03-30sec,4704
B3b,B3b_withConditionAndLimit,jPET,100.00,C,10,run-03-30sec,100
B3b,B3b_withConditionNoLimit,jPET,100.00,C,10,run-03-30sec,701
B3b,B3b_withContinueBreak,jPET,87.50,NC,10,run-03-30sec,101
B3b,B3b_withLimit,jPET,100.00,C,10,run-03-30sec,100
B3c,B3c_complex,jPET,78.00,C,175,run-03-30sec,1001
B3c,B3c_infinite,jPET,0.00,C,1,run-03-30sec,100
B3c,B3c_infiniteNotOptimalizable,jPET,0.00,C,1,run-03-30sec,100
B3c,B3c_nestedLoop,jPET,100.00,C,37,run-03-30sec,9310
B3c,B3c_nestedLoopWithLabel,jPET,100.00,C,42,run-03-30sec,10410
B3c,B3c_withConditionAndLimit,jPET,100.00,C,11,run-03-30sec,100
B3c,B3c_withConditionNoLimit,jPET,100.00,C,11,run-03-30sec,800
B3c,B3c_withContinueBreak,jPET,90.91,NC,10,run-03-30sec,101
B3c,B3c_withLimit,jPET,100.00,C,11,run-03-30sec,101
B4a,B4a_fromParams,jPET,100.00,C,4,run-03-30sec,101
B4a,B4a_fromParamsWithIndex,jPET,83.33,NC,5,run-03-30sec,101
B4a,B4a_guessLength,jPET,100.00,C,2,run-03-30sec,100
B4a,B4a_guessOneArray,jPET,100.00,C,5,run-03-30sec,100
B4a,B4a_guessOneArrayWithLength,jPET,100.00,C,5,run-03-30sec,101
B4a,B4a_indexParam,jPET,83.33,NC,3,run-03-30sec,100
B4a,B4a_iterateWithFor,jPET,100.00,C,17,run-03-30sec,200
B4a,B4a_iterateWithForeach,jPET,100.00,C,17,run-03-30sec,200
B4a,B4a_twoArrays,jPET,100.00,C,7,run-03-30sec,101
B4b,B4b_fromParams,jPET,100.00,C,4,run-03-30sec,101
B4b,B4b_fromParamsWithIndex,jPET,75.00,NC,3,run-03-30sec,130
B4b,B4b_guessLength,jPET,100.00,C,2,run-03-30sec,100
B4b,B4b_guessOneArray,jPET,100.00,C,4,run-03-30sec,100
B4b,B4b_guessOneArrayWithLength,jPET,100.00,C,5,run-03-30sec,101
B4b,B4b_indexParam,jPET,75.00,NC,1,run-03-30sec,100
B4b,B4b_iterateWithFor,jPET,100.00,C,17,run-03-30sec,200
B4b,B4b_iterateWithForeach,jPET,100.00,C,17,run-03-30sec,201
B4b,B4b_twoArrays,jPET,100.00,C,5,run-03-30sec,100
B5a1,B5a1_conditionalCall,jPET,100.00,C,8,run-03-30sec,101
B5a1,B5a1_simple,jPET,100.00,C,7,run-03-30sec,101
B5a1,B5a1_useReturnValue,jPET,100.00,C,7,run-03-30sec,100
B5a2,B5a2_conditionalCall,jPET,100.00,C,8,run-03-30sec,101
B5a2,B5a2_simple,jPET,100.00,C,7,run-03-30sec,101
B5a2,B5a2_useReturnValue,jPET,100.00,C,7,run-03-30sec,101
B5b1,B5b1_fibonacci,jPET,100.00,C,11,run-03-30sec,500
B5b1,B5b1_simple,jPET,100.00,C,10,run-03-30sec,201
B5b2,B5b2_fibonacci,jPET,100.00,C,11,run-03-30sec,401
B5b2,B5b2_simple,jPET,100.00,C,10,run-03-30sec,101
B6a,B6a_always,jPET,,N/A,,run-03-30sec,101
B6a,B6a_call,jPET,,N/A,,run-03-30sec,100
B6a,B6a_conditionalAndLoop,jPET,,N/A,,run-03-30sec,101
B6a,B6a_recursive,jPET,,N/A,,run-03-30sec,101
B6a,B6a_tryCatch,jPET,,N/A,,run-03-30sec,101
B6a,B6a_tryCatchFinally,jPET,,N/A,,run-03-30sec,101
B6b,B6b_always,jPET,100.00,C,1,run-03-30sec,101
B6b,B6b_call,jPET,100.00,C,7,run-03-30sec,101
B6b,B6b_conditionalAndLoop,jPET,100.00,C,12,run-03-30sec,201
B6b,B6b_recursive,jPET,100.00,C,10,run-03-30sec,200
B6b,B6b_tryCatch,jPET,100.00,C,7,run-03-30sec,101
B6b,B6b_tryCatchFinally,jPET,100.00,C,39,run-03-30sec,201
B6c,B6c_arithmeticException,jPET,100.00,C,2,run-03-30sec,100
B6c,B6c_arrayIndexOutOfBoundsException,jPET,66.67,NC,1,run-03-30sec,101
B6c,B6c_classCastException,jPET,,N/A,,run-03-30sec,100
B6c,B6c_illegalArgumentException,jPET,,N/A,,run-03-30sec,101
B6c,B6c_illegalStateException,jPET,100.00,C,2,run-03-30sec,101
B6c,B6c_indexOutOfBoundsException,jPET,,N/A,,run-03-30sec,101
B6c,B6c_nullPointerException,jPET,,N/A,,run-03-30sec,100
B6c,B6c_securityException,jPET,,N/A,,run-03-30sec,100
B6c,B6c_unsupportedOperationException,jPET,100.00,C,2,run-03-30sec,101
S1,S1_returnStructure,jPET,100.00,C,2,run-03-30sec,101
S1,S1_returnStructureParams,jPET,100.00,C,1,run-03-30sec,100
S1,S1_useStructure,jPET,100.00,C,2,run-03-30sec,101
S1,S1_useStructureParams,jPET,100.00,C,1,run-03-30sec,101
S2,S2_oneStructure,jPET,100.00,C,8,run-03-30sec,101
S2,S2_oneStructureParams,jPET,100.00,C,7,run-03-30sec,101
S2,S2_twoStructures,jPET,100.00,C,9,run-03-30sec,201
S2,S2_twoStructuresParams,jPET,100.00,C,7,run-03-30sec,201
S3,S3_arrayOfStructures,jPET,100.00,C,2047,run-03-30sec,24273
S3,S3_arrayOfStructuresParams,jPET,100.00,C,1026,run-03-30sec,22839
S3,S3_noLimit,jPET,,T/M,,run-03-30sec,30174
S3,S3_noLimitParams,jPET,,T/M,,run-03-30sec,30101
S3,S3_withLimit,jPET,,T/M,,run-03-30sec,30125
S3,S3_withLimitParams,jPET,,T/M,,run-03-30sec,30185
S4,S4_guess,jPET,100.00,C,12,run-03-30sec,101
S4,S4_guessCoordinates,jPET,100.00,C,11,run-03-30sec,201
S4,S4_guessParams,jPET,100.00,C,9,run-03-30sec,200
O1,O1_fullCoverage,jPET,100.00,C,13,run-03-30sec,201
O1,O1_guessImpossibleObject,jPET,66.00,C,4,run-03-30sec,101
O1,O1_guessImpossibleOperationCount,jPET,85.00,C,21,run-03-30sec,301
O1,O1_guessImpossibleOperationCountParams,jPET,83.00,C,10,run-03-30sec,200
O1,O1_guessImpossibleResult,jPET,90.00,C,17,run-03-30sec,200
O1,O1_guessImpossibleResultAndOperationCount,jPET,,T/M,,run-03-30sec,30133
O1,O1_guessImpossibleResultAndOperationCountParams,jPET,75.00,C,25,run-03-30sec,300
O1,O1_guessImpossibleResultParams,jPET,91.67,C,8,run-03-30sec,201
O1,O1_guessObject,jPET,100.00,C,4,run-03-30sec,100
O1,O1_guessOperationCount,jPET,100.00,C,21,run-03-30sec,301
O1,O1_guessOperationCountParams,jPET,100.00,C,10,run-03-30sec,200
O1,O1_guessResult,jPET,100.00,C,17,run-03-30sec,201
O1,O1_guessResultAndOperationCount,jPET,,T/M,,run-03-30sec,30124
O1,O1_guessResultAndOperationCountParams,jPET,100.00,C,25,run-03-30sec,301
O1,O1_guessResultParams,jPET,100.00,C,16,run-03-30sec,201
O1,O1_oneOperationNoCheck,jPET,100.00,C,3,run-03-30sec,100
O1,O1_oneOperationParams,jPET,100.00,C,2,run-03-30sec,100
O1,O1_oneOperationWithCheck,jPET,100.00,C,3,run-03-30sec,100
O1,O1_twoOperationsParams,jPET,100.00,C,4,run-03-30sec,101
O1,O1_twoOperationsWithCheck,jPET,100.00,C,5,run-03-30sec,101
O1,O1_twoOperationsWithNocheck,jPET,100.00,C,5,run-03-30sec,101
O2,O2_guessResult,jPET,100.00,C,18,run-03-30sec,201
O2,O2_guessResultParams,jPET,100.00,C,16,run-03-30sec,200
O3a,O3a_guessResult,jPET,,N/A,,run-03-30sec,101
O3a,O3a_guessResultParams,jPET,100.00,C,16,run-03-30sec,200
O3b,O3b_guess,jPET,33.33,NC,1,run-03-30sec,100
O3b,O3b_guessImpossible,jPET,33.33,NC,1,run-03-30sec,100
O3b,O3b_validate,jPET,33.33,NC,1,run-03-30sec,100
O3c,O3c_guess,jPET,,N/A,,run-03-30sec,100
O3c,O3c_guessImpossible,jPET,,N/A,,run-03-30sec,100
O3c,O3c_validate,jPET,,N/A,,run-03-30sec,101
O4,O4_guessImpossible,jPET,11.76,NC,17,run-03-30sec,200
O4,O4_guessImpossibleParams,jPET,87.50,C,8,run-03-30sec,201
O4,O4_guessResult,jPET,11.76,NC,17,run-03-30sec,201
O4,O4_guessResultParams,jPET,93.75,C,15,run-03-30sec,200
G1,G1_guessType,jPET,80.00,C,5,run-03-30sec,101
G1,G1_guessTypeAndUse,jPET,,N/A,,run-03-30sec,101
G1,G1_guessTypeWithExtends,jPET,60.00,C,5,run-03-30sec,101
G1,G1_guessTypeWithExtendsAndUse,jPET,,N/A,,run-03-30sec,100
G2,G2_guessDescendant,jPET,0.00,NC,1,run-03-30sec,101
G2,G2_guessImpossible,jPET,,N/A,,run-03-30sec,101
G2,G2_guessInteger,jPET,,N/A,,run-03-30sec,101
G2,G2_guessIntegerNoHelp,jPET,,N/A,,run-03-30sec,101
G2,G2_guessSafe,jPET,50.00,C,2,run-03-30sec,101
G2,G2_guessSafeNoHelp,jPET,50.00,C,4,run-03-30sec,100
L1,L1_abs,jPET,,N/A,,run-03-30sec,101
L1,L1_absImpossible,jPET,,N/A,,run-03-30sec,101
L1,L1_cbrt,jPET,75.00,NC,1,run-03-30sec,101
L1,L1_cos,jPET,,N/A,,run-03-30sec,101
L1,L1_cosImpossible,jPET,,N/A,,run-03-30sec,100
L1,L1_log10GuessArgument,jPET,75.00,NC,1,run-03-30sec,100
L1,L1_logGuessArgument,jPET,,N/A,,run-03-30sec,100
L1,L1_logGuessBase,jPET,,N/A,,run-03-30sec,101
L1,L1_logGuessBaseAndArgument,jPET,,N/A,,run-03-30sec,100
L1,L1_minMax,jPET,,N/A,,run-03-30sec,100
L1,L1_minMaxImpossible,jPET,,N/A,,run-03-30sec,101
L1,L1_minMaxWithOrder,jPET,,N/A,,run-03-30sec,101
L1,L1_powGuessBase,jPET,,N/A,,run-03-30sec,101
L1,L1_powGuessBaseAndExponent,jPET,,N/A,,run-03-30sec,101
L1,L1_powGuessExponent,jPET,,N/A,,run-03-30sec,101
L1,L1_sin,jPET,,N/A,,run-03-30sec,101
L1,L1_sinImpossible,jPET,,N/A,,run-03-30sec,100
L1,L1_sqrt,jPET,,N/A,,run-03-30sec,101
L1,L1_sqrtImpossible,jPET,,N/A,,run-03-30sec,100
L1,L1_tan,jPET,,N/A,,run-03-30sec,100
L2,L2_add,jPET,,N/A,,run-03-30sec,100
L2,L2_addWithCondition,jPET,,N/A,,run-03-30sec,101
L2,L2_charAt,jPET,,N/A,,run-03-30sec,100
L2,L2_compareTo,jPET,,N/A,,run-03-30sec,101
L2,L2_compareToIgnoreCase,jPET,,N/A,,run-03-30sec,100
L2,L2_equality,jPET,,N/A,,run-03-30sec,100
L2,L2_equalityIgnoreCase,jPET,,N/A,,run-03-30sec,100
L2,L2_indexOf,jPET,,N/A,,run-03-30sec,100
L2,L2_length,jPET,,N/A,,run-03-30sec,100
L2,L2_regionEquality,jPET,,N/A,,run-03-30sec,101
L2,L2_startsEnds,jPET,,N/A,,run-03-30sec,101
L2,L2_substring,jPET,,N/A,,run-03-30sec,100
L2,L2_switchString,jPET,,N/A,,run-03-30sec,100
L3,L3_guessDouble,jPET,,N/A,,run-03-30sec,100
L3,L3_guessInteger,jPET,,N/A,,run-03-30sec,100
L3,L3_integerOverflow,jPET,,N/A,,run-03-30sec,100
L4,L4_guessElementAndIndex,jPET,,N/A,,run-03-30sec,100
L4,L4_guessElements,jPET,,N/A,,run-03-30sec,100
L4,L4_guessGenericListWithElement,jPET,,N/A,,run-03-30sec,101
L4,L4_guessGenericListWithSize,jPET,,N/A,,run-03-30sec,100
L4,L4_guessGenericVectorWithElement,jPET,,N/A,,run-03-30sec,100
L4,L4_guessGenericVectorWithSize,jPET,,N/A,,run-03-30sec,101
L4,L4_guessIndices,jPET,,N/A,,run-03-30sec,100
L4,L4_guessListWithSize,jPET,,N/A,,run-03-30sec,100
L4,L4_guessSize,jPET,,N/A,,run-03-30sec,100
L4,L4_guessSizeAndElements,jPET,,N/A,,run-03-30sec,101
L4,L4_guessVectorWithSize,jPET,,N/A,,run-03-30sec,100
LO,LO_associatesAPIGuessDate,jPET,,N/A,,run-03-30sec,100
LO,LO_associatesAPIGuessValidDateFormat,jPET,,N/A,,run-03-30sec,101
LO,LO_guessUUID,jPET,,N/A,,run-03-30sec,100
LO,LO_guessValidUUID,jPET,,N/A,,run-03-30sec,100
LO,LO_inheritsAPIGuessOneObject,jPET,75.00,C,4,run-03-30sec,100
LO,LO_inheritsAPIGuessOnePrimitive,jPET,,N/A,,run-03-30sec,100
LO,LO_inheritsAPIGuessTwoObjects,jPET,,N/A,,run-03-30sec,100
LO,LO_inheritsAPIGuessTwoPrimitives,jPET,,N/A,,run-03-30sec,100
LO,LO_regexCaseInsensitive,jPET,,N/A,,run-03-30sec,100
LO,LO_regexCaseSensitive,jPET,,N/A,,run-03-30sec,100
Others,Others_guess,jPET,100.00,C,5,run-03-30sec,100
Others,Others_guessEnum,jPET,18.18,NC,1,run-03-30sec,100
Others,Others_guessEnumOrdinal,jPET,,EX,,run-03-30sec,100
Others,Others_guessEnumString,jPET,,EX,,run-03-30sec,100
Others,Others_guessWithLength,jPET,100.00,C,5,run-03-30sec,100
Others,Others_iterateWithFor,jPET,100.00,C,17,run-03-30sec,100
Others,Others_iterateWithForeach,jPET,100.00,C,17,run-03-30sec,200
Others,Others_minMax,jPET,,N/A,,run-03-30sec,100
Others,Others_minMaxImpossible,jPET,,N/A,,run-03-30sec,100
Others,Others_minMaxWithOrder,jPET,,N/A,,run-03-30sec,100
Others,Others_switchEnum,jPET,,EX,,run-03-30sec,100
Others,Others_test,jPET,100.00,C,2,run-03-30sec,101
B1a,B1a_oneParamBoolean,jPET,100.00,C,2,run-04-30sec,102
B1a,B1a_oneParamByte,jPET,,N/A,,run-04-30sec,101
B1a,B1a_oneParamChar,jPET,,N/A,,run-04-30sec,100
B1a,B1a_oneParamDouble,jPET,100.00,C,1,run-04-30sec,100
B1a,B1a_oneParamFloat,jPET,100.00,C,1,run-04-30sec,101
B1a,B1a_oneParamInt,jPET,100.00,C,1,run-04-30sec,100
B1a,B1a_oneParamLong,jPET,100.00,C,1,run-04-30sec,101
B1a,B1a_oneParamShort,jPET,,N/A,,run-04-30sec,101
B1a,B1a_twoParamBoolean,jPET,,N/A,,run-04-30sec,101
B1a,B1a_twoParamByte,jPET,,N/A,,run-04-30sec,101
B1a,B1a_twoParamChar,jPET,,N/A,,run-04-30sec,100
B1a,B1a_twoParamDouble,jPET,100.00,C,1,run-04-30sec,101
B1a,B1a_twoParamFloat,jPET,100.00,C,1,run-04-30sec,101
B1a,B1a_twoParamInt,jPET,100.00,C,1,run-04-30sec,100
B1a,B1a_twoParamLong,jPET,100.00,C,1,run-04-30sec,101
B1a,B1a_twoParamShort,jPET,,N/A,,run-04-30sec,100
B1b,B1b_constBoolean,jPET,100.00,C,1,run-04-30sec,100
B1b,B1b_constByte,jPET,100.00,C,1,run-04-30sec,101
B1b,B1b_constChar,jPET,100.00,C,1,run-04-30sec,101
B1b,B1b_constDouble,jPET,100.00,C,1,run-04-30sec,100
B1b,B1b_constFloat,jPET,100.00,C,1,run-04-30sec,100
B1b,B1b_constInt,jPET,100.00,C,1,run-04-30sec,101
B1b,B1b_constLong,jPET,100.00,C,1,run-04-30sec,100
B1b,B1b_constShort,jPET,100.00,C,1,run-04-30sec,101
B1c,B1c_add,jPET,100.00,C,1,run-04-30sec,100
B1c,B1c_addAssignment,jPET,100.00,C,1,run-04-30sec,101
B1c,B1c_divide,jPET,100.00,C,2,run-04-30sec,100
B1c,B1c_divideAssignment,jPET,100.00,C,2,run-04-30sec,100
B1c,B1c_modulo,jPET,100.00,C,2,run-04-30sec,101
B1c,B1c_moduloAssignment,jPET,100.00,C,2,run-04-30sec,101
B1c,B1c_multiply,jPET,100.00,C,1,run-04-30sec,101
B1c,B1c_multiplyAssignment,jPET,100.00,C,1,run-04-30sec,101
B1c,B1c_postfixMinusMinus,jPET,100.00,C,1,run-04-30sec,101
B1c,B1c_postfixPlusplus,jPET,100.00,C,1,run-04-30sec,100
B1c,B1c_substract,jPET,100.00,C,1,run-04-30sec,101
B1c,B1c_substractAssignment,jPET,100.00,C,1,run-04-30sec,101
B1c,B1c_unaryMinus,jPET,100.00,C,1,run-04-30sec,101
B1c,B1c_unaryMinusMinus,jPET,100.00,C,1,run-04-30sec,101
B1c,B1c_unaryPlus,jPET,100.00,C,1,run-04-30sec,100
B1c,B1c_unaryPlusPlus,jPET,100.00,C,1,run-04-30sec,100
B1d,B1d_and,jPET,100.00,C,3,run-04-30sec,101
B1d,B1d_equal,jPET,100.00,C,2,run-04-30sec,101
B1d,B1d_greater,jPET,100.00,C,2,run-04-30sec,101
B1d,B1d_greaterOrEqual,jPET,100.00,C,2,run-04-30sec,100
B1d,B1d_negate,jPET,100.00,C,2,run-04-30sec,100
B1d,B1d_notEqual,jPET,100.00,C,2,run-04-30sec,101
B1d,B1d_or,jPET,100.00,C,3,run-04-30sec,100
B1d,B1d_smaller,jPET,100.00,C,2,run-04-30sec,100
B1d,B1d_smallerOrEqual,jPET,100.00,C,2,run-04-30sec,100
B1e,B1e_and,jPET,,N/A,,run-04-30sec,100
B1e,B1e_andAssignment,jPET,,N/A,,run-04-30sec,101
B1e,B1e_negate,jPET,,N/A,,run-04-30sec,100
B1e,B1e_or,jPET,,N/A,,run-04-30sec,100
B1e,B1e_orAssignment,jPET,,N/A,,run-04-30sec,100
B1e,B1e_shiftLeft,jPET,,N/A,,run-04-30sec,101
B1e,B1e_shiftLeftAssignment,jPET,,N/A,,run-04-30sec,100
B1e,B1e_shiftRight,jPET,,N/A,,run-04-30sec,100
B1e,B1e_shiftRightAssignment,jPET,,N/A,,run-04-30sec,101
B1e,B1e_shiftRightUnsigned,jPET,,N/A,,run-04-30sec,100
B1e,B1e_shiftRightUnsignedAssignment,jPET,,N/A,,run-04-30sec,101
B1e,B1e_xor,jPET,,N/A,,run-04-30sec,100
B1e,B1e_xorAssignment,jPET,,N/A,,run-04-30sec,100
B2a,B2a_oneParamBoolean,jPET,100.00,C,2,run-04-30sec,100
B2a,B2a_oneParamDouble,jPET,,N/A,,run-04-30sec,100
B2a,B2a_oneParamInt,jPET,100.00,C,4,run-04-30sec,100
B2a,B2a_twoParamsBoolean,jPET,66.67,C,4,run-04-30sec,101
B2a,B2a_twoParamsDouble,jPET,66.67,C,7,run-04-30sec,100
B2a,B2a_twoParamsInt,jPET,66.67,C,7,run-04-30sec,100
B2b,B2b_oneParamBoolean,jPET,100.00,C,2,run-04-30sec,100
B2b,B2b_oneParamInt,jPET,100.00,C,2,run-04-30sec,101
B2b,B2b_twoParamsBoolean,jPET,100.00,C,3,run-04-30sec,101
B2b,B2b_twoParamsInt,jPET,100.00,C,3,run-04-30sec,100
B2c,B2c_missingBreaks,jPET,100.00,C,5,run-04-30sec,100
B2c,B2c_simple,jPET,100.00,C,5,run-04-30sec,100
B2c,B2c_withReturn,jPET,100.00,C,5,run-04-30sec,100
B2d,B2d_oneParamDouble,jPET,,N/A,,run-04-30sec,101
B2d,B2d_oneParamFloat,jPET,,N/A,,run-04-30sec,101
B2d,B2d_oneParamInt,jPET,100.00,C,2,run-04-30sec,101
B2d,B2d_oneParamIntNoSolution,jPET,50.00,C,1,run-04-30sec,100
B2d,B2d_quadraticDouble,jPET,,N/A,,run-04-30sec,100
B2d,B2d_quadraticDoubleNoSolution,jPET,,N/A,,run-04-30sec,100
B2d,B2d_quadraticFloat,jPET,,N/A,,run-04-30sec,101
B2d,B2d_quadraticFloatNoSolution,jPET,,N/A,,run-04-30sec,100
B2d,B2d_quadraticInt,jPET,100.00,C,4,run-04-30sec,101
B2d,B2d_quadraticIntNoSolution,jPET,,T/M,,run-04-30sec,30126
B2d,B2d_threeParamsDouble,jPET,,N/A,,run-04-30sec,101
B2d,B2d_threeParamsFloat,jPET,,N/A,,run-04-30sec,100
B2d,B2d_threeParamsInt,jPET,,T/M,,run-04-30sec,30129
B2d,B2d_threeParamsIntNoSolution,jPET,,T/M,,run-04-30sec,30164
B2d,B2d_twoParamsDouble,jPET,,N/A,,run-04-30sec,100
B2d,B2d_twoParamsFloat,jPET,,N/A,,run-04-30sec,101
B2d,B2d_twoParamsInt,jPET,100.00,C,3,run-04-30sec,101
B2d,B2d_twoParamsIntNoSolution,jPET,66.00,C,2,run-04-30sec,100
B3a,B3a_complex,jPET,78.00,C,165,run-04-30sec,1001
B3a,B3a_infinite,jPET,0.00,C,1,run-04-30sec,100
B3a,B3a_infiniteNotOptimalizable,jPET,0.00,C,1,run-04-30sec,101
B3a,B3a_nestedLoop,jPET,100.00,C,25,run-04-30sec,5905
B3a,B3a_nestedLoopWithLabel,jPET,100.00,C,28,run-04-30sec,6506
B3a,B3a_withConditionAndLimit,jPET,100.00,C,10,run-04-30sec,101
B3a,B3a_withConditionNoLimit,jPET,100.00,C,10,run-04-30sec,801
B3a,B3a_withContinueBreak,jPET,90.91,NC,10,run-04-30sec,100
B3a,B3a_withLimit,jPET,100.00,C,10,run-04-30sec,101
B3b,B3b_complex,jPET,75.00,C,165,run-04-30sec,1001
B3b,B3b_infinite,jPET,0.00,C,1,run-04-30sec,100
B3b,B3b_infiniteNotOptimalizable,jPET,0.00,C,1,run-04-30sec,100
B3b,B3b_nestedLoop,jPET,100.00,C,15,run-04-30sec,3503
B3b,B3b_nestedLoopWithLabel,jPET,100.00,C,20,run-04-30sec,4804
B3b,B3b_withConditionAndLimit,jPET,100.00,C,10,run-04-30sec,100
B3b,B3b_withConditionNoLimit,jPET,100.00,C,10,run-04-30sec,700
B3b,B3b_withContinueBreak,jPET,87.50,NC,10,run-04-30sec,100
B3b,B3b_withLimit,jPET,100.00,C,10,run-04-30sec,101
B3c,B3c_complex,jPET,78.00,C,175,run-04-30sec,1001
B3c,B3c_infinite,jPET,0.00,C,1,run-04-30sec,101
B3c,B3c_infiniteNotOptimalizable,jPET,0.00,C,1,run-04-30sec,101
B3c,B3c_nestedLoop,jPET,100.00,C,37,run-04-30sec,9362
B3c,B3c_nestedLoopWithLabel,jPET,100.00,C,42,run-04-30sec,11445
B3c,B3c_withConditionAndLimit,jPET,100.00,C,11,run-04-30sec,100
B3c,B3c_withConditionNoLimit,jPET,100.00,C,11,run-04-30sec,801
B3c,B3c_withContinueBreak,jPET,90.91,NC,10,run-04-30sec,100
B3c,B3c_withLimit,jPET,100.00,C,11,run-04-30sec,100
B4a,B4a_fromParams,jPET,100.00,C,4,run-04-30sec,101
B4a,B4a_fromParamsWithIndex,jPET,83.33,NC,5,run-04-30sec,100
B4a,B4a_guessLength,jPET,100.00,C,2,run-04-30sec,100
B4a,B4a_guessOneArray,jPET,100.00,C,5,run-04-30sec,100
B4a,B4a_guessOneArrayWithLength,jPET,100.00,C,5,run-04-30sec,100
B4a,B4a_indexParam,jPET,83.33,NC,3,run-04-30sec,100
B4a,B4a_iterateWithFor,jPET,100.00,C,17,run-04-30sec,200
B4a,B4a_iterateWithForeach,jPET,100.00,C,17,run-04-30sec,200
B4a,B4a_twoArrays,jPET,100.00,C,7,run-04-30sec,101
B4b,B4b_fromParams,jPET,100.00,C,4,run-04-30sec,100
B4b,B4b_fromParamsWithIndex,jPET,75.00,NC,3,run-04-30sec,100
B4b,B4b_guessLength,jPET,100.00,C,2,run-04-30sec,101
B4b,B4b_guessOneArray,jPET,100.00,C,4,run-04-30sec,100
B4b,B4b_guessOneArrayWithLength,jPET,100.00,C,5,run-04-30sec,101
B4b,B4b_indexParam,jPET,75.00,NC,1,run-04-30sec,101
B4b,B4b_iterateWithFor,jPET,100.00,C,17,run-04-30sec,201
B4b,B4b_iterateWithForeach,jPET,100.00,C,17,run-04-30sec,201
B4b,B4b_twoArrays,jPET,100.00,C,5,run-04-30sec,101
B5a1,B5a1_conditionalCall,jPET,100.00,C,8,run-04-30sec,101
B5a1,B5a1_simple,jPET,100.00,C,7,run-04-30sec,100
B5a1,B5a1_useReturnValue,jPET,100.00,C,7,run-04-30sec,101
B5a2,B5a2_conditionalCall,jPET,100.00,C,8,run-04-30sec,101
B5a2,B5a2_simple,jPET,100.00,C,7,run-04-30sec,101
B5a2,B5a2_useReturnValue,jPET,100.00,C,7,run-04-30sec,101
B5b1,B5b1_fibonacci,jPET,100.00,C,11,run-04-30sec,501
B5b1,B5b1_simple,jPET,100.00,C,10,run-04-30sec,201
B5b2,B5b2_fibonacci,jPET,100.00,C,11,run-04-30sec,401
B5b2,B5b2_simple,jPET,100.00,C,10,run-04-30sec,101
B6a,B6a_always,jPET,,N/A,,run-04-30sec,101
B6a,B6a_call,jPET,,N/A,,run-04-30sec,100
B6a,B6a_conditionalAndLoop,jPET,,N/A,,run-04-30sec,101
B6a,B6a_recursive,jPET,,N/A,,run-04-30sec,100
B6a,B6a_tryCatch,jPET,,N/A,,run-04-30sec,101
B6a,B6a_tryCatchFinally,jPET,,N/A,,run-04-30sec,101
B6b,B6b_always,jPET,100.00,C,1,run-04-30sec,101
B6b,B6b_call,jPET,100.00,C,7,run-04-30sec,101
B6b,B6b_conditionalAndLoop,jPET,100.00,C,12,run-04-30sec,100
B6b,B6b_recursive,jPET,100.00,C,10,run-04-30sec,200
B6b,B6b_tryCatch,jPET,100.00,C,7,run-04-30sec,101
B6b,B6b_tryCatchFinally,jPET,100.00,C,39,run-04-30sec,201
B6c,B6c_arithmeticException,jPET,100.00,C,2,run-04-30sec,100
B6c,B6c_arrayIndexOutOfBoundsException,jPET,66.67,NC,1,run-04-30sec,101
B6c,B6c_classCastException,jPET,,N/A,,run-04-30sec,100
B6c,B6c_illegalArgumentException,jPET,,N/A,,run-04-30sec,101
B6c,B6c_illegalStateException,jPET,100.00,C,2,run-04-30sec,101
B6c,B6c_indexOutOfBoundsException,jPET,,N/A,,run-04-30sec,101
B6c,B6c_nullPointerException,jPET,,N/A,,run-04-30sec,101
B6c,B6c_securityException,jPET,,N/A,,run-04-30sec,100
B6c,B6c_unsupportedOperationException,jPET,100.00,C,2,run-04-30sec,100
S1,S1_returnStructure,jPET,100.00,C,2,run-04-30sec,100
S1,S1_returnStructureParams,jPET,100.00,C,1,run-04-30sec,101
S1,S1_useStructure,jPET,100.00,C,2,run-04-30sec,101
S1,S1_useStructureParams,jPET,100.00,C,1,run-04-30sec,100
S2,S2_oneStructure,jPET,100.00,C,8,run-04-30sec,101
S2,S2_oneStructureParams,jPET,100.00,C,7,run-04-30sec,102
S2,S2_twoStructures,jPET,100.00,C,9,run-04-30sec,201
S2,S2_twoStructuresParams,jPET,100.00,C,7,run-04-30sec,201
S3,S3_arrayOfStructures,jPET,100.00,C,2047,run-04-30sec,23252
S3,S3_arrayOfStructuresParams,jPET,100.00,C,1026,run-04-30sec,22745
S3,S3_noLimit,jPET,,T/M,,run-04-30sec,30190
S3,S3_noLimitParams,jPET,,T/M,,run-04-30sec,30141
S3,S3_withLimit,jPET,,T/M,,run-04-30sec,30132
S3,S3_withLimitParams,jPET,,T/M,,run-04-30sec,30153
S4,S4_guess,jPET,100.00,C,12,run-04-30sec,101
S4,S4_guessCoordinates,jPET,100.00,C,11,run-04-30sec,201
S4,S4_guessParams,jPET,100.00,C,9,run-04-30sec,200
O1,O1_fullCoverage,jPET,100.00,C,13,run-04-30sec,200
O1,O1_guessImpossibleObject,jPET,66.00,C,4,run-04-30sec,100
O1,O1_guessImpossibleOperationCount,jPET,85.00,C,21,run-04-30sec,301
O1,O1_guessImpossibleOperationCountParams,jPET,83.00,C,10,run-04-30sec,200
O1,O1_guessImpossibleResult,jPET,90.00,C,17,run-04-30sec,201
O1,O1_guessImpossibleResultAndOperationCount,jPET,,T/M,,run-04-30sec,30125
O1,O1_guessImpossibleResultAndOperationCountParams,jPET,75.00,C,25,run-04-30sec,301
O1,O1_guessImpossibleResultParams,jPET,91.67,C,8,run-04-30sec,200
O1,O1_guessObject,jPET,100.00,C,4,run-04-30sec,101
O1,O1_guessOperationCount,jPET,100.00,C,21,run-04-30sec,301
O1,O1_guessOperationCountParams,jPET,100.00,C,10,run-04-30sec,200
O1,O1_guessResult,jPET,100.00,C,17,run-04-30sec,200
O1,O1_guessResultAndOperationCount,jPET,,T/M,,run-04-30sec,30126
O1,O1_guessResultAndOperationCountParams,jPET,100.00,C,25,run-04-30sec,301
O1,O1_guessResultParams,jPET,100.00,C,16,run-04-30sec,201
O1,O1_oneOperationNoCheck,jPET,100.00,C,3,run-04-30sec,101
O1,O1_oneOperationParams,jPET,100.00,C,2,run-04-30sec,101
O1,O1_oneOperationWithCheck,jPET,100.00,C,3,run-04-30sec,101
O1,O1_twoOperationsParams,jPET,100.00,C,4,run-04-30sec,100
O1,O1_twoOperationsWithCheck,jPET,100.00,C,5,run-04-30sec,101
O1,O1_twoOperationsWithNocheck,jPET,100.00,C,5,run-04-30sec,101
O2,O2_guessResult,jPET,100.00,C,18,run-04-30sec,201
O2,O2_guessResultParams,jPET,100.00,C,16,run-04-30sec,201
O3a,O3a_guessResult,jPET,,N/A,,run-04-30sec,101
O3a,O3a_guessResultParams,jPET,100.00,C,16,run-04-30sec,201
O3b,O3b_guess,jPET,33.33,NC,1,run-04-30sec,100
O3b,O3b_guessImpossible,jPET,33.33,NC,1,run-04-30sec,101
O3b,O3b_validate,jPET,33.33,NC,1,run-04-30sec,100
O3c,O3c_guess,jPET,,N/A,,run-04-30sec,100
O3c,O3c_guessImpossible,jPET,,N/A,,run-04-30sec,100
O3c,O3c_validate,jPET,,N/A,,run-04-30sec,101
O4,O4_guessImpossible,jPET,11.76,NC,17,run-04-30sec,201
O4,O4_guessImpossibleParams,jPET,87.50,C,8,run-04-30sec,201
O4,O4_guessResult,jPET,11.76,NC,17,run-04-30sec,200
O4,O4_guessResultParams,jPET,93.75,C,15,run-04-30sec,201
G1,G1_guessType,jPET,80.00,C,5,run-04-30sec,100
G1,G1_guessTypeAndUse,jPET,,N/A,,run-04-30sec,101
G1,G1_guessTypeWithExtends,jPET,60.00,C,5,run-04-30sec,100
G1,G1_guessTypeWithExtendsAndUse,jPET,,N/A,,run-04-30sec,101
G2,G2_guessDescendant,jPET,0.00,NC,1,run-04-30sec,100
G2,G2_guessImpossible,jPET,,N/A,,run-04-30sec,100
G2,G2_guessInteger,jPET,,N/A,,run-04-30sec,101
G2,G2_guessIntegerNoHelp,jPET,,N/A,,run-04-30sec,101
G2,G2_guessSafe,jPET,50.00,C,2,run-04-30sec,101
G2,G2_guessSafeNoHelp,jPET,50.00,C,4,run-04-30sec,101
L1,L1_abs,jPET,,N/A,,run-04-30sec,101
L1,L1_absImpossible,jPET,,N/A,,run-04-30sec,101
L1,L1_cbrt,jPET,75.00,NC,1,run-04-30sec,101
L1,L1_cos,jPET,,N/A,,run-04-30sec,100
L1,L1_cosImpossible,jPET,,N/A,,run-04-30sec,101
L1,L1_log10GuessArgument,jPET,75.00,NC,1,run-04-30sec,101
L1,L1_logGuessArgument,jPET,,N/A,,run-04-30sec,100
L1,L1_logGuessBase,jPET,,N/A,,run-04-30sec,100
L1,L1_logGuessBaseAndArgument,jPET,,N/A,,run-04-30sec,101
L1,L1_minMax,jPET,,N/A,,run-04-30sec,100
L1,L1_minMaxImpossible,jPET,,N/A,,run-04-30sec,101
L1,L1_minMaxWithOrder,jPET,,N/A,,run-04-30sec,101
L1,L1_powGuessBase,jPET,,N/A,,run-04-30sec,101
L1,L1_powGuessBaseAndExponent,jPET,,N/A,,run-04-30sec,101
L1,L1_powGuessExponent,jPET,,N/A,,run-04-30sec,101
L1,L1_sin,jPET,,N/A,,run-04-30sec,101
L1,L1_sinImpossible,jPET,,N/A,,run-04-30sec,101
L1,L1_sqrt,jPET,,N/A,,run-04-30sec,101
L1,L1_sqrtImpossible,jPET,,N/A,,run-04-30sec,101
L1,L1_tan,jPET,,N/A,,run-04-30sec,101
L2,L2_add,jPET,,N/A,,run-04-30sec,101
L2,L2_addWithCondition,jPET,,N/A,,run-04-30sec,101
L2,L2_charAt,jPET,,N/A,,run-04-30sec,100
L2,L2_compareTo,jPET,,N/A,,run-04-30sec,100
L2,L2_compareToIgnoreCase,jPET,,N/A,,run-04-30sec,100
L2,L2_equality,jPET,,N/A,,run-04-30sec,100
L2,L2_equalityIgnoreCase,jPET,,N/A,,run-04-30sec,100
L2,L2_indexOf,jPET,,N/A,,run-04-30sec,100
L2,L2_length,jPET,,N/A,,run-04-30sec,101
L2,L2_regionEquality,jPET,,N/A,,run-04-30sec,100
L2,L2_startsEnds,jPET,,N/A,,run-04-30sec,101
L2,L2_substring,jPET,,N/A,,run-04-30sec,100
L2,L2_switchString,jPET,,N/A,,run-04-30sec,100
L3,L3_guessDouble,jPET,,N/A,,run-04-30sec,101
L3,L3_guessInteger,jPET,,N/A,,run-04-30sec,101
L3,L3_integerOverflow,jPET,,N/A,,run-04-30sec,101
L4,L4_guessElementAndIndex,jPET,,N/A,,run-04-30sec,101
L4,L4_guessElements,jPET,,N/A,,run-04-30sec,101
L4,L4_guessGenericListWithElement,jPET,,N/A,,run-04-30sec,101
L4,L4_guessGenericListWithSize,jPET,,N/A,,run-04-30sec,101
L4,L4_guessGenericVectorWithElement,jPET,,N/A,,run-04-30sec,100
L4,L4_guessGenericVectorWithSize,jPET,,N/A,,run-04-30sec,101
L4,L4_guessIndices,jPET,,N/A,,run-04-30sec,101
L4,L4_guessListWithSize,jPET,,N/A,,run-04-30sec,100
L4,L4_guessSize,jPET,,N/A,,run-04-30sec,100
L4,L4_guessSizeAndElements,jPET,,N/A,,run-04-30sec,101
L4,L4_guessVectorWithSize,jPET,,N/A,,run-04-30sec,101
LO,LO_associatesAPIGuessDate,jPET,,N/A,,run-04-30sec,100
LO,LO_associatesAPIGuessValidDateFormat,jPET,,N/A,,run-04-30sec,100
LO,LO_guessUUID,jPET,,N/A,,run-04-30sec,101
LO,LO_guessValidUUID,jPET,,N/A,,run-04-30sec,101
LO,LO_inheritsAPIGuessOneObject,jPET,75.00,C,4,run-04-30sec,101
LO,LO_inheritsAPIGuessOnePrimitive,jPET,,N/A,,run-04-30sec,100
LO,LO_inheritsAPIGuessTwoObjects,jPET,,N/A,,run-04-30sec,101
LO,LO_inheritsAPIGuessTwoPrimitives,jPET,,N/A,,run-04-30sec,101
LO,LO_regexCaseInsensitive,jPET,,N/A,,run-04-30sec,101
LO,LO_regexCaseSensitive,jPET,,N/A,,run-04-30sec,101
Others,Others_guess,jPET,100.00,C,5,run-04-30sec,100
Others,Others_guessEnum,jPET,18.18,NC,1,run-04-30sec,101
Others,Others_guessEnumOrdinal,jPET,,EX,,run-04-30sec,101
Others,Others_guessEnumString,jPET,,EX,,run-04-30sec,100
Others,Others_guessWithLength,jPET,100.00,C,5,run-04-30sec,100
Others,Others_iterateWithFor,jPET,100.00,C,17,run-04-30sec,100
Others,Others_iterateWithForeach,jPET,100.00,C,17,run-04-30sec,201
Others,Others_minMax,jPET,,N/A,,run-04-30sec,101
Others,Others_minMaxImpossible,jPET,,N/A,,run-04-30sec,101
Others,Others_minMaxWithOrder,jPET,,N/A,,run-04-30sec,101
Others,Others_switchEnum,jPET,,EX,,run-04-30sec,101
Others,Others_test,jPET,100.00,C,2,run-04-30sec,101
B1a,B1a_oneParamBoolean,jPET,100.00,C,2,run-05-30sec,100
B1a,B1a_oneParamByte,jPET,,N/A,,run-05-30sec,101
B1a,B1a_oneParamChar,jPET,,N/A,,run-05-30sec,100
B1a,B1a_oneParamDouble,jPET,100.00,C,1,run-05-30sec,100
B1a,B1a_oneParamFloat,jPET,100.00,C,1,run-05-30sec,100
B1a,B1a_oneParamInt,jPET,100.00,C,1,run-05-30sec,100
B1a,B1a_oneParamLong,jPET,100.00,C,1,run-05-30sec,101
B1a,B1a_oneParamShort,jPET,,N/A,,run-05-30sec,100
B1a,B1a_twoParamBoolean,jPET,,N/A,,run-05-30sec,100
B1a,B1a_twoParamByte,jPET,,N/A,,run-05-30sec,101
B1a,B1a_twoParamChar,jPET,,N/A,,run-05-30sec,101
B1a,B1a_twoParamDouble,jPET,100.00,C,1,run-05-30sec,100
B1a,B1a_twoParamFloat,jPET,100.00,C,1,run-05-30sec,101
B1a,B1a_twoParamInt,jPET,100.00,C,1,run-05-30sec,100
B1a,B1a_twoParamLong,jPET,100.00,C,1,run-05-30sec,101
B1a,B1a_twoParamShort,jPET,,N/A,,run-05-30sec,100
B1b,B1b_constBoolean,jPET,100.00,C,1,run-05-30sec,100
B1b,B1b_constByte,jPET,100.00,C,1,run-05-30sec,201
B1b,B1b_constChar,jPET,100.00,C,1,run-05-30sec,100
B1b,B1b_constDouble,jPET,100.00,C,1,run-05-30sec,101
B1b,B1b_constFloat,jPET,100.00,C,1,run-05-30sec,100
B1b,B1b_constInt,jPET,100.00,C,1,run-05-30sec,100
B1b,B1b_constLong,jPET,100.00,C,1,run-05-30sec,100
B1b,B1b_constShort,jPET,100.00,C,1,run-05-30sec,201
B1c,B1c_add,jPET,100.00,C,1,run-05-30sec,204
B1c,B1c_addAssignment,jPET,100.00,C,1,run-05-30sec,200
B1c,B1c_divide,jPET,100.00,C,2,run-05-30sec,101
B1c,B1c_divideAssignment,jPET,100.00,C,2,run-05-30sec,100
B1c,B1c_modulo,jPET,100.00,C,2,run-05-30sec,100
B1c,B1c_moduloAssignment,jPET,100.00,C,2,run-05-30sec,100
B1c,B1c_multiply,jPET,100.00,C,1,run-05-30sec,100
B1c,B1c_multiplyAssignment,jPET,100.00,C,1,run-05-30sec,100
B1c,B1c_postfixMinusMinus,jPET,100.00,C,1,run-05-30sec,200
B1c,B1c_postfixPlusplus,jPET,100.00,C,1,run-05-30sec,200
B1c,B1c_substract,jPET,100.00,C,1,run-05-30sec,101
B1c,B1c_substractAssignment,jPET,100.00,C,1,run-05-30sec,104
B1c,B1c_unaryMinus,jPET,100.00,C,1,run-05-30sec,101
B1c,B1c_unaryMinusMinus,jPET,100.00,C,1,run-05-30sec,101
B1c,B1c_unaryPlus,jPET,100.00,C,1,run-05-30sec,100
B1c,B1c_unaryPlusPlus,jPET,100.00,C,1,run-05-30sec,100
B1d,B1d_and,jPET,100.00,C,3,run-05-30sec,101
B1d,B1d_equal,jPET,100.00,C,2,run-05-30sec,101
B1d,B1d_greater,jPET,100.00,C,2,run-05-30sec,101
B1d,B1d_greaterOrEqual,jPET,100.00,C,2,run-05-30sec,100
B1d,B1d_negate,jPET,100.00,C,2,run-05-30sec,100
B1d,B1d_notEqual,jPET,100.00,C,2,run-05-30sec,101
B1d,B1d_or,jPET,100.00,C,3,run-05-30sec,101
B1d,B1d_smaller,jPET,100.00,C,2,run-05-30sec,101
B1d,B1d_smallerOrEqual,jPET,100.00,C,2,run-05-30sec,100
B1e,B1e_and,jPET,,N/A,,run-05-30sec,100
B1e,B1e_andAssignment,jPET,,N/A,,run-05-30sec,101
B1e,B1e_negate,jPET,,N/A,,run-05-30sec,101
B1e,B1e_or,jPET,,N/A,,run-05-30sec,101
B1e,B1e_orAssignment,jPET,,N/A,,run-05-30sec,100
B1e,B1e_shiftLeft,jPET,,N/A,,run-05-30sec,101
B1e,B1e_shiftLeftAssignment,jPET,,N/A,,run-05-30sec,101
B1e,B1e_shiftRight,jPET,,N/A,,run-05-30sec,101
B1e,B1e_shiftRightAssignment,jPET,,N/A,,run-05-30sec,101
B1e,B1e_shiftRightUnsigned,jPET,,N/A,,run-05-30sec,100
B1e,B1e_shiftRightUnsignedAssignment,jPET,,N/A,,run-05-30sec,101
B1e,B1e_xor,jPET,,N/A,,run-05-30sec,101
B1e,B1e_xorAssignment,jPET,,N/A,,run-05-30sec,100
B2a,B2a_oneParamBoolean,jPET,100.00,C,2,run-05-30sec,101
B2a,B2a_oneParamDouble,jPET,,N/A,,run-05-30sec,101
B2a,B2a_oneParamInt,jPET,100.00,C,4,run-05-30sec,101
B2a,B2a_twoParamsBoolean,jPET,66.67,C,4,run-05-30sec,114
B2a,B2a_twoParamsDouble,jPET,66.67,C,7,run-05-30sec,100
B2a,B2a_twoParamsInt,jPET,66.67,C,7,run-05-30sec,100
B2b,B2b_oneParamBoolean,jPET,100.00,C,2,run-05-30sec,100
B2b,B2b_oneParamInt,jPET,100.00,C,2,run-05-30sec,100
B2b,B2b_twoParamsBoolean,jPET,100.00,C,3,run-05-30sec,101
B2b,B2b_twoParamsInt,jPET,100.00,C,3,run-05-30sec,100
B2c,B2c_missingBreaks,jPET,100.00,C,5,run-05-30sec,101
B2c,B2c_simple,jPET,100.00,C,5,run-05-30sec,100
B2c,B2c_withReturn,jPET,100.00,C,5,run-05-30sec,100
B2d,B2d_oneParamDouble,jPET,,N/A,,run-05-30sec,101
B2d,B2d_oneParamFloat,jPET,,N/A,,run-05-30sec,101
B2d,B2d_oneParamInt,jPET,100.00,C,2,run-05-30sec,100
B2d,B2d_oneParamIntNoSolution,jPET,50.00,C,1,run-05-30sec,100
B2d,B2d_quadraticDouble,jPET,,N/A,,run-05-30sec,100
B2d,B2d_quadraticDoubleNoSolution,jPET,,N/A,,run-05-30sec,101
B2d,B2d_quadraticFloat,jPET,,N/A,,run-05-30sec,100
B2d,B2d_quadraticFloatNoSolution,jPET,,N/A,,run-05-30sec,100
B2d,B2d_quadraticInt,jPET,100.00,C,4,run-05-30sec,101
B2d,B2d_quadraticIntNoSolution,jPET,,T/M,,run-05-30sec,30124
B2d,B2d_threeParamsDouble,jPET,,N/A,,run-05-30sec,100
B2d,B2d_threeParamsFloat,jPET,,N/A,,run-05-30sec,100
B2d,B2d_threeParamsInt,jPET,,T/M,,run-05-30sec,30164
B2d,B2d_threeParamsIntNoSolution,jPET,,T/M,,run-05-30sec,30126
B2d,B2d_twoParamsDouble,jPET,,N/A,,run-05-30sec,101
B2d,B2d_twoParamsFloat,jPET,,N/A,,run-05-30sec,101
B2d,B2d_twoParamsInt,jPET,100.00,C,3,run-05-30sec,101
B2d,B2d_twoParamsIntNoSolution,jPET,66.00,C,2,run-05-30sec,100
B3a,B3a_complex,jPET,78.00,C,165,run-05-30sec,1008
B3a,B3a_infinite,jPET,0.00,C,1,run-05-30sec,101
B3a,B3a_infiniteNotOptimalizable,jPET,0.00,C,1,run-05-30sec,100
B3a,B3a_nestedLoop,jPET,100.00,C,25,run-05-30sec,6005
B3a,B3a_nestedLoopWithLabel,jPET,100.00,C,28,run-05-30sec,6609
B3a,B3a_withConditionAndLimit,jPET,100.00,C,10,run-05-30sec,101
B3a,B3a_withConditionNoLimit,jPET,100.00,C,10,run-05-30sec,800
B3a,B3a_withContinueBreak,jPET,90.91,NC,10,run-05-30sec,100
B3a,B3a_withLimit,jPET,100.00,C,10,run-05-30sec,100
B3b,B3b_complex,jPET,75.00,C,165,run-05-30sec,1001
B3b,B3b_infinite,jPET,0.00,C,1,run-05-30sec,100
B3b,B3b_infiniteNotOptimalizable,jPET,0.00,C,1,run-05-30sec,100
B3b,B3b_nestedLoop,jPET,100.00,C,15,run-05-30sec,3503
B3b,B3b_nestedLoopWithLabel,jPET,100.00,C,20,run-05-30sec,4805
B3b,B3b_withConditionAndLimit,jPET,100.00,C,10,run-05-30sec,100
B3b,B3b_withConditionNoLimit,jPET,100.00,C,10,run-05-30sec,700
B3b,B3b_withContinueBreak,jPET,87.50,NC,10,run-05-30sec,100
B3b,B3b_withLimit,jPET,100.00,C,10,run-05-30sec,100
B3c,B3c_complex,jPET,78.00,C,175,run-05-30sec,1001
B3c,B3c_infinite,jPET,0.00,C,1,run-05-30sec,101
B3c,B3c_infiniteNotOptimalizable,jPET,0.00,C,1,run-05-30sec,100
B3c,B3c_nestedLoop,jPET,100.00,C,37,run-05-30sec,9408
B3c,B3c_nestedLoopWithLabel,jPET,100.00,C,42,run-05-30sec,10519
B3c,B3c_withConditionAndLimit,jPET,100.00,C,11,run-05-30sec,101
B3c,B3c_withConditionNoLimit,jPET,100.00,C,11,run-05-30sec,800
B3c,B3c_withContinueBreak,jPET,90.91,NC,10,run-05-30sec,100
B3c,B3c_withLimit,jPET,100.00,C,11,run-05-30sec,100
B4a,B4a_fromParams,jPET,100.00,C,4,run-05-30sec,101
B4a,B4a_fromParamsWithIndex,jPET,83.33,NC,5,run-05-30sec,100
B4a,B4a_guessLength,jPET,100.00,C,2,run-05-30sec,101
B4a,B4a_guessOneArray,jPET,100.00,C,5,run-05-30sec,100
B4a,B4a_guessOneArrayWithLength,jPET,100.00,C,5,run-05-30sec,101
B4a,B4a_indexParam,jPET,83.33,NC,3,run-05-30sec,101
B4a,B4a_iterateWithFor,jPET,100.00,C,17,run-05-30sec,200
B4a,B4a_iterateWithForeach,jPET,100.00,C,17,run-05-30sec,200
B4a,B4a_twoArrays,jPET,100.00,C,7,run-05-30sec,101
B4b,B4b_fromParams,jPET,100.00,C,4,run-05-30sec,101
B4b,B4b_fromParamsWithIndex,jPET,75.00,NC,3,run-05-30sec,100
B4b,B4b_guessLength,jPET,100.00,C,2,run-05-30sec,101
B4b,B4b_guessOneArray,jPET,100.00,C,4,run-05-30sec,100
B4b,B4b_guessOneArrayWithLength,jPET,100.00,C,5,run-05-30sec,101
B4b,B4b_indexParam,jPET,75.00,NC,1,run-05-30sec,101
B4b,B4b_iterateWithFor,jPET,100.00,C,17,run-05-30sec,201
B4b,B4b_iterateWithForeach,jPET,100.00,C,17,run-05-30sec,200
B4b,B4b_twoArrays,jPET,100.00,C,5,run-05-30sec,100
B5a1,B5a1_conditionalCall,jPET,100.00,C,8,run-05-30sec,100
B5a1,B5a1_simple,jPET,100.00,C,7,run-05-30sec,101
B5a1,B5a1_useReturnValue,jPET,100.00,C,7,run-05-30sec,101
B5a2,B5a2_conditionalCall,jPET,100.00,C,8,run-05-30sec,101
B5a2,B5a2_simple,jPET,100.00,C,7,run-05-30sec,101
B5a2,B5a2_useReturnValue,jPET,100.00,C,7,run-05-30sec,100
B5b1,B5b1_fibonacci,jPET,100.00,C,11,run-05-30sec,500
B5b1,B5b1_simple,jPET,100.00,C,10,run-05-30sec,201
B5b2,B5b2_fibonacci,jPET,100.00,C,11,run-05-30sec,400
B5b2,B5b2_simple,jPET,100.00,C,10,run-05-30sec,101
B6a,B6a_always,jPET,,N/A,,run-05-30sec,101
B6a,B6a_call,jPET,,N/A,,run-05-30sec,100
B6a,B6a_conditionalAndLoop,jPET,,N/A,,run-05-30sec,101
B6a,B6a_recursive,jPET,,N/A,,run-05-30sec,100
B6a,B6a_tryCatch,jPET,,N/A,,run-05-30sec,100
B6a,B6a_tryCatchFinally,jPET,,N/A,,run-05-30sec,101
B6b,B6b_always,jPET,100.00,C,1,run-05-30sec,100
B6b,B6b_call,jPET,100.00,C,7,run-05-30sec,101
B6b,B6b_conditionalAndLoop,jPET,100.00,C,12,run-05-30sec,101
B6b,B6b_recursive,jPET,100.00,C,10,run-05-30sec,201
B6b,B6b_tryCatch,jPET,100.00,C,7,run-05-30sec,101
B6b,B6b_tryCatchFinally,jPET,100.00,C,39,run-05-30sec,202
B6c,B6c_arithmeticException,jPET,100.00,C,2,run-05-30sec,101
B6c,B6c_arrayIndexOutOfBoundsException,jPET,66.67,NC,1,run-05-30sec,100
B6c,B6c_classCastException,jPET,,N/A,,run-05-30sec,100
B6c,B6c_illegalArgumentException,jPET,,N/A,,run-05-30sec,101
B6c,B6c_illegalStateException,jPET,100.00,C,2,run-05-30sec,100
B6c,B6c_indexOutOfBoundsException,jPET,,N/A,,run-05-30sec,101
B6c,B6c_nullPointerException,jPET,,N/A,,run-05-30sec,101
B6c,B6c_securityException,jPET,,N/A,,run-05-30sec,101
B6c,B6c_unsupportedOperationException,jPET,100.00,C,2,run-05-30sec,100
S1,S1_returnStructure,jPET,100.00,C,2,run-05-30sec,101
S1,S1_returnStructureParams,jPET,100.00,C,1,run-05-30sec,101
S1,S1_useStructure,jPET,100.00,C,2,run-05-30sec,101
S1,S1_useStructureParams,jPET,100.00,C,1,run-05-30sec,101
S2,S2_oneStructure,jPET,100.00,C,8,run-05-30sec,100
S2,S2_oneStructureParams,jPET,100.00,C,7,run-05-30sec,101
S2,S2_twoStructures,jPET,100.00,C,9,run-05-30sec,201
S2,S2_twoStructuresParams,jPET,100.00,C,7,run-05-30sec,201
S3,S3_arrayOfStructures,jPET,100.00,C,2047,run-05-30sec,23283
S3,S3_arrayOfStructuresParams,jPET,100.00,C,1026,run-05-30sec,22832
S3,S3_noLimit,jPET,,T/M,,run-05-30sec,30125
S3,S3_noLimitParams,jPET,,T/M,,run-05-30sec,30126
S3,S3_withLimit,jPET,,T/M,,run-05-30sec,30188
S3,S3_withLimitParams,jPET,,T/M,,run-05-30sec,30207
S4,S4_guess,jPET,100.00,C,12,run-05-30sec,100
S4,S4_guessCoordinates,jPET,100.00,C,11,run-05-30sec,200
S4,S4_guessParams,jPET,100.00,C,9,run-05-30sec,200
O1,O1_fullCoverage,jPET,100.00,C,13,run-05-30sec,201
O1,O1_guessImpossibleObject,jPET,66.00,C,4,run-05-30sec,101
O1,O1_guessImpossibleOperationCount,jPET,85.00,C,21,run-05-30sec,300
O1,O1_guessImpossibleOperationCountParams,jPET,83.00,C,10,run-05-30sec,200
O1,O1_guessImpossibleResult,jPET,90.00,C,17,run-05-30sec,201
O1,O1_guessImpossibleResultAndOperationCount,jPET,,T/M,,run-05-30sec,30124
O1,O1_guessImpossibleResultAndOperationCountParams,jPET,75.00,C,25,run-05-30sec,301
O1,O1_guessImpossibleResultParams,jPET,91.67,C,8,run-05-30sec,200
O1,O1_guessObject,jPET,100.00,C,4,run-05-30sec,101
O1,O1_guessOperationCount,jPET,100.00,C,21,run-05-30sec,301
O1,O1_guessOperationCountParams,jPET,100.00,C,10,run-05-30sec,324
O1,O1_guessResult,jPET,100.00,C,17,run-05-30sec,200
O1,O1_guessResultAndOperationCount,jPET,,T/M,,run-05-30sec,30126
O1,O1_guessResultAndOperationCountParams,jPET,100.00,C,25,run-05-30sec,300
O1,O1_guessResultParams,jPET,100.00,C,16,run-05-30sec,201
O1,O1_oneOperationNoCheck,jPET,100.00,C,3,run-05-30sec,100
O1,O1_oneOperationParams,jPET,100.00,C,2,run-05-30sec,100
O1,O1_oneOperationWithCheck,jPET,100.00,C,3,run-05-30sec,100
O1,O1_twoOperationsParams,jPET,100.00,C,4,run-05-30sec,101
O1,O1_twoOperationsWithCheck,jPET,100.00,C,5,run-05-30sec,100
O1,O1_twoOperationsWithNocheck,jPET,100.00,C,5,run-05-30sec,100
O2,O2_guessResult,jPET,100.00,C,18,run-05-30sec,201
O2,O2_guessResultParams,jPET,100.00,C,16,run-05-30sec,201
O3a,O3a_guessResult,jPET,,N/A,,run-05-30sec,101
O3a,O3a_guessResultParams,jPET,100.00,C,16,run-05-30sec,201
O3b,O3b_guess,jPET,33.33,NC,1,run-05-30sec,100
O3b,O3b_guessImpossible,jPET,33.33,NC,1,run-05-30sec,101
O3b,O3b_validate,jPET,33.33,NC,1,run-05-30sec,101
O3c,O3c_guess,jPET,,N/A,,run-05-30sec,100
O3c,O3c_guessImpossible,jPET,,N/A,,run-05-30sec,101
O3c,O3c_validate,jPET,,N/A,,run-05-30sec,101
O4,O4_guessImpossible,jPET,11.76,NC,17,run-05-30sec,201
O4,O4_guessImpossibleParams,jPET,87.50,C,8,run-05-30sec,200
O4,O4_guessResult,jPET,11.76,NC,17,run-05-30sec,201
O4,O4_guessResultParams,jPET,93.75,C,15,run-05-30sec,201
G1,G1_guessType,jPET,80.00,C,5,run-05-30sec,100
G1,G1_guessTypeAndUse,jPET,,N/A,,run-05-30sec,101
G1,G1_guessTypeWithExtends,jPET,60.00,C,5,run-05-30sec,101
G1,G1_guessTypeWithExtendsAndUse,jPET,,N/A,,run-05-30sec,101
G2,G2_guessDescendant,jPET,0.00,NC,1,run-05-30sec,101
G2,G2_guessImpossible,jPET,,N/A,,run-05-30sec,101
G2,G2_guessInteger,jPET,,N/A,,run-05-30sec,101
G2,G2_guessIntegerNoHelp,jPET,,N/A,,run-05-30sec,100
G2,G2_guessSafe,jPET,50.00,C,2,run-05-30sec,101
G2,G2_guessSafeNoHelp,jPET,50.00,C,4,run-05-30sec,101
L1,L1_abs,jPET,,N/A,,run-05-30sec,101
L1,L1_absImpossible,jPET,,N/A,,run-05-30sec,101
L1,L1_cbrt,jPET,75.00,NC,1,run-05-30sec,100
L1,L1_cos,jPET,,N/A,,run-05-30sec,101
L1,L1_cosImpossible,jPET,,N/A,,run-05-30sec,100
L1,L1_log10GuessArgument,jPET,75.00,NC,1,run-05-30sec,100
L1,L1_logGuessArgument,jPET,,N/A,,run-05-30sec,101
L1,L1_logGuessBase,jPET,,N/A,,run-05-30sec,100
L1,L1_logGuessBaseAndArgument,jPET,,N/A,,run-05-30sec,101
L1,L1_minMax,jPET,,N/A,,run-05-30sec,101
L1,L1_minMaxImpossible,jPET,,N/A,,run-05-30sec,100
L1,L1_minMaxWithOrder,jPET,,N/A,,run-05-30sec,101
L1,L1_powGuessBase,jPET,,N/A,,run-05-30sec,101
L1,L1_powGuessBaseAndExponent,jPET,,N/A,,run-05-30sec,100
L1,L1_powGuessExponent,jPET,,N/A,,run-05-30sec,100
L1,L1_sin,jPET,,N/A,,run-05-30sec,101
L1,L1_sinImpossible,jPET,,N/A,,run-05-30sec,101
L1,L1_sqrt,jPET,,N/A,,run-05-30sec,101
L1,L1_sqrtImpossible,jPET,,N/A,,run-05-30sec,100
L1,L1_tan,jPET,,N/A,,run-05-30sec,100
L2,L2_add,jPET,,N/A,,run-05-30sec,101
L2,L2_addWithCondition,jPET,,N/A,,run-05-30sec,101
L2,L2_charAt,jPET,,N/A,,run-05-30sec,100
L2,L2_compareTo,jPET,,N/A,,run-05-30sec,101
L2,L2_compareToIgnoreCase,jPET,,N/A,,run-05-30sec,100
L2,L2_equality,jPET,,N/A,,run-05-30sec,101
L2,L2_equalityIgnoreCase,jPET,,N/A,,run-05-30sec,100
L2,L2_indexOf,jPET,,N/A,,run-05-30sec,100
L2,L2_length,jPET,,N/A,,run-05-30sec,101
L2,L2_regionEquality,jPET,,N/A,,run-05-30sec,101
L2,L2_startsEnds,jPET,,N/A,,run-05-30sec,101
L2,L2_substring,jPET,,N/A,,run-05-30sec,100
L2,L2_switchString,jPET,,N/A,,run-05-30sec,100
L3,L3_guessDouble,jPET,,N/A,,run-05-30sec,100
L3,L3_guessInteger,jPET,,N/A,,run-05-30sec,101
L3,L3_integerOverflow,jPET,,N/A,,run-05-30sec,100
L4,L4_guessElementAndIndex,jPET,,N/A,,run-05-30sec,100
L4,L4_guessElements,jPET,,N/A,,run-05-30sec,100
L4,L4_guessGenericListWithElement,jPET,,N/A,,run-05-30sec,100
L4,L4_guessGenericListWithSize,jPET,,N/A,,run-05-30sec,100
L4,L4_guessGenericVectorWithElement,jPET,,N/A,,run-05-30sec,100
L4,L4_guessGenericVectorWithSize,jPET,,N/A,,run-05-30sec,100
L4,L4_guessIndices,jPET,,N/A,,run-05-30sec,100
L4,L4_guessListWithSize,jPET,,N/A,,run-05-30sec,100
L4,L4_guessSize,jPET,,N/A,,run-05-30sec,101
L4,L4_guessSizeAndElements,jPET,,N/A,,run-05-30sec,100
L4,L4_guessVectorWithSize,jPET,,N/A,,run-05-30sec,100
LO,LO_associatesAPIGuessDate,jPET,,N/A,,run-05-30sec,100
LO,LO_associatesAPIGuessValidDateFormat,jPET,,N/A,,run-05-30sec,100
LO,LO_guessUUID,jPET,,N/A,,run-05-30sec,100
LO,LO_guessValidUUID,jPET,,N/A,,run-05-30sec,100
LO,LO_inheritsAPIGuessOneObject,jPET,75.00,C,4,run-05-30sec,100
LO,LO_inheritsAPIGuessOnePrimitive,jPET,,N/A,,run-05-30sec,100
LO,LO_inheritsAPIGuessTwoObjects,jPET,,N/A,,run-05-30sec,100
LO,LO_inheritsAPIGuessTwoPrimitives,jPET,,N/A,,run-05-30sec,100
LO,LO_regexCaseInsensitive,jPET,,N/A,,run-05-30sec,100
LO,LO_regexCaseSensitive,jPET,,N/A,,run-05-30sec,100
Others,Others_guess,jPET,100.00,C,5,run-05-30sec,101
Others,Others_guessEnum,jPET,18.18,NC,1,run-05-30sec,101
Others,Others_guessEnumOrdinal,jPET,,EX,,run-05-30sec,100
Others,Others_guessEnumString,jPET,,EX,,run-05-30sec,100
Others,Others_guessWithLength,jPET,100.00,C,5,run-05-30sec,101
Others,Others_iterateWithFor,jPET,100.00,C,17,run-05-30sec,100
Others,Others_iterateWithForeach,jPET,100.00,C,17,run-05-30sec,201
Others,Others_minMax,jPET,,N/A,,run-05-30sec,101
Others,Others_minMaxImpossible,jPET,,N/A,,run-05-30sec,100
Others,Others_minMaxWithOrder,jPET,,N/A,,run-05-30sec,101
Others,Others_switchEnum,jPET,,EX,,run-05-30sec,101
Others,Others_test,jPET,100.00,C,2,run-05-30sec,101
B1a,B1a_oneParamBoolean,jPET,100.00,C,2,run-06-30sec,100
B1a,B1a_oneParamByte,jPET,,N/A,,run-06-30sec,101
B1a,B1a_oneParamChar,jPET,,N/A,,run-06-30sec,100
B1a,B1a_oneParamDouble,jPET,100.00,C,1,run-06-30sec,100
B1a,B1a_oneParamFloat,jPET,100.00,C,1,run-06-30sec,101
B1a,B1a_oneParamInt,jPET,100.00,C,1,run-06-30sec,101
B1a,B1a_oneParamLong,jPET,100.00,C,1,run-06-30sec,100
B1a,B1a_oneParamShort,jPET,,N/A,,run-06-30sec,101
B1a,B1a_twoParamBoolean,jPET,,N/A,,run-06-30sec,100
B1a,B1a_twoParamByte,jPET,,N/A,,run-06-30sec,101
B1a,B1a_twoParamChar,jPET,,N/A,,run-06-30sec,100
B1a,B1a_twoParamDouble,jPET,100.00,C,1,run-06-30sec,100
B1a,B1a_twoParamFloat,jPET,100.00,C,1,run-06-30sec,100
B1a,B1a_twoParamInt,jPET,100.00,C,1,run-06-30sec,101
B1a,B1a_twoParamLong,jPET,100.00,C,1,run-06-30sec,100
B1a,B1a_twoParamShort,jPET,,N/A,,run-06-30sec,100
B1b,B1b_constBoolean,jPET,100.00,C,1,run-06-30sec,101
B1b,B1b_constByte,jPET,100.00,C,1,run-06-30sec,101
B1b,B1b_constChar,jPET,100.00,C,1,run-06-30sec,100
B1b,B1b_constDouble,jPET,100.00,C,1,run-06-30sec,100
B1b,B1b_constFloat,jPET,100.00,C,1,run-06-30sec,100
B1b,B1b_constInt,jPET,100.00,C,1,run-06-30sec,100
B1b,B1b_constLong,jPET,100.00,C,1,run-06-30sec,100
B1b,B1b_constShort,jPET,100.00,C,1,run-06-30sec,101
B1c,B1c_add,jPET,100.00,C,1,run-06-30sec,100
B1c,B1c_addAssignment,jPET,100.00,C,1,run-06-30sec,101
B1c,B1c_divide,jPET,100.00,C,2,run-06-30sec,101
B1c,B1c_divideAssignment,jPET,100.00,C,2,run-06-30sec,101
B1c,B1c_modulo,jPET,100.00,C,2,run-06-30sec,100
B1c,B1c_moduloAssignment,jPET,100.00,C,2,run-06-30sec,101
B1c,B1c_multiply,jPET,100.00,C,1,run-06-30sec,100
B1c,B1c_multiplyAssignment,jPET,100.00,C,1,run-06-30sec,101
B1c,B1c_postfixMinusMinus,jPET,100.00,C,1,run-06-30sec,101
B1c,B1c_postfixPlusplus,jPET,100.00,C,1,run-06-30sec,100
B1c,B1c_substract,jPET,100.00,C,1,run-06-30sec,100
B1c,B1c_substractAssignment,jPET,100.00,C,1,run-06-30sec,100
B1c,B1c_unaryMinus,jPET,100.00,C,1,run-06-30sec,101
B1c,B1c_unaryMinusMinus,jPET,100.00,C,1,run-06-30sec,101
B1c,B1c_unaryPlus,jPET,100.00,C,1,run-06-30sec,101
B1c,B1c_unaryPlusPlus,jPET,100.00,C,1,run-06-30sec,101
B1d,B1d_and,jPET,100.00,C,3,run-06-30sec,101
B1d,B1d_equal,jPET,100.00,C,2,run-06-30sec,100
B1d,B1d_greater,jPET,100.00,C,2,run-06-30sec,101
B1d,B1d_greaterOrEqual,jPET,100.00,C,2,run-06-30sec,101
B1d,B1d_negate,jPET,100.00,C,2,run-06-30sec,100
B1d,B1d_notEqual,jPET,100.00,C,2,run-06-30sec,101
B1d,B1d_or,jPET,100.00,C,3,run-06-30sec,101
B1d,B1d_smaller,jPET,100.00,C,2,run-06-30sec,101
B1d,B1d_smallerOrEqual,jPET,100.00,C,2,run-06-30sec,100
B1e,B1e_and,jPET,,N/A,,run-06-30sec,100
B1e,B1e_andAssignment,jPET,,N/A,,run-06-30sec,100
B1e,B1e_negate,jPET,,N/A,,run-06-30sec,100
B1e,B1e_or,jPET,,N/A,,run-06-30sec,101
B1e,B1e_orAssignment,jPET,,N/A,,run-06-30sec,101
B1e,B1e_shiftLeft,jPET,,N/A,,run-06-30sec,100
B1e,B1e_shiftLeftAssignment,jPET,,N/A,,run-06-30sec,101
B1e,B1e_shiftRight,jPET,,N/A,,run-06-30sec,100
B1e,B1e_shiftRightAssignment,jPET,,N/A,,run-06-30sec,101
B1e,B1e_shiftRightUnsigned,jPET,,N/A,,run-06-30sec,100
B1e,B1e_shiftRightUnsignedAssignment,jPET,,N/A,,run-06-30sec,101
B1e,B1e_xor,jPET,,N/A,,run-06-30sec,101
B1e,B1e_xorAssignment,jPET,,N/A,,run-06-30sec,101
B2a,B2a_oneParamBoolean,jPET,100.00,C,2,run-06-30sec,100
B2a,B2a_oneParamDouble,jPET,,N/A,,run-06-30sec,101
B2a,B2a_oneParamInt,jPET,100.00,C,4,run-06-30sec,101
B2a,B2a_twoParamsBoolean,jPET,66.67,C,4,run-06-30sec,100
B2a,B2a_twoParamsDouble,jPET,66.67,C,7,run-06-30sec,100
B2a,B2a_twoParamsInt,jPET,66.67,C,7,run-06-30sec,100
B2b,B2b_oneParamBoolean,jPET,100.00,C,2,run-06-30sec,100
B2b,B2b_oneParamInt,jPET,100.00,C,2,run-06-30sec,100
B2b,B2b_twoParamsBoolean,jPET,100.00,C,3,run-06-30sec,100
B2b,B2b_twoParamsInt,jPET,100.00,C,3,run-06-30sec,101
B2c,B2c_missingBreaks,jPET,100.00,C,5,run-06-30sec,100
B2c,B2c_simple,jPET,100.00,C,5,run-06-30sec,100
B2c,B2c_withReturn,jPET,100.00,C,5,run-06-30sec,100
B2d,B2d_oneParamDouble,jPET,,N/A,,run-06-30sec,100
B2d,B2d_oneParamFloat,jPET,,N/A,,run-06-30sec,101
B2d,B2d_oneParamInt,jPET,100.00,C,2,run-06-30sec,100
B2d,B2d_oneParamIntNoSolution,jPET,50.00,C,1,run-06-30sec,279
B2d,B2d_quadraticDouble,jPET,,N/A,,run-06-30sec,100
B2d,B2d_quadraticDoubleNoSolution,jPET,,N/A,,run-06-30sec,101
B2d,B2d_quadraticFloat,jPET,,N/A,,run-06-30sec,101
B2d,B2d_quadraticFloatNoSolution,jPET,,N/A,,run-06-30sec,100
B2d,B2d_quadraticInt,jPET,100.00,C,4,run-06-30sec,101
B2d,B2d_quadraticIntNoSolution,jPET,,T/M,,run-06-30sec,30127
B2d,B2d_threeParamsDouble,jPET,,N/A,,run-06-30sec,101
B2d,B2d_threeParamsFloat,jPET,,N/A,,run-06-30sec,100
B2d,B2d_threeParamsInt,jPET,,T/M,,run-06-30sec,30164
B2d,B2d_threeParamsIntNoSolution,jPET,,T/M,,run-06-30sec,30125
B2d,B2d_twoParamsDouble,jPET,,N/A,,run-06-30sec,101
B2d,B2d_twoParamsFloat,jPET,,N/A,,run-06-30sec,101
B2d,B2d_twoParamsInt,jPET,100.00,C,3,run-06-30sec,101
B2d,B2d_twoParamsIntNoSolution,jPET,66.00,C,2,run-06-30sec,100
B3a,B3a_complex,jPET,78.00,C,165,run-06-30sec,1048
B3a,B3a_infinite,jPET,0.00,C,1,run-06-30sec,101
B3a,B3a_infiniteNotOptimalizable,jPET,0.00,C,1,run-06-30sec,100
B3a,B3a_nestedLoop,jPET,100.00,C,25,run-06-30sec,6005
B3a,B3a_nestedLoopWithLabel,jPET,100.00,C,28,run-06-30sec,6505
B3a,B3a_withConditionAndLimit,jPET,100.00,C,10,run-06-30sec,101
B3a,B3a_withConditionNoLimit,jPET,100.00,C,10,run-06-30sec,801
B3a,B3a_withContinueBreak,jPET,90.91,NC,10,run-06-30sec,100
B3a,B3a_withLimit,jPET,100.00,C,10,run-06-30sec,100
B3b,B3b_complex,jPET,75.00,C,165,run-06-30sec,1001
B3b,B3b_infinite,jPET,0.00,C,1,run-06-30sec,101
B3b,B3b_infiniteNotOptimalizable,jPET,0.00,C,1,run-06-30sec,100
B3b,B3b_nestedLoop,jPET,100.00,C,15,run-06-30sec,3504
B3b,B3b_nestedLoopWithLabel,jPET,100.00,C,20,run-06-30sec,4805
B3b,B3b_withConditionAndLimit,jPET,100.00,C,10,run-06-30sec,100
B3b,B3b_withConditionNoLimit,jPET,100.00,C,10,run-06-30sec,700
B3b,B3b_withContinueBreak,jPET,87.50,NC,10,run-06-30sec,100
B3b,B3b_withLimit,jPET,100.00,C,10,run-06-30sec,101
B3c,B3c_complex,jPET,78.00,C,175,run-06-30sec,1002
B3c,B3c_infinite,jPET,0.00,C,1,run-06-30sec,101
B3c,B3c_infiniteNotOptimalizable,jPET,0.00,C,1,run-06-30sec,100
B3c,B3c_nestedLoop,jPET,100.00,C,37,run-06-30sec,9477
B3c,B3c_nestedLoopWithLabel,jPET,100.00,C,42,run-06-30sec,10466
B3c,B3c_withConditionAndLimit,jPET,100.00,C,11,run-06-30sec,100
B3c,B3c_withConditionNoLimit,jPET,100.00,C,11,run-06-30sec,801
B3c,B3c_withContinueBreak,jPET,90.91,NC,10,run-06-30sec,100
B3c,B3c_withLimit,jPET,100.00,C,11,run-06-30sec,101
B4a,B4a_fromParams,jPET,100.00,C,4,run-06-30sec,101
B4a,B4a_fromParamsWithIndex,jPET,83.33,NC,5,run-06-30sec,100
B4a,B4a_guessLength,jPET,100.00,C,2,run-06-30sec,101
B4a,B4a_guessOneArray,jPET,100.00,C,5,run-06-30sec,101
B4a,B4a_guessOneArrayWithLength,jPET,100.00,C,5,run-06-30sec,101
B4a,B4a_indexParam,jPET,83.33,NC,3,run-06-30sec,100
B4a,B4a_iterateWithFor,jPET,100.00,C,17,run-06-30sec,200
B4a,B4a_iterateWithForeach,jPET,100.00,C,17,run-06-30sec,200
B4a,B4a_twoArrays,jPET,100.00,C,7,run-06-30sec,101
B4b,B4b_fromParams,jPET,100.00,C,4,run-06-30sec,100
B4b,B4b_fromParamsWithIndex,jPET,75.00,NC,3,run-06-30sec,101
B4b,B4b_guessLength,jPET,100.00,C,2,run-06-30sec,101
B4b,B4b_guessOneArray,jPET,100.00,C,4,run-06-30sec,101
B4b,B4b_guessOneArrayWithLength,jPET,100.00,C,5,run-06-30sec,100
B4b,B4b_indexParam,jPET,75.00,NC,1,run-06-30sec,100
B4b,B4b_iterateWithFor,jPET,100.00,C,17,run-06-30sec,200
B4b,B4b_iterateWithForeach,jPET,100.00,C,17,run-06-30sec,201
B4b,B4b_twoArrays,jPET,100.00,C,5,run-06-30sec,200
B5a1,B5a1_conditionalCall,jPET,100.00,C,8,run-06-30sec,204
B5a1,B5a1_simple,jPET,100.00,C,7,run-06-30sec,202
B5a1,B5a1_useReturnValue,jPET,100.00,C,7,run-06-30sec,203
B5a2,B5a2_conditionalCall,jPET,100.00,C,8,run-06-30sec,203
B5a2,B5a2_simple,jPET,100.00,C,7,run-06-30sec,100
B5a2,B5a2_useReturnValue,jPET,100.00,C,7,run-06-30sec,204
B5b1,B5b1_fibonacci,jPET,100.00,C,11,run-06-30sec,915
B5b1,B5b1_simple,jPET,100.00,C,10,run-06-30sec,308
B5b2,B5b2_fibonacci,jPET,100.00,C,11,run-06-30sec,609
B5b2,B5b2_simple,jPET,100.00,C,10,run-06-30sec,101
B6a,B6a_always,jPET,,N/A,,run-06-30sec,101
B6a,B6a_call,jPET,,N/A,,run-06-30sec,100
B6a,B6a_conditionalAndLoop,jPET,,N/A,,run-06-30sec,101
B6a,B6a_recursive,jPET,,N/A,,run-06-30sec,101
B6a,B6a_tryCatch,jPET,,N/A,,run-06-30sec,100
B6a,B6a_tryCatchFinally,jPET,,N/A,,run-06-30sec,101
B6b,B6b_always,jPET,100.00,C,1,run-06-30sec,101
B6b,B6b_call,jPET,100.00,C,7,run-06-30sec,101
B6b,B6b_conditionalAndLoop,jPET,100.00,C,12,run-06-30sec,100
B6b,B6b_recursive,jPET,100.00,C,10,run-06-30sec,201
B6b,B6b_tryCatch,jPET,100.00,C,7,run-06-30sec,100
B6b,B6b_tryCatchFinally,jPET,100.00,C,39,run-06-30sec,201
B6c,B6c_arithmeticException,jPET,100.00,C,2,run-06-30sec,101
B6c,B6c_arrayIndexOutOfBoundsException,jPET,66.67,NC,1,run-06-30sec,100
B6c,B6c_classCastException,jPET,,N/A,,run-06-30sec,101
B6c,B6c_illegalArgumentException,jPET,,N/A,,run-06-30sec,100
B6c,B6c_illegalStateException,jPET,100.00,C,2,run-06-30sec,101
B6c,B6c_indexOutOfBoundsException,jPET,,N/A,,run-06-30sec,101
B6c,B6c_nullPointerException,jPET,,N/A,,run-06-30sec,100
B6c,B6c_securityException,jPET,,N/A,,run-06-30sec,101
B6c,B6c_unsupportedOperationException,jPET,100.00,C,2,run-06-30sec,101
S1,S1_returnStructure,jPET,100.00,C,2,run-06-30sec,101
S1,S1_returnStructureParams,jPET,100.00,C,1,run-06-30sec,100
S1,S1_useStructure,jPET,100.00,C,2,run-06-30sec,101
S1,S1_useStructureParams,jPET,100.00,C,1,run-06-30sec,100
S2,S2_oneStructure,jPET,100.00,C,8,run-06-30sec,100
S2,S2_oneStructureParams,jPET,100.00,C,7,run-06-30sec,101
S2,S2_twoStructures,jPET,100.00,C,9,run-06-30sec,201
S2,S2_twoStructuresParams,jPET,100.00,C,7,run-06-30sec,201
S3,S3_arrayOfStructures,jPET,100.00,C,2047,run-06-30sec,23361
S3,S3_arrayOfStructuresParams,jPET,100.00,C,1026,run-06-30sec,22894
S3,S3_noLimit,jPET,,T/M,,run-06-30sec,30124
S3,S3_noLimitParams,jPET,,T/M,,run-06-30sec,30179
S3,S3_withLimit,jPET,,T/M,,run-06-30sec,30139
S3,S3_withLimitParams,jPET,,T/M,,run-06-30sec,30129
S4,S4_guess,jPET,100.00,C,12,run-06-30sec,101
S4,S4_guessCoordinates,jPET,100.00,C,11,run-06-30sec,201
S4,S4_guessParams,jPET,100.00,C,9,run-06-30sec,200
O1,O1_fullCoverage,jPET,100.00,C,13,run-06-30sec,200
O1,O1_guessImpossibleObject,jPET,66.00,C,4,run-06-30sec,100
O1,O1_guessImpossibleOperationCount,jPET,85.00,C,21,run-06-30sec,301
O1,O1_guessImpossibleOperationCountParams,jPET,83.00,C,10,run-06-30sec,201
O1,O1_guessImpossibleResult,jPET,90.00,C,17,run-06-30sec,200
O1,O1_guessImpossibleResultAndOperationCount,jPET,,T/M,,run-06-30sec,30125
O1,O1_guessImpossibleResultAndOperationCountParams,jPET,75.00,C,25,run-06-30sec,301
O1,O1_guessImpossibleResultParams,jPET,91.67,C,8,run-06-30sec,201
O1,O1_guessObject,jPET,100.00,C,4,run-06-30sec,101
O1,O1_guessOperationCount,jPET,100.00,C,21,run-06-30sec,300
O1,O1_guessOperationCountParams,jPET,100.00,C,10,run-06-30sec,201
O1,O1_guessResult,jPET,100.00,C,17,run-06-30sec,201
O1,O1_guessResultAndOperationCount,jPET,,T/M,,run-06-30sec,30125
O1,O1_guessResultAndOperationCountParams,jPET,100.00,C,25,run-06-30sec,301
O1,O1_guessResultParams,jPET,100.00,C,16,run-06-30sec,201
O1,O1_oneOperationNoCheck,jPET,100.00,C,3,run-06-30sec,101
O1,O1_oneOperationParams,jPET,100.00,C,2,run-06-30sec,100
O1,O1_oneOperationWithCheck,jPET,100.00,C,3,run-06-30sec,100
O1,O1_twoOperationsParams,jPET,100.00,C,4,run-06-30sec,101
O1,O1_twoOperationsWithCheck,jPET,100.00,C,5,run-06-30sec,100
O1,O1_twoOperationsWithNocheck,jPET,100.00,C,5,run-06-30sec,101
O2,O2_guessResult,jPET,100.00,C,18,run-06-30sec,201
O2,O2_guessResultParams,jPET,100.00,C,16,run-06-30sec,201
O3a,O3a_guessResult,jPET,,N/A,,run-06-30sec,101
O3a,O3a_guessResultParams,jPET,100.00,C,16,run-06-30sec,200
O3b,O3b_guess,jPET,33.33,NC,1,run-06-30sec,101
O3b,O3b_guessImpossible,jPET,33.33,NC,1,run-06-30sec,101
O3b,O3b_validate,jPET,33.33,NC,1,run-06-30sec,101
O3c,O3c_guess,jPET,,N/A,,run-06-30sec,101
O3c,O3c_guessImpossible,jPET,,N/A,,run-06-30sec,100
O3c,O3c_validate,jPET,,N/A,,run-06-30sec,100
O4,O4_guessImpossible,jPET,11.76,NC,17,run-06-30sec,201
O4,O4_guessImpossibleParams,jPET,87.50,C,8,run-06-30sec,201
O4,O4_guessResult,jPET,11.76,NC,17,run-06-30sec,200
O4,O4_guessResultParams,jPET,93.75,C,15,run-06-30sec,201
G1,G1_guessType,jPET,80.00,C,5,run-06-30sec,101
G1,G1_guessTypeAndUse,jPET,,N/A,,run-06-30sec,101
G1,G1_guessTypeWithExtends,jPET,60.00,C,5,run-06-30sec,100
G1,G1_guessTypeWithExtendsAndUse,jPET,,N/A,,run-06-30sec,100
G2,G2_guessDescendant,jPET,0.00,NC,1,run-06-30sec,101
G2,G2_guessImpossible,jPET,,N/A,,run-06-30sec,100
G2,G2_guessInteger,jPET,,N/A,,run-06-30sec,100
G2,G2_guessIntegerNoHelp,jPET,,N/A,,run-06-30sec,101
G2,G2_guessSafe,jPET,50.00,C,2,run-06-30sec,101
G2,G2_guessSafeNoHelp,jPET,50.00,C,4,run-06-30sec,101
L1,L1_abs,jPET,,N/A,,run-06-30sec,101
L1,L1_absImpossible,jPET,,N/A,,run-06-30sec,101
L1,L1_cbrt,jPET,75.00,NC,1,run-06-30sec,101
L1,L1_cos,jPET,,N/A,,run-06-30sec,101
L1,L1_cosImpossible,jPET,,N/A,,run-06-30sec,101
L1,L1_log10GuessArgument,jPET,75.00,NC,1,run-06-30sec,101
L1,L1_logGuessArgument,jPET,,N/A,,run-06-30sec,101
L1,L1_logGuessBase,jPET,,N/A,,run-06-30sec,101
L1,L1_logGuessBaseAndArgument,jPET,,N/A,,run-06-30sec,101
L1,L1_minMax,jPET,,N/A,,run-06-30sec,100
L1,L1_minMaxImpossible,jPET,,N/A,,run-06-30sec,101
L1,L1_minMaxWithOrder,jPET,,N/A,,run-06-30sec,101
L1,L1_powGuessBase,jPET,,N/A,,run-06-30sec,100
L1,L1_powGuessBaseAndExponent,jPET,,N/A,,run-06-30sec,101
L1,L1_powGuessExponent,jPET,,N/A,,run-06-30sec,101
L1,L1_sin,jPET,,N/A,,run-06-30sec,100
L1,L1_sinImpossible,jPET,,N/A,,run-06-30sec,100
L1,L1_sqrt,jPET,,N/A,,run-06-30sec,101
L1,L1_sqrtImpossible,jPET,,N/A,,run-06-30sec,101
L1,L1_tan,jPET,,N/A,,run-06-30sec,100
L2,L2_add,jPET,,N/A,,run-06-30sec,101
L2,L2_addWithCondition,jPET,,N/A,,run-06-30sec,101
L2,L2_charAt,jPET,,N/A,,run-06-30sec,100
L2,L2_compareTo,jPET,,N/A,,run-06-30sec,100
L2,L2_compareToIgnoreCase,jPET,,N/A,,run-06-30sec,100
L2,L2_equality,jPET,,N/A,,run-06-30sec,101
L2,L2_equalityIgnoreCase,jPET,,N/A,,run-06-30sec,101
L2,L2_indexOf,jPET,,N/A,,run-06-30sec,100
L2,L2_length,jPET,,N/A,,run-06-30sec,101
L2,L2_regionEquality,jPET,,N/A,,run-06-30sec,100
L2,L2_startsEnds,jPET,,N/A,,run-06-30sec,101
L2,L2_substring,jPET,,N/A,,run-06-30sec,101
L2,L2_switchString,jPET,,N/A,,run-06-30sec,100
L3,L3_guessDouble,jPET,,N/A,,run-06-30sec,100
L3,L3_guessInteger,jPET,,N/A,,run-06-30sec,100
L3,L3_integerOverflow,jPET,,N/A,,run-06-30sec,100
L4,L4_guessElementAndIndex,jPET,,N/A,,run-06-30sec,100
L4,L4_guessElements,jPET,,N/A,,run-06-30sec,100
L4,L4_guessGenericListWithElement,jPET,,N/A,,run-06-30sec,100
L4,L4_guessGenericListWithSize,jPET,,N/A,,run-06-30sec,100
L4,L4_guessGenericVectorWithElement,jPET,,N/A,,run-06-30sec,100
L4,L4_guessGenericVectorWithSize,jPET,,N/A,,run-06-30sec,100
L4,L4_guessIndices,jPET,,N/A,,run-06-30sec,100
L4,L4_guessListWithSize,jPET,,N/A,,run-06-30sec,100
L4,L4_guessSize,jPET,,N/A,,run-06-30sec,101
L4,L4_guessSizeAndElements,jPET,,N/A,,run-06-30sec,100
L4,L4_guessVectorWithSize,jPET,,N/A,,run-06-30sec,100
LO,LO_associatesAPIGuessDate,jPET,,N/A,,run-06-30sec,100
LO,LO_associatesAPIGuessValidDateFormat,jPET,,N/A,,run-06-30sec,101
LO,LO_guessUUID,jPET,,N/A,,run-06-30sec,100
LO,LO_guessValidUUID,jPET,,N/A,,run-06-30sec,100
LO,LO_inheritsAPIGuessOneObject,jPET,75.00,C,4,run-06-30sec,100
LO,LO_inheritsAPIGuessOnePrimitive,jPET,,N/A,,run-06-30sec,100
LO,LO_inheritsAPIGuessTwoObjects,jPET,,N/A,,run-06-30sec,100
LO,LO_inheritsAPIGuessTwoPrimitives,jPET,,N/A,,run-06-30sec,100
LO,LO_regexCaseInsensitive,jPET,,N/A,,run-06-30sec,100
LO,LO_regexCaseSensitive,jPET,,N/A,,run-06-30sec,100
Others,Others_guess,jPET,100.00,C,5,run-06-30sec,100
Others,Others_guessEnum,jPET,18.18,NC,1,run-06-30sec,100
Others,Others_guessEnumOrdinal,jPET,,EX,,run-06-30sec,100
Others,Others_guessEnumString,jPET,,EX,,run-06-30sec,100
Others,Others_guessWithLength,jPET,100.00,C,5,run-06-30sec,100
Others,Others_iterateWithFor,jPET,100.00,C,17,run-06-30sec,100
Others,Others_iterateWithForeach,jPET,100.00,C,17,run-06-30sec,200
Others,Others_minMax,jPET,,N/A,,run-06-30sec,100
Others,Others_minMaxImpossible,jPET,,N/A,,run-06-30sec,100
Others,Others_minMaxWithOrder,jPET,,N/A,,run-06-30sec,100
Others,Others_switchEnum,jPET,,EX,,run-06-30sec,100
Others,Others_test,jPET,100.00,C,2,run-06-30sec,101
B1a,B1a_oneParamBoolean,jPET,100.00,C,2,run-07-30sec,101
B1a,B1a_oneParamByte,jPET,,N/A,,run-07-30sec,100
B1a,B1a_oneParamChar,jPET,,N/A,,run-07-30sec,100
B1a,B1a_oneParamDouble,jPET,100.00,C,1,run-07-30sec,100
B1a,B1a_oneParamFloat,jPET,100.00,C,1,run-07-30sec,100
B1a,B1a_oneParamInt,jPET,100.00,C,1,run-07-30sec,100
B1a,B1a_oneParamLong,jPET,100.00,C,1,run-07-30sec,100
B1a,B1a_oneParamShort,jPET,,N/A,,run-07-30sec,100
B1a,B1a_twoParamBoolean,jPET,,N/A,,run-07-30sec,100
B1a,B1a_twoParamByte,jPET,,N/A,,run-07-30sec,101
B1a,B1a_twoParamChar,jPET,,N/A,,run-07-30sec,100
B1a,B1a_twoParamDouble,jPET,100.00,C,1,run-07-30sec,101
B1a,B1a_twoParamFloat,jPET,100.00,C,1,run-07-30sec,101
B1a,B1a_twoParamInt,jPET,100.00,C,1,run-07-30sec,101
B1a,B1a_twoParamLong,jPET,100.00,C,1,run-07-30sec,101
B1a,B1a_twoParamShort,jPET,,N/A,,run-07-30sec,100
B1b,B1b_constBoolean,jPET,100.00,C,1,run-07-30sec,100
B1b,B1b_constByte,jPET,100.00,C,1,run-07-30sec,101
B1b,B1b_constChar,jPET,100.00,C,1,run-07-30sec,100
B1b,B1b_constDouble,jPET,100.00,C,1,run-07-30sec,100
B1b,B1b_constFloat,jPET,100.00,C,1,run-07-30sec,100
B1b,B1b_constInt,jPET,100.00,C,1,run-07-30sec,100
B1b,B1b_constLong,jPET,100.00,C,1,run-07-30sec,101
B1b,B1b_constShort,jPET,100.00,C,1,run-07-30sec,100
B1c,B1c_add,jPET,100.00,C,1,run-07-30sec,101
B1c,B1c_addAssignment,jPET,100.00,C,1,run-07-30sec,100
B1c,B1c_divide,jPET,100.00,C,2,run-07-30sec,101
B1c,B1c_divideAssignment,jPET,100.00,C,2,run-07-30sec,101
B1c,B1c_modulo,jPET,100.00,C,2,run-07-30sec,101
B1c,B1c_moduloAssignment,jPET,100.00,C,2,run-07-30sec,101
B1c,B1c_multiply,jPET,100.00,C,1,run-07-30sec,100
B1c,B1c_multiplyAssignment,jPET,100.00,C,1,run-07-30sec,101
B1c,B1c_postfixMinusMinus,jPET,100.00,C,1,run-07-30sec,101
B1c,B1c_postfixPlusplus,jPET,100.00,C,1,run-07-30sec,100
B1c,B1c_substract,jPET,100.00,C,1,run-07-30sec,100
B1c,B1c_substractAssignment,jPET,100.00,C,1,run-07-30sec,100
B1c,B1c_unaryMinus,jPET,100.00,C,1,run-07-30sec,101
B1c,B1c_unaryMinusMinus,jPET,100.00,C,1,run-07-30sec,100
B1c,B1c_unaryPlus,jPET,100.00,C,1,run-07-30sec,101
B1c,B1c_unaryPlusPlus,jPET,100.00,C,1,run-07-30sec,101
B1d,B1d_and,jPET,100.00,C,3,run-07-30sec,101
B1d,B1d_equal,jPET,100.00,C,2,run-07-30sec,101
B1d,B1d_greater,jPET,100.00,C,2,run-07-30sec,101
B1d,B1d_greaterOrEqual,jPET,100.00,C,2,run-07-30sec,100
B1d,B1d_negate,jPET,100.00,C,2,run-07-30sec,100
B1d,B1d_notEqual,jPET,100.00,C,2,run-07-30sec,101
B1d,B1d_or,jPET,100.00,C,3,run-07-30sec,100
B1d,B1d_smaller,jPET,100.00,C,2,run-07-30sec,100
B1d,B1d_smallerOrEqual,jPET,100.00,C,2,run-07-30sec,100
B1e,B1e_and,jPET,,N/A,,run-07-30sec,100
B1e,B1e_andAssignment,jPET,,N/A,,run-07-30sec,100
B1e,B1e_negate,jPET,,N/A,,run-07-30sec,100
B1e,B1e_or,jPET,,N/A,,run-07-30sec,100
B1e,B1e_orAssignment,jPET,,N/A,,run-07-30sec,101
B1e,B1e_shiftLeft,jPET,,N/A,,run-07-30sec,101
B1e,B1e_shiftLeftAssignment,jPET,,N/A,,run-07-30sec,100
B1e,B1e_shiftRight,jPET,,N/A,,run-07-30sec,101
B1e,B1e_shiftRightAssignment,jPET,,N/A,,run-07-30sec,101
B1e,B1e_shiftRightUnsigned,jPET,,N/A,,run-07-30sec,101
B1e,B1e_shiftRightUnsignedAssignment,jPET,,N/A,,run-07-30sec,101
B1e,B1e_xor,jPET,,N/A,,run-07-30sec,101
B1e,B1e_xorAssignment,jPET,,N/A,,run-07-30sec,100
B2a,B2a_oneParamBoolean,jPET,100.00,C,2,run-07-30sec,101
B2a,B2a_oneParamDouble,jPET,,N/A,,run-07-30sec,101
B2a,B2a_oneParamInt,jPET,100.00,C,4,run-07-30sec,100
B2a,B2a_twoParamsBoolean,jPET,66.67,C,4,run-07-30sec,101
B2a,B2a_twoParamsDouble,jPET,66.67,C,7,run-07-30sec,101
B2a,B2a_twoParamsInt,jPET,66.67,C,7,run-07-30sec,100
B2b,B2b_oneParamBoolean,jPET,100.00,C,2,run-07-30sec,100
B2b,B2b_oneParamInt,jPET,100.00,C,2,run-07-30sec,100
B2b,B2b_twoParamsBoolean,jPET,100.00,C,3,run-07-30sec,100
B2b,B2b_twoParamsInt,jPET,100.00,C,3,run-07-30sec,100
B2c,B2c_missingBreaks,jPET,100.00,C,5,run-07-30sec,100
B2c,B2c_simple,jPET,100.00,C,5,run-07-30sec,100
B2c,B2c_withReturn,jPET,100.00,C,5,run-07-30sec,100
B2d,B2d_oneParamDouble,jPET,,N/A,,run-07-30sec,101
B2d,B2d_oneParamFloat,jPET,,N/A,,run-07-30sec,111
B2d,B2d_oneParamInt,jPET,100.00,C,2,run-07-30sec,101
B2d,B2d_oneParamIntNoSolution,jPET,50.00,C,1,run-07-30sec,100
B2d,B2d_quadraticDouble,jPET,,N/A,,run-07-30sec,100
B2d,B2d_quadraticDoubleNoSolution,jPET,,N/A,,run-07-30sec,100
B2d,B2d_quadraticFloat,jPET,,N/A,,run-07-30sec,100
B2d,B2d_quadraticFloatNoSolution,jPET,,N/A,,run-07-30sec,101
B2d,B2d_quadraticInt,jPET,100.00,C,4,run-07-30sec,100
B2d,B2d_quadraticIntNoSolution,jPET,,T/M,,run-07-30sec,30129
B2d,B2d_threeParamsDouble,jPET,,N/A,,run-07-30sec,100
B2d,B2d_threeParamsFloat,jPET,,N/A,,run-07-30sec,100
B2d,B2d_threeParamsInt,jPET,,T/M,,run-07-30sec,30112
B2d,B2d_threeParamsIntNoSolution,jPET,,T/M,,run-07-30sec,30131
B2d,B2d_twoParamsDouble,jPET,,N/A,,run-07-30sec,101
B2d,B2d_twoParamsFloat,jPET,,N/A,,run-07-30sec,100
B2d,B2d_twoParamsInt,jPET,100.00,C,3,run-07-30sec,101
B2d,B2d_twoParamsIntNoSolution,jPET,66.00,C,2,run-07-30sec,100
B3a,B3a_complex,jPET,78.00,C,165,run-07-30sec,1006
B3a,B3a_infinite,jPET,0.00,C,1,run-07-30sec,101
B3a,B3a_infiniteNotOptimalizable,jPET,0.00,C,1,run-07-30sec,100
B3a,B3a_nestedLoop,jPET,100.00,C,25,run-07-30sec,6009
B3a,B3a_nestedLoopWithLabel,jPET,100.00,C,28,run-07-30sec,6607
B3a,B3a_withConditionAndLimit,jPET,100.00,C,10,run-07-30sec,101
B3a,B3a_withConditionNoLimit,jPET,100.00,C,10,run-07-30sec,701
B3a,B3a_withContinueBreak,jPET,90.91,NC,10,run-07-30sec,100
B3a,B3a_withLimit,jPET,100.00,C,10,run-07-30sec,100
B3b,B3b_complex,jPET,75.00,C,165,run-07-30sec,1001
B3b,B3b_infinite,jPET,0.00,C,1,run-07-30sec,100
B3b,B3b_infiniteNotOptimalizable,jPET,0.00,C,1,run-07-30sec,101
B3b,B3b_nestedLoop,jPET,100.00,C,15,run-07-30sec,3504
B3b,B3b_nestedLoopWithLabel,jPET,100.00,C,20,run-07-30sec,4805
B3b,B3b_withConditionAndLimit,jPET,100.00,C,10,run-07-30sec,100
B3b,B3b_withConditionNoLimit,jPET,100.00,C,10,run-07-30sec,700
B3b,B3b_withContinueBreak,jPET,87.50,NC,10,run-07-30sec,100
B3b,B3b_withLimit,jPET,100.00,C,10,run-07-30sec,100
B3c,B3c_complex,jPET,78.00,C,175,run-07-30sec,1020
B3c,B3c_infinite,jPET,0.00,C,1,run-07-30sec,100
B3c,B3c_infiniteNotOptimalizable,jPET,0.00,C,1,run-07-30sec,101
B3c,B3c_nestedLoop,jPET,100.00,C,37,run-07-30sec,9390
B3c,B3c_nestedLoopWithLabel,jPET,100.00,C,42,run-07-30sec,10510
B3c,B3c_withConditionAndLimit,jPET,100.00,C,11,run-07-30sec,100
B3c,B3c_withConditionNoLimit,jPET,100.00,C,11,run-07-30sec,800
B3c,B3c_withContinueBreak,jPET,90.91,NC,10,run-07-30sec,100
B3c,B3c_withLimit,jPET,100.00,C,11,run-07-30sec,101
B4a,B4a_fromParams,jPET,100.00,C,4,run-07-30sec,101
B4a,B4a_fromParamsWithIndex,jPET,83.33,NC,5,run-07-30sec,100
B4a,B4a_guessLength,jPET,100.00,C,2,run-07-30sec,100
B4a,B4a_guessOneArray,jPET,100.00,C,5,run-07-30sec,100
B4a,B4a_guessOneArrayWithLength,jPET,100.00,C,5,run-07-30sec,101
B4a,B4a_indexParam,jPET,83.33,NC,3,run-07-30sec,100
B4a,B4a_iterateWithFor,jPET,100.00,C,17,run-07-30sec,200
B4a,B4a_iterateWithForeach,jPET,100.00,C,17,run-07-30sec,200
B4a,B4a_twoArrays,jPET,100.00,C,7,run-07-30sec,100
B4b,B4b_fromParams,jPET,100.00,C,4,run-07-30sec,100
B4b,B4b_fromParamsWithIndex,jPET,75.00,NC,3,run-07-30sec,101
B4b,B4b_guessLength,jPET,100.00,C,2,run-07-30sec,101
B4b,B4b_guessOneArray,jPET,100.00,C,4,run-07-30sec,100
B4b,B4b_guessOneArrayWithLength,jPET,100.00,C,5,run-07-30sec,101
B4b,B4b_indexParam,jPET,75.00,NC,1,run-07-30sec,101
B4b,B4b_iterateWithFor,jPET,100.00,C,17,run-07-30sec,200
B4b,B4b_iterateWithForeach,jPET,100.00,C,17,run-07-30sec,201
B4b,B4b_twoArrays,jPET,100.00,C,5,run-07-30sec,100
B5a1,B5a1_conditionalCall,jPET,100.00,C,8,run-07-30sec,101
B5a1,B5a1_simple,jPET,100.00,C,7,run-07-30sec,101
B5a1,B5a1_useReturnValue,jPET,100.00,C,7,run-07-30sec,101
B5a2,B5a2_conditionalCall,jPET,100.00,C,8,run-07-30sec,101
B5a2,B5a2_simple,jPET,100.00,C,7,run-07-30sec,100
B5a2,B5a2_useReturnValue,jPET,100.00,C,7,run-07-30sec,101
B5b1,B5b1_fibonacci,jPET,100.00,C,11,run-07-30sec,500
B5b1,B5b1_simple,jPET,100.00,C,10,run-07-30sec,201
B5b2,B5b2_fibonacci,jPET,100.00,C,11,run-07-30sec,400
B5b2,B5b2_simple,jPET,100.00,C,10,run-07-30sec,100
B6a,B6a_always,jPET,,N/A,,run-07-30sec,101
B6a,B6a_call,jPET,,N/A,,run-07-30sec,101
B6a,B6a_conditionalAndLoop,jPET,,N/A,,run-07-30sec,100
B6a,B6a_recursive,jPET,,N/A,,run-07-30sec,100
B6a,B6a_tryCatch,jPET,,N/A,,run-07-30sec,101
B6a,B6a_tryCatchFinally,jPET,,N/A,,run-07-30sec,101
B6b,B6b_always,jPET,100.00,C,1,run-07-30sec,100
B6b,B6b_call,jPET,100.00,C,7,run-07-30sec,100
B6b,B6b_conditionalAndLoop,jPET,100.00,C,12,run-07-30sec,101
B6b,B6b_recursive,jPET,100.00,C,10,run-07-30sec,201
B6b,B6b_tryCatch,jPET,100.00,C,7,run-07-30sec,101
B6b,B6b_tryCatchFinally,jPET,100.00,C,39,run-07-30sec,201
B6c,B6c_arithmeticException,jPET,100.00,C,2,run-07-30sec,100
B6c,B6c_arrayIndexOutOfBoundsException,jPET,66.67,NC,1,run-07-30sec,100
B6c,B6c_classCastException,jPET,,N/A,,run-07-30sec,100
B6c,B6c_illegalArgumentException,jPET,,N/A,,run-07-30sec,101
B6c,B6c_illegalStateException,jPET,100.00,C,2,run-07-30sec,100
B6c,B6c_indexOutOfBoundsException,jPET,,N/A,,run-07-30sec,101
B6c,B6c_nullPointerException,jPET,,N/A,,run-07-30sec,101
B6c,B6c_securityException,jPET,,N/A,,run-07-30sec,101
B6c,B6c_unsupportedOperationException,jPET,100.00,C,2,run-07-30sec,100
S1,S1_returnStructure,jPET,100.00,C,2,run-07-30sec,101
S1,S1_returnStructureParams,jPET,100.00,C,1,run-07-30sec,100
S1,S1_useStructure,jPET,100.00,C,2,run-07-30sec,101
S1,S1_useStructureParams,jPET,100.00,C,1,run-07-30sec,101
S2,S2_oneStructure,jPET,100.00,C,8,run-07-30sec,101
S2,S2_oneStructureParams,jPET,100.00,C,7,run-07-30sec,100
S2,S2_twoStructures,jPET,100.00,C,9,run-07-30sec,210
S2,S2_twoStructuresParams,jPET,100.00,C,7,run-07-30sec,200
S3,S3_arrayOfStructures,jPET,100.00,C,2047,run-07-30sec,23277
S3,S3_arrayOfStructuresParams,jPET,100.00,C,1026,run-07-30sec,22770
S3,S3_noLimit,jPET,,T/M,,run-07-30sec,30149
S3,S3_noLimitParams,jPET,,T/M,,run-07-30sec,30179
S3,S3_withLimit,jPET,,T/M,,run-07-30sec,30138
S3,S3_withLimitParams,jPET,,T/M,,run-07-30sec,30114
S4,S4_guess,jPET,100.00,C,12,run-07-30sec,100
S4,S4_guessCoordinates,jPET,100.00,C,11,run-07-30sec,201
S4,S4_guessParams,jPET,100.00,C,9,run-07-30sec,200
O1,O1_fullCoverage,jPET,100.00,C,13,run-07-30sec,200
O1,O1_guessImpossibleObject,jPET,66.00,C,4,run-07-30sec,101
O1,O1_guessImpossibleOperationCount,jPET,85.00,C,21,run-07-30sec,301
O1,O1_guessImpossibleOperationCountParams,jPET,83.00,C,10,run-07-30sec,201
O1,O1_guessImpossibleResult,jPET,90.00,C,17,run-07-30sec,202
O1,O1_guessImpossibleResultAndOperationCount,jPET,,T/M,,run-07-30sec,30125
O1,O1_guessImpossibleResultAndOperationCountParams,jPET,75.00,C,25,run-07-30sec,301
O1,O1_guessImpossibleResultParams,jPET,91.67,C,8,run-07-30sec,200
O1,O1_guessObject,jPET,100.00,C,4,run-07-30sec,100
O1,O1_guessOperationCount,jPET,100.00,C,21,run-07-30sec,300
O1,O1_guessOperationCountParams,jPET,100.00,C,10,run-07-30sec,201
O1,O1_guessResult,jPET,100.00,C,17,run-07-30sec,201
O1,O1_guessResultAndOperationCount,jPET,,T/M,,run-07-30sec,30133
O1,O1_guessResultAndOperationCountParams,jPET,100.00,C,25,run-07-30sec,301
O1,O1_guessResultParams,jPET,100.00,C,16,run-07-30sec,201
O1,O1_oneOperationNoCheck,jPET,100.00,C,3,run-07-30sec,101
O1,O1_oneOperationParams,jPET,100.00,C,2,run-07-30sec,100
O1,O1_oneOperationWithCheck,jPET,100.00,C,3,run-07-30sec,100
O1,O1_twoOperationsParams,jPET,100.00,C,4,run-07-30sec,100
O1,O1_twoOperationsWithCheck,jPET,100.00,C,5,run-07-30sec,100
O1,O1_twoOperationsWithNocheck,jPET,100.00,C,5,run-07-30sec,100
O2,O2_guessResult,jPET,100.00,C,18,run-07-30sec,201
O2,O2_guessResultParams,jPET,100.00,C,16,run-07-30sec,200
O3a,O3a_guessResult,jPET,,N/A,,run-07-30sec,100
O3a,O3a_guessResultParams,jPET,100.00,C,16,run-07-30sec,200
O3b,O3b_guess,jPET,33.33,NC,1,run-07-30sec,101
O3b,O3b_guessImpossible,jPET,33.33,NC,1,run-07-30sec,100
O3b,O3b_validate,jPET,33.33,NC,1,run-07-30sec,101
O3c,O3c_guess,jPET,,N/A,,run-07-30sec,100
O3c,O3c_guessImpossible,jPET,,N/A,,run-07-30sec,101
O3c,O3c_validate,jPET,,N/A,,run-07-30sec,100
O4,O4_guessImpossible,jPET,11.76,NC,17,run-07-30sec,201
O4,O4_guessImpossibleParams,jPET,87.50,C,8,run-07-30sec,200
O4,O4_guessResult,jPET,11.76,NC,17,run-07-30sec,201
O4,O4_guessResultParams,jPET,93.75,C,15,run-07-30sec,200
G1,G1_guessType,jPET,80.00,C,5,run-07-30sec,100
G1,G1_guessTypeAndUse,jPET,,N/A,,run-07-30sec,101
G1,G1_guessTypeWithExtends,jPET,60.00,C,5,run-07-30sec,100
G1,G1_guessTypeWithExtendsAndUse,jPET,,N/A,,run-07-30sec,100
G2,G2_guessDescendant,jPET,0.00,NC,1,run-07-30sec,101
G2,G2_guessImpossible,jPET,,N/A,,run-07-30sec,100
G2,G2_guessInteger,jPET,,N/A,,run-07-30sec,101
G2,G2_guessIntegerNoHelp,jPET,,N/A,,run-07-30sec,101
G2,G2_guessSafe,jPET,50.00,C,2,run-07-30sec,101
G2,G2_guessSafeNoHelp,jPET,50.00,C,4,run-07-30sec,100
L1,L1_abs,jPET,,N/A,,run-07-30sec,100
L1,L1_absImpossible,jPET,,N/A,,run-07-30sec,100
L1,L1_cbrt,jPET,75.00,NC,1,run-07-30sec,101
L1,L1_cos,jPET,,N/A,,run-07-30sec,101
L1,L1_cosImpossible,jPET,,N/A,,run-07-30sec,101
L1,L1_log10GuessArgument,jPET,75.00,NC,1,run-07-30sec,101
L1,L1_logGuessArgument,jPET,,N/A,,run-07-30sec,101
L1,L1_logGuessBase,jPET,,N/A,,run-07-30sec,100
L1,L1_logGuessBaseAndArgument,jPET,,N/A,,run-07-30sec,101
L1,L1_minMax,jPET,,N/A,,run-07-30sec,100
L1,L1_minMaxImpossible,jPET,,N/A,,run-07-30sec,100
L1,L1_minMaxWithOrder,jPET,,N/A,,run-07-30sec,101
L1,L1_powGuessBase,jPET,,N/A,,run-07-30sec,101
L1,L1_powGuessBaseAndExponent,jPET,,N/A,,run-07-30sec,100
L1,L1_powGuessExponent,jPET,,N/A,,run-07-30sec,101
L1,L1_sin,jPET,,N/A,,run-07-30sec,101
L1,L1_sinImpossible,jPET,,N/A,,run-07-30sec,100
L1,L1_sqrt,jPET,,N/A,,run-07-30sec,101
L1,L1_sqrtImpossible,jPET,,N/A,,run-07-30sec,101
L1,L1_tan,jPET,,N/A,,run-07-30sec,101
L2,L2_add,jPET,,N/A,,run-07-30sec,100
L2,L2_addWithCondition,jPET,,N/A,,run-07-30sec,101
L2,L2_charAt,jPET,,N/A,,run-07-30sec,101
L2,L2_compareTo,jPET,,N/A,,run-07-30sec,100
L2,L2_compareToIgnoreCase,jPET,,N/A,,run-07-30sec,100
L2,L2_equality,jPET,,N/A,,run-07-30sec,101
L2,L2_equalityIgnoreCase,jPET,,N/A,,run-07-30sec,100
L2,L2_indexOf,jPET,,N/A,,run-07-30sec,101
L2,L2_length,jPET,,N/A,,run-07-30sec,101
L2,L2_regionEquality,jPET,,N/A,,run-07-30sec,101
L2,L2_startsEnds,jPET,,N/A,,run-07-30sec,100
L2,L2_substring,jPET,,N/A,,run-07-30sec,101
L2,L2_switchString,jPET,,N/A,,run-07-30sec,101
L3,L3_guessDouble,jPET,,N/A,,run-07-30sec,101
L3,L3_guessInteger,jPET,,N/A,,run-07-30sec,100
L3,L3_integerOverflow,jPET,,N/A,,run-07-30sec,100
L4,L4_guessElementAndIndex,jPET,,N/A,,run-07-30sec,101
L4,L4_guessElements,jPET,,N/A,,run-07-30sec,100
L4,L4_guessGenericListWithElement,jPET,,N/A,,run-07-30sec,101
L4,L4_guessGenericListWithSize,jPET,,N/A,,run-07-30sec,100
L4,L4_guessGenericVectorWithElement,jPET,,N/A,,run-07-30sec,100
L4,L4_guessGenericVectorWithSize,jPET,,N/A,,run-07-30sec,101
L4,L4_guessIndices,jPET,,N/A,,run-07-30sec,101
L4,L4_guessListWithSize,jPET,,N/A,,run-07-30sec,100
L4,L4_guessSize,jPET,,N/A,,run-07-30sec,100
L4,L4_guessSizeAndElements,jPET,,N/A,,run-07-30sec,100
L4,L4_guessVectorWithSize,jPET,,N/A,,run-07-30sec,101
LO,LO_associatesAPIGuessDate,jPET,,N/A,,run-07-30sec,101
LO,LO_associatesAPIGuessValidDateFormat,jPET,,N/A,,run-07-30sec,101
LO,LO_guessUUID,jPET,,N/A,,run-07-30sec,100
LO,LO_guessValidUUID,jPET,,N/A,,run-07-30sec,100
LO,LO_inheritsAPIGuessOneObject,jPET,75.00,C,4,run-07-30sec,101
LO,LO_inheritsAPIGuessOnePrimitive,jPET,,N/A,,run-07-30sec,100
LO,LO_inheritsAPIGuessTwoObjects,jPET,,N/A,,run-07-30sec,101
LO,LO_inheritsAPIGuessTwoPrimitives,jPET,,N/A,,run-07-30sec,101
LO,LO_regexCaseInsensitive,jPET,,N/A,,run-07-30sec,101
LO,LO_regexCaseSensitive,jPET,,N/A,,run-07-30sec,100
Others,Others_guess,jPET,100.00,C,5,run-07-30sec,100
Others,Others_guessEnum,jPET,18.18,NC,1,run-07-30sec,100
Others,Others_guessEnumOrdinal,jPET,,EX,,run-07-30sec,101
Others,Others_guessEnumString,jPET,,EX,,run-07-30sec,100
Others,Others_guessWithLength,jPET,100.00,C,5,run-07-30sec,100
Others,Others_iterateWithFor,jPET,100.00,C,17,run-07-30sec,100
Others,Others_iterateWithForeach,jPET,100.00,C,17,run-07-30sec,201
Others,Others_minMax,jPET,,N/A,,run-07-30sec,101
Others,Others_minMaxImpossible,jPET,,N/A,,run-07-30sec,101
Others,Others_minMaxWithOrder,jPET,,N/A,,run-07-30sec,101
Others,Others_switchEnum,jPET,,EX,,run-07-30sec,100
Others,Others_test,jPET,100.00,C,2,run-07-30sec,101
B1a,B1a_oneParamBoolean,jPET,100.00,C,2,run-08-30sec,101
B1a,B1a_oneParamByte,jPET,,N/A,,run-08-30sec,100
B1a,B1a_oneParamChar,jPET,,N/A,,run-08-30sec,100
B1a,B1a_oneParamDouble,jPET,100.00,C,1,run-08-30sec,100
B1a,B1a_oneParamFloat,jPET,100.00,C,1,run-08-30sec,101
B1a,B1a_oneParamInt,jPET,100.00,C,1,run-08-30sec,100
B1a,B1a_oneParamLong,jPET,100.00,C,1,run-08-30sec,101
B1a,B1a_oneParamShort,jPET,,N/A,,run-08-30sec,100
B1a,B1a_twoParamBoolean,jPET,,N/A,,run-08-30sec,100
B1a,B1a_twoParamByte,jPET,,N/A,,run-08-30sec,101
B1a,B1a_twoParamChar,jPET,,N/A,,run-08-30sec,100
B1a,B1a_twoParamDouble,jPET,100.00,C,1,run-08-30sec,101
B1a,B1a_twoParamFloat,jPET,100.00,C,1,run-08-30sec,100
B1a,B1a_twoParamInt,jPET,100.00,C,1,run-08-30sec,100
B1a,B1a_twoParamLong,jPET,100.00,C,1,run-08-30sec,101
B1a,B1a_twoParamShort,jPET,,N/A,,run-08-30sec,100
B1b,B1b_constBoolean,jPET,100.00,C,1,run-08-30sec,101
B1b,B1b_constByte,jPET,100.00,C,1,run-08-30sec,101
B1b,B1b_constChar,jPET,100.00,C,1,run-08-30sec,100
B1b,B1b_constDouble,jPET,100.00,C,1,run-08-30sec,100
B1b,B1b_constFloat,jPET,100.00,C,1,run-08-30sec,101
B1b,B1b_constInt,jPET,100.00,C,1,run-08-30sec,100
B1b,B1b_constLong,jPET,100.00,C,1,run-08-30sec,100
B1b,B1b_constShort,jPET,100.00,C,1,run-08-30sec,100
B1c,B1c_add,jPET,100.00,C,1,run-08-30sec,101
B1c,B1c_addAssignment,jPET,100.00,C,1,run-08-30sec,100
B1c,B1c_divide,jPET,100.00,C,2,run-08-30sec,100
B1c,B1c_divideAssignment,jPET,100.00,C,2,run-08-30sec,101
B1c,B1c_modulo,jPET,100.00,C,2,run-08-30sec,100
B1c,B1c_moduloAssignment,jPET,100.00,C,2,run-08-30sec,101
B1c,B1c_multiply,jPET,100.00,C,1,run-08-30sec,100
B1c,B1c_multiplyAssignment,jPET,100.00,C,1,run-08-30sec,100
B1c,B1c_postfixMinusMinus,jPET,100.00,C,1,run-08-30sec,101
B1c,B1c_postfixPlusplus,jPET,100.00,C,1,run-08-30sec,100
B1c,B1c_substract,jPET,100.00,C,1,run-08-30sec,101
B1c,B1c_substractAssignment,jPET,100.00,C,1,run-08-30sec,100
B1c,B1c_unaryMinus,jPET,100.00,C,1,run-08-30sec,100
B1c,B1c_unaryMinusMinus,jPET,100.00,C,1,run-08-30sec,100
B1c,B1c_unaryPlus,jPET,100.00,C,1,run-08-30sec,100
B1c,B1c_unaryPlusPlus,jPET,100.00,C,1,run-08-30sec,100
B1d,B1d_and,jPET,100.00,C,3,run-08-30sec,101
B1d,B1d_equal,jPET,100.00,C,2,run-08-30sec,101
B1d,B1d_greater,jPET,100.00,C,2,run-08-30sec,100
B1d,B1d_greaterOrEqual,jPET,100.00,C,2,run-08-30sec,100
B1d,B1d_negate,jPET,100.00,C,2,run-08-30sec,100
B1d,B1d_notEqual,jPET,100.00,C,2,run-08-30sec,100
B1d,B1d_or,jPET,100.00,C,3,run-08-30sec,101
B1d,B1d_smaller,jPET,100.00,C,2,run-08-30sec,101
B1d,B1d_smallerOrEqual,jPET,100.00,C,2,run-08-30sec,101
B1e,B1e_and,jPET,,N/A,,run-08-30sec,100
B1e,B1e_andAssignment,jPET,,N/A,,run-08-30sec,100
B1e,B1e_negate,jPET,,N/A,,run-08-30sec,100
B1e,B1e_or,jPET,,N/A,,run-08-30sec,100
B1e,B1e_orAssignment,jPET,,N/A,,run-08-30sec,100
B1e,B1e_shiftLeft,jPET,,N/A,,run-08-30sec,100
B1e,B1e_shiftLeftAssignment,jPET,,N/A,,run-08-30sec,100
B1e,B1e_shiftRight,jPET,,N/A,,run-08-30sec,100
B1e,B1e_shiftRightAssignment,jPET,,N/A,,run-08-30sec,110
B1e,B1e_shiftRightUnsigned,jPET,,N/A,,run-08-30sec,101
B1e,B1e_shiftRightUnsignedAssignment,jPET,,N/A,,run-08-30sec,100
B1e,B1e_xor,jPET,,N/A,,run-08-30sec,100
B1e,B1e_xorAssignment,jPET,,N/A,,run-08-30sec,100
B2a,B2a_oneParamBoolean,jPET,100.00,C,2,run-08-30sec,101
B2a,B2a_oneParamDouble,jPET,,N/A,,run-08-30sec,101
B2a,B2a_oneParamInt,jPET,100.00,C,4,run-08-30sec,100
B2a,B2a_twoParamsBoolean,jPET,66.67,C,4,run-08-30sec,101
B2a,B2a_twoParamsDouble,jPET,66.67,C,7,run-08-30sec,100
B2a,B2a_twoParamsInt,jPET,66.67,C,7,run-08-30sec,100
B2b,B2b_oneParamBoolean,jPET,100.00,C,2,run-08-30sec,101
B2b,B2b_oneParamInt,jPET,100.00,C,2,run-08-30sec,101
B2b,B2b_twoParamsBoolean,jPET,100.00,C,3,run-08-30sec,100
B2b,B2b_twoParamsInt,jPET,100.00,C,3,run-08-30sec,100
B2c,B2c_missingBreaks,jPET,100.00,C,5,run-08-30sec,101
B2c,B2c_simple,jPET,100.00,C,5,run-08-30sec,100
B2c,B2c_withReturn,jPET,100.00,C,5,run-08-30sec,101
B2d,B2d_oneParamDouble,jPET,,N/A,,run-08-30sec,100
B2d,B2d_oneParamFloat,jPET,,N/A,,run-08-30sec,100
B2d,B2d_oneParamInt,jPET,100.00,C,2,run-08-30sec,101
B2d,B2d_oneParamIntNoSolution,jPET,50.00,C,1,run-08-30sec,101
B2d,B2d_quadraticDouble,jPET,,N/A,,run-08-30sec,100
B2d,B2d_quadraticDoubleNoSolution,jPET,,N/A,,run-08-30sec,100
B2d,B2d_quadraticFloat,jPET,,N/A,,run-08-30sec,100
B2d,B2d_quadraticFloatNoSolution,jPET,,N/A,,run-08-30sec,100
B2d,B2d_quadraticInt,jPET,100.00,C,4,run-08-30sec,101
B2d,B2d_quadraticIntNoSolution,jPET,,T/M,,run-08-30sec,30125
B2d,B2d_threeParamsDouble,jPET,,N/A,,run-08-30sec,100
B2d,B2d_threeParamsFloat,jPET,,N/A,,run-08-30sec,100
B2d,B2d_threeParamsInt,jPET,,T/M,,run-08-30sec,30177
B2d,B2d_threeParamsIntNoSolution,jPET,,T/M,,run-08-30sec,30125
B2d,B2d_twoParamsDouble,jPET,,N/A,,run-08-30sec,100
B2d,B2d_twoParamsFloat,jPET,,N/A,,run-08-30sec,100
B2d,B2d_twoParamsInt,jPET,100.00,C,3,run-08-30sec,100
B2d,B2d_twoParamsIntNoSolution,jPET,66.00,C,2,run-08-30sec,100
B3a,B3a_complex,jPET,78.00,C,165,run-08-30sec,1001
B3a,B3a_infinite,jPET,0.00,C,1,run-08-30sec,101
B3a,B3a_infiniteNotOptimalizable,jPET,0.00,C,1,run-08-30sec,101
B3a,B3a_nestedLoop,jPET,100.00,C,25,run-08-30sec,6005
B3a,B3a_nestedLoopWithLabel,jPET,100.00,C,28,run-08-30sec,6506
B3a,B3a_withConditionAndLimit,jPET,100.00,C,10,run-08-30sec,100
B3a,B3a_withConditionNoLimit,jPET,100.00,C,10,run-08-30sec,801
B3a,B3a_withContinueBreak,jPET,90.91,NC,10,run-08-30sec,100
B3a,B3a_withLimit,jPET,100.00,C,10,run-08-30sec,100
B3b,B3b_complex,jPET,75.00,C,165,run-08-30sec,1001
B3b,B3b_infinite,jPET,0.00,C,1,run-08-30sec,101
B3b,B3b_infiniteNotOptimalizable,jPET,0.00,C,1,run-08-30sec,100
B3b,B3b_nestedLoop,jPET,100.00,C,15,run-08-30sec,3503
B3b,B3b_nestedLoopWithLabel,jPET,100.00,C,20,run-08-30sec,4804
B3b,B3b_withConditionAndLimit,jPET,100.00,C,10,run-08-30sec,100
B3b,B3b_withConditionNoLimit,jPET,100.00,C,10,run-08-30sec,700
B3b,B3b_withContinueBreak,jPET,87.50,NC,10,run-08-30sec,100
B3b,B3b_withLimit,jPET,100.00,C,10,run-08-30sec,100
B3c,B3c_complex,jPET,78.00,C,175,run-08-30sec,1001
B3c,B3c_infinite,jPET,0.00,C,1,run-08-30sec,100
B3c,B3c_infiniteNotOptimalizable,jPET,0.00,C,1,run-08-30sec,101
B3c,B3c_nestedLoop,jPET,100.00,C,37,run-08-30sec,9309
B3c,B3c_nestedLoopWithLabel,jPET,100.00,C,42,run-08-30sec,10512
B3c,B3c_withConditionAndLimit,jPET,100.00,C,11,run-08-30sec,101
B3c,B3c_withConditionNoLimit,jPET,100.00,C,11,run-08-30sec,800
B3c,B3c_withContinueBreak,jPET,90.91,NC,10,run-08-30sec,100
B3c,B3c_withLimit,jPET,100.00,C,11,run-08-30sec,100
B4a,B4a_fromParams,jPET,100.00,C,4,run-08-30sec,100
B4a,B4a_fromParamsWithIndex,jPET,83.33,NC,5,run-08-30sec,100
B4a,B4a_guessLength,jPET,100.00,C,2,run-08-30sec,100
B4a,B4a_guessOneArray,jPET,100.00,C,5,run-08-30sec,101
B4a,B4a_guessOneArrayWithLength,jPET,100.00,C,5,run-08-30sec,101
B4a,B4a_indexParam,jPET,83.33,NC,3,run-08-30sec,100
B4a,B4a_iterateWithFor,jPET,100.00,C,17,run-08-30sec,201
B4a,B4a_iterateWithForeach,jPET,100.00,C,17,run-08-30sec,219
B4a,B4a_twoArrays,jPET,100.00,C,7,run-08-30sec,100
B4b,B4b_fromParams,jPET,100.00,C,4,run-08-30sec,100
B4b,B4b_fromParamsWithIndex,jPET,75.00,NC,3,run-08-30sec,100
B4b,B4b_guessLength,jPET,100.00,C,2,run-08-30sec,101
B4b,B4b_guessOneArray,jPET,100.00,C,4,run-08-30sec,100
B4b,B4b_guessOneArrayWithLength,jPET,100.00,C,5,run-08-30sec,101
B4b,B4b_indexParam,jPET,75.00,NC,1,run-08-30sec,101
B4b,B4b_iterateWithFor,jPET,100.00,C,17,run-08-30sec,201
B4b,B4b_iterateWithForeach,jPET,100.00,C,17,run-08-30sec,201
B4b,B4b_twoArrays,jPET,100.00,C,5,run-08-30sec,100
B5a1,B5a1_conditionalCall,jPET,100.00,C,8,run-08-30sec,101
B5a1,B5a1_simple,jPET,100.00,C,7,run-08-30sec,101
B5a1,B5a1_useReturnValue,jPET,100.00,C,7,run-08-30sec,101
B5a2,B5a2_conditionalCall,jPET,100.00,C,8,run-08-30sec,101
B5a2,B5a2_simple,jPET,100.00,C,7,run-08-30sec,101
B5a2,B5a2_useReturnValue,jPET,100.00,C,7,run-08-30sec,101
B5b1,B5b1_fibonacci,jPET,100.00,C,11,run-08-30sec,500
B5b1,B5b1_simple,jPET,100.00,C,10,run-08-30sec,201
B5b2,B5b2_fibonacci,jPET,100.00,C,11,run-08-30sec,400
B5b2,B5b2_simple,jPET,100.00,C,10,run-08-30sec,101
B6a,B6a_always,jPET,,N/A,,run-08-30sec,100
B6a,B6a_call,jPET,,N/A,,run-08-30sec,101
B6a,B6a_conditionalAndLoop,jPET,,N/A,,run-08-30sec,101
B6a,B6a_recursive,jPET,,N/A,,run-08-30sec,101
B6a,B6a_tryCatch,jPET,,N/A,,run-08-30sec,101
B6a,B6a_tryCatchFinally,jPET,,N/A,,run-08-30sec,101
B6b,B6b_always,jPET,100.00,C,1,run-08-30sec,101
B6b,B6b_call,jPET,100.00,C,7,run-08-30sec,100
B6b,B6b_conditionalAndLoop,jPET,100.00,C,12,run-08-30sec,101
B6b,B6b_recursive,jPET,100.00,C,10,run-08-30sec,200
B6b,B6b_tryCatch,jPET,100.00,C,7,run-08-30sec,101
B6b,B6b_tryCatchFinally,jPET,100.00,C,39,run-08-30sec,201
B6c,B6c_arithmeticException,jPET,100.00,C,2,run-08-30sec,101
B6c,B6c_arrayIndexOutOfBoundsException,jPET,66.67,NC,1,run-08-30sec,100
B6c,B6c_classCastException,jPET,,N/A,,run-08-30sec,101
B6c,B6c_illegalArgumentException,jPET,,N/A,,run-08-30sec,101
B6c,B6c_illegalStateException,jPET,100.00,C,2,run-08-30sec,101
B6c,B6c_indexOutOfBoundsException,jPET,,N/A,,run-08-30sec,101
B6c,B6c_nullPointerException,jPET,,N/A,,run-08-30sec,101
B6c,B6c_securityException,jPET,,N/A,,run-08-30sec,101
B6c,B6c_unsupportedOperationException,jPET,100.00,C,2,run-08-30sec,100
S1,S1_returnStructure,jPET,100.00,C,2,run-08-30sec,101
S1,S1_returnStructureParams,jPET,100.00,C,1,run-08-30sec,101
S1,S1_useStructure,jPET,100.00,C,2,run-08-30sec,101
S1,S1_useStructureParams,jPET,100.00,C,1,run-08-30sec,101
S2,S2_oneStructure,jPET,100.00,C,8,run-08-30sec,101
S2,S2_oneStructureParams,jPET,100.00,C,7,run-08-30sec,100
S2,S2_twoStructures,jPET,100.00,C,9,run-08-30sec,200
S2,S2_twoStructuresParams,jPET,100.00,C,7,run-08-30sec,201
S3,S3_arrayOfStructures,jPET,100.00,C,2047,run-08-30sec,23363
S3,S3_arrayOfStructuresParams,jPET,100.00,C,1026,run-08-30sec,22932
S3,S3_noLimit,jPET,,T/M,,run-08-30sec,30178
S3,S3_noLimitParams,jPET,,T/M,,run-08-30sec,30196
S3,S3_withLimit,jPET,,T/M,,run-08-30sec,30124
S3,S3_withLimitParams,jPET,,T/M,,run-08-30sec,30100
S4,S4_guess,jPET,100.00,C,12,run-08-30sec,101
S4,S4_guessCoordinates,jPET,100.00,C,11,run-08-30sec,200
S4,S4_guessParams,jPET,100.00,C,9,run-08-30sec,200
O1,O1_fullCoverage,jPET,100.00,C,13,run-08-30sec,200
O1,O1_guessImpossibleObject,jPET,66.00,C,4,run-08-30sec,100
O1,O1_guessImpossibleOperationCount,jPET,85.00,C,21,run-08-30sec,306
O1,O1_guessImpossibleOperationCountParams,jPET,83.00,C,10,run-08-30sec,201
O1,O1_guessImpossibleResult,jPET,90.00,C,17,run-08-30sec,201
O1,O1_guessImpossibleResultAndOperationCount,jPET,,T/M,,run-08-30sec,30126
O1,O1_guessImpossibleResultAndOperationCountParams,jPET,75.00,C,25,run-08-30sec,300
O1,O1_guessImpossibleResultParams,jPET,91.67,C,8,run-08-30sec,201
O1,O1_guessObject,jPET,100.00,C,4,run-08-30sec,100
O1,O1_guessOperationCount,jPET,100.00,C,21,run-08-30sec,301
O1,O1_guessOperationCountParams,jPET,100.00,C,10,run-08-30sec,201
O1,O1_guessResult,jPET,100.00,C,17,run-08-30sec,200
O1,O1_guessResultAndOperationCount,jPET,,T/M,,run-08-30sec,30125
O1,O1_guessResultAndOperationCountParams,jPET,100.00,C,25,run-08-30sec,301
O1,O1_guessResultParams,jPET,100.00,C,16,run-08-30sec,201
O1,O1_oneOperationNoCheck,jPET,100.00,C,3,run-08-30sec,101
O1,O1_oneOperationParams,jPET,100.00,C,2,run-08-30sec,100
O1,O1_oneOperationWithCheck,jPET,100.00,C,3,run-08-30sec,100
O1,O1_twoOperationsParams,jPET,100.00,C,4,run-08-30sec,100
O1,O1_twoOperationsWithCheck,jPET,100.00,C,5,run-08-30sec,101
O1,O1_twoOperationsWithNocheck,jPET,100.00,C,5,run-08-30sec,100
O2,O2_guessResult,jPET,100.00,C,18,run-08-30sec,201
O2,O2_guessResultParams,jPET,100.00,C,16,run-08-30sec,200
O3a,O3a_guessResult,jPET,,N/A,,run-08-30sec,100
O3a,O3a_guessResultParams,jPET,100.00,C,16,run-08-30sec,200
O3b,O3b_guess,jPET,33.33,NC,1,run-08-30sec,101
O3b,O3b_guessImpossible,jPET,33.33,NC,1,run-08-30sec,101
O3b,O3b_validate,jPET,33.33,NC,1,run-08-30sec,100
O3c,O3c_guess,jPET,,N/A,,run-08-30sec,101
O3c,O3c_guessImpossible,jPET,,N/A,,run-08-30sec,100
O3c,O3c_validate,jPET,,N/A,,run-08-30sec,101
O4,O4_guessImpossible,jPET,11.76,NC,17,run-08-30sec,201
O4,O4_guessImpossibleParams,jPET,87.50,C,8,run-08-30sec,201
O4,O4_guessResult,jPET,11.76,NC,17,run-08-30sec,201
O4,O4_guessResultParams,jPET,93.75,C,15,run-08-30sec,201
G1,G1_guessType,jPET,80.00,C,5,run-08-30sec,100
G1,G1_guessTypeAndUse,jPET,,N/A,,run-08-30sec,101
G1,G1_guessTypeWithExtends,jPET,60.00,C,5,run-08-30sec,100
G1,G1_guessTypeWithExtendsAndUse,jPET,,N/A,,run-08-30sec,101
G2,G2_guessDescendant,jPET,0.00,NC,1,run-08-30sec,101
G2,G2_guessImpossible,jPET,,N/A,,run-08-30sec,100
G2,G2_guessInteger,jPET,,N/A,,run-08-30sec,101
G2,G2_guessIntegerNoHelp,jPET,,N/A,,run-08-30sec,200
G2,G2_guessSafe,jPET,50.00,C,2,run-08-30sec,101
G2,G2_guessSafeNoHelp,jPET,50.00,C,4,run-08-30sec,100
L1,L1_abs,jPET,,N/A,,run-08-30sec,100
L1,L1_absImpossible,jPET,,N/A,,run-08-30sec,101
L1,L1_cbrt,jPET,75.00,NC,1,run-08-30sec,100
L1,L1_cos,jPET,,N/A,,run-08-30sec,100
L1,L1_cosImpossible,jPET,,N/A,,run-08-30sec,100
L1,L1_log10GuessArgument,jPET,75.00,NC,1,run-08-30sec,101
L1,L1_logGuessArgument,jPET,,N/A,,run-08-30sec,100
L1,L1_logGuessBase,jPET,,N/A,,run-08-30sec,100
L1,L1_logGuessBaseAndArgument,jPET,,N/A,,run-08-30sec,101
L1,L1_minMax,jPET,,N/A,,run-08-30sec,101
L1,L1_minMaxImpossible,jPET,,N/A,,run-08-30sec,101
L1,L1_minMaxWithOrder,jPET,,N/A,,run-08-30sec,100
L1,L1_powGuessBase,jPET,,N/A,,run-08-30sec,101
L1,L1_powGuessBaseAndExponent,jPET,,N/A,,run-08-30sec,101
L1,L1_powGuessExponent,jPET,,N/A,,run-08-30sec,101
L1,L1_sin,jPET,,N/A,,run-08-30sec,101
L1,L1_sinImpossible,jPET,,N/A,,run-08-30sec,100
L1,L1_sqrt,jPET,,N/A,,run-08-30sec,101
L1,L1_sqrtImpossible,jPET,,N/A,,run-08-30sec,100
L1,L1_tan,jPET,,N/A,,run-08-30sec,101
L2,L2_add,jPET,,N/A,,run-08-30sec,101
L2,L2_addWithCondition,jPET,,N/A,,run-08-30sec,101
L2,L2_charAt,jPET,,N/A,,run-08-30sec,101
L2,L2_compareTo,jPET,,N/A,,run-08-30sec,101
L2,L2_compareToIgnoreCase,jPET,,N/A,,run-08-30sec,101
L2,L2_equality,jPET,,N/A,,run-08-30sec,100
L2,L2_equalityIgnoreCase,jPET,,N/A,,run-08-30sec,100
L2,L2_indexOf,jPET,,N/A,,run-08-30sec,100
L2,L2_length,jPET,,N/A,,run-08-30sec,101
L2,L2_regionEquality,jPET,,N/A,,run-08-30sec,100
L2,L2_startsEnds,jPET,,N/A,,run-08-30sec,101
L2,L2_substring,jPET,,N/A,,run-08-30sec,100
L2,L2_switchString,jPET,,N/A,,run-08-30sec,100
L3,L3_guessDouble,jPET,,N/A,,run-08-30sec,100
L3,L3_guessInteger,jPET,,N/A,,run-08-30sec,100
L3,L3_integerOverflow,jPET,,N/A,,run-08-30sec,101
L4,L4_guessElementAndIndex,jPET,,N/A,,run-08-30sec,100
L4,L4_guessElements,jPET,,N/A,,run-08-30sec,100
L4,L4_guessGenericListWithElement,jPET,,N/A,,run-08-30sec,100
L4,L4_guessGenericListWithSize,jPET,,N/A,,run-08-30sec,100
L4,L4_guessGenericVectorWithElement,jPET,,N/A,,run-08-30sec,100
L4,L4_guessGenericVectorWithSize,jPET,,N/A,,run-08-30sec,100
L4,L4_guessIndices,jPET,,N/A,,run-08-30sec,101
L4,L4_guessListWithSize,jPET,,N/A,,run-08-30sec,101
L4,L4_guessSize,jPET,,N/A,,run-08-30sec,100
L4,L4_guessSizeAndElements,jPET,,N/A,,run-08-30sec,100
L4,L4_guessVectorWithSize,jPET,,N/A,,run-08-30sec,101
LO,LO_associatesAPIGuessDate,jPET,,N/A,,run-08-30sec,100
LO,LO_associatesAPIGuessValidDateFormat,jPET,,N/A,,run-08-30sec,101
LO,LO_guessUUID,jPET,,N/A,,run-08-30sec,100
LO,LO_guessValidUUID,jPET,,N/A,,run-08-30sec,100
LO,LO_inheritsAPIGuessOneObject,jPET,75.00,C,4,run-08-30sec,100
LO,LO_inheritsAPIGuessOnePrimitive,jPET,,N/A,,run-08-30sec,100
LO,LO_inheritsAPIGuessTwoObjects,jPET,,N/A,,run-08-30sec,100
LO,LO_inheritsAPIGuessTwoPrimitives,jPET,,N/A,,run-08-30sec,100
LO,LO_regexCaseInsensitive,jPET,,N/A,,run-08-30sec,100
LO,LO_regexCaseSensitive,jPET,,N/A,,run-08-30sec,100
Others,Others_guess,jPET,100.00,C,5,run-08-30sec,100
Others,Others_guessEnum,jPET,18.18,NC,1,run-08-30sec,100
Others,Others_guessEnumOrdinal,jPET,,EX,,run-08-30sec,100
Others,Others_guessEnumString,jPET,,EX,,run-08-30sec,100
Others,Others_guessWithLength,jPET,100.00,C,5,run-08-30sec,101
Others,Others_iterateWithFor,jPET,100.00,C,17,run-08-30sec,100
Others,Others_iterateWithForeach,jPET,100.00,C,17,run-08-30sec,200
Others,Others_minMax,jPET,,N/A,,run-08-30sec,100
Others,Others_minMaxImpossible,jPET,,N/A,,run-08-30sec,100
Others,Others_minMaxWithOrder,jPET,,N/A,,run-08-30sec,100
Others,Others_switchEnum,jPET,,EX,,run-08-30sec,100
Others,Others_test,jPET,100.00,C,2,run-08-30sec,101
B1a,B1a_oneParamBoolean,jPET,100.00,C,2,run-09-30sec,101
B1a,B1a_oneParamByte,jPET,,N/A,,run-09-30sec,101
B1a,B1a_oneParamChar,jPET,,N/A,,run-09-30sec,101
B1a,B1a_oneParamDouble,jPET,100.00,C,1,run-09-30sec,101
B1a,B1a_oneParamFloat,jPET,100.00,C,1,run-09-30sec,100
B1a,B1a_oneParamInt,jPET,100.00,C,1,run-09-30sec,100
B1a,B1a_oneParamLong,jPET,100.00,C,1,run-09-30sec,100
B1a,B1a_oneParamShort,jPET,,N/A,,run-09-30sec,100
B1a,B1a_twoParamBoolean,jPET,,N/A,,run-09-30sec,100
B1a,B1a_twoParamByte,jPET,,N/A,,run-09-30sec,100
B1a,B1a_twoParamChar,jPET,,N/A,,run-09-30sec,100
B1a,B1a_twoParamDouble,jPET,100.00,C,1,run-09-30sec,101
B1a,B1a_twoParamFloat,jPET,100.00,C,1,run-09-30sec,100
B1a,B1a_twoParamInt,jPET,100.00,C,1,run-09-30sec,100
B1a,B1a_twoParamLong,jPET,100.00,C,1,run-09-30sec,101
B1a,B1a_twoParamShort,jPET,,N/A,,run-09-30sec,101
B1b,B1b_constBoolean,jPET,100.00,C,1,run-09-30sec,100
B1b,B1b_constByte,jPET,100.00,C,1,run-09-30sec,101
B1b,B1b_constChar,jPET,100.00,C,1,run-09-30sec,101
B1b,B1b_constDouble,jPET,100.00,C,1,run-09-30sec,101
B1b,B1b_constFloat,jPET,100.00,C,1,run-09-30sec,100
B1b,B1b_constInt,jPET,100.00,C,1,run-09-30sec,100
B1b,B1b_constLong,jPET,100.00,C,1,run-09-30sec,101
B1b,B1b_constShort,jPET,100.00,C,1,run-09-30sec,101
B1c,B1c_add,jPET,100.00,C,1,run-09-30sec,101
B1c,B1c_addAssignment,jPET,100.00,C,1,run-09-30sec,100
B1c,B1c_divide,jPET,100.00,C,2,run-09-30sec,100
B1c,B1c_divideAssignment,jPET,100.00,C,2,run-09-30sec,101
B1c,B1c_modulo,jPET,100.00,C,2,run-09-30sec,100
B1c,B1c_moduloAssignment,jPET,100.00,C,2,run-09-30sec,100
B1c,B1c_multiply,jPET,100.00,C,1,run-09-30sec,101
B1c,B1c_multiplyAssignment,jPET,100.00,C,1,run-09-30sec,100
B1c,B1c_postfixMinusMinus,jPET,100.00,C,1,run-09-30sec,101
B1c,B1c_postfixPlusplus,jPET,100.00,C,1,run-09-30sec,101
B1c,B1c_substract,jPET,100.00,C,1,run-09-30sec,101
B1c,B1c_substractAssignment,jPET,100.00,C,1,run-09-30sec,101
B1c,B1c_unaryMinus,jPET,100.00,C,1,run-09-30sec,100
B1c,B1c_unaryMinusMinus,jPET,100.00,C,1,run-09-30sec,100
B1c,B1c_unaryPlus,jPET,100.00,C,1,run-09-30sec,100
B1c,B1c_unaryPlusPlus,jPET,100.00,C,1,run-09-30sec,100
B1d,B1d_and,jPET,100.00,C,3,run-09-30sec,101
B1d,B1d_equal,jPET,100.00,C,2,run-09-30sec,101
B1d,B1d_greater,jPET,100.00,C,2,run-09-30sec,100
B1d,B1d_greaterOrEqual,jPET,100.00,C,2,run-09-30sec,101
B1d,B1d_negate,jPET,100.00,C,2,run-09-30sec,101
B1d,B1d_notEqual,jPET,100.00,C,2,run-09-30sec,100
B1d,B1d_or,jPET,100.00,C,3,run-09-30sec,100
B1d,B1d_smaller,jPET,100.00,C,2,run-09-30sec,100
B1d,B1d_smallerOrEqual,jPET,100.00,C,2,run-09-30sec,101
B1e,B1e_and,jPET,,N/A,,run-09-30sec,100
B1e,B1e_andAssignment,jPET,,N/A,,run-09-30sec,100
B1e,B1e_negate,jPET,,N/A,,run-09-30sec,101
B1e,B1e_or,jPET,,N/A,,run-09-30sec,101
B1e,B1e_orAssignment,jPET,,N/A,,run-09-30sec,100
B1e,B1e_shiftLeft,jPET,,N/A,,run-09-30sec,100
B1e,B1e_shiftLeftAssignment,jPET,,N/A,,run-09-30sec,101
B1e,B1e_shiftRight,jPET,,N/A,,run-09-30sec,101
B1e,B1e_shiftRightAssignment,jPET,,N/A,,run-09-30sec,100
B1e,B1e_shiftRightUnsigned,jPET,,N/A,,run-09-30sec,100
B1e,B1e_shiftRightUnsignedAssignment,jPET,,N/A,,run-09-30sec,100
B1e,B1e_xor,jPET,,N/A,,run-09-30sec,101
B1e,B1e_xorAssignment,jPET,,N/A,,run-09-30sec,101
B2a,B2a_oneParamBoolean,jPET,100.00,C,2,run-09-30sec,100
B2a,B2a_oneParamDouble,jPET,,N/A,,run-09-30sec,100
B2a,B2a_oneParamInt,jPET,100.00,C,4,run-09-30sec,101
B2a,B2a_twoParamsBoolean,jPET,66.67,C,4,run-09-30sec,100
B2a,B2a_twoParamsDouble,jPET,66.67,C,7,run-09-30sec,100
B2a,B2a_twoParamsInt,jPET,66.67,C,7,run-09-30sec,101
B2b,B2b_oneParamBoolean,jPET,100.00,C,2,run-09-30sec,100
B2b,B2b_oneParamInt,jPET,100.00,C,2,run-09-30sec,101
B2b,B2b_twoParamsBoolean,jPET,100.00,C,3,run-09-30sec,121
B2b,B2b_twoParamsInt,jPET,100.00,C,3,run-09-30sec,101
B2c,B2c_missingBreaks,jPET,100.00,C,5,run-09-30sec,100
B2c,B2c_simple,jPET,100.00,C,5,run-09-30sec,100
B2c,B2c_withReturn,jPET,100.00,C,5,run-09-30sec,100
B2d,B2d_oneParamDouble,jPET,,N/A,,run-09-30sec,101
B2d,B2d_oneParamFloat,jPET,,N/A,,run-09-30sec,101
B2d,B2d_oneParamInt,jPET,100.00,C,2,run-09-30sec,100
B2d,B2d_oneParamIntNoSolution,jPET,50.00,C,1,run-09-30sec,100
B2d,B2d_quadraticDouble,jPET,,N/A,,run-09-30sec,100
B2d,B2d_quadraticDoubleNoSolution,jPET,,N/A,,run-09-30sec,101
B2d,B2d_quadraticFloat,jPET,,N/A,,run-09-30sec,101
B2d,B2d_quadraticFloatNoSolution,jPET,,N/A,,run-09-30sec,101
B2d,B2d_quadraticInt,jPET,100.00,C,4,run-09-30sec,100
B2d,B2d_quadraticIntNoSolution,jPET,,T/M,,run-09-30sec,30125
B2d,B2d_threeParamsDouble,jPET,,N/A,,run-09-30sec,100
B2d,B2d_threeParamsFloat,jPET,,N/A,,run-09-30sec,100
B2d,B2d_threeParamsInt,jPET,,T/M,,run-09-30sec,30163
B2d,B2d_threeParamsIntNoSolution,jPET,,T/M,,run-09-30sec,30180
B2d,B2d_twoParamsDouble,jPET,,N/A,,run-09-30sec,100
B2d,B2d_twoParamsFloat,jPET,,N/A,,run-09-30sec,101
B2d,B2d_twoParamsInt,jPET,100.00,C,3,run-09-30sec,101
B2d,B2d_twoParamsIntNoSolution,jPET,66.00,C,2,run-09-30sec,100
B3a,B3a_complex,jPET,78.00,C,165,run-09-30sec,1001
B3a,B3a_infinite,jPET,0.00,C,1,run-09-30sec,100
B3a,B3a_infiniteNotOptimalizable,jPET,0.00,C,1,run-09-30sec,101
B3a,B3a_nestedLoop,jPET,100.00,C,25,run-09-30sec,5905
B3a,B3a_nestedLoopWithLabel,jPET,100.00,C,28,run-09-30sec,6606
B3a,B3a_withConditionAndLimit,jPET,100.00,C,10,run-09-30sec,100
B3a,B3a_withConditionNoLimit,jPET,100.00,C,10,run-09-30sec,800
B3a,B3a_withContinueBreak,jPET,90.91,NC,10,run-09-30sec,100
B3a,B3a_withLimit,jPET,100.00,C,10,run-09-30sec,100
B3b,B3b_complex,jPET,75.00,C,165,run-09-30sec,1001
B3b,B3b_infinite,jPET,0.00,C,1,run-09-30sec,101
B3b,B3b_infiniteNotOptimalizable,jPET,0.00,C,1,run-09-30sec,100
B3b,B3b_nestedLoop,jPET,100.00,C,15,run-09-30sec,3504
B3b,B3b_nestedLoopWithLabel,jPET,100.00,C,20,run-09-30sec,4805
B3b,B3b_withConditionAndLimit,jPET,100.00,C,10,run-09-30sec,101
B3b,B3b_withConditionNoLimit,jPET,100.00,C,10,run-09-30sec,700
B3b,B3b_withContinueBreak,jPET,87.50,NC,10,run-09-30sec,100
B3b,B3b_withLimit,jPET,100.00,C,10,run-09-30sec,101
B3c,B3c_complex,jPET,78.00,C,175,run-09-30sec,1001
B3c,B3c_infinite,jPET,0.00,C,1,run-09-30sec,101
B3c,B3c_infiniteNotOptimalizable,jPET,0.00,C,1,run-09-30sec,101
B3c,B3c_nestedLoop,jPET,100.00,C,37,run-09-30sec,9314
B3c,B3c_nestedLoopWithLabel,jPET,100.00,C,42,run-09-30sec,10511
B3c,B3c_withConditionAndLimit,jPET,100.00,C,11,run-09-30sec,100
B3c,B3c_withConditionNoLimit,jPET,100.00,C,11,run-09-30sec,800
B3c,B3c_withContinueBreak,jPET,90.91,NC,10,run-09-30sec,100
B3c,B3c_withLimit,jPET,100.00,C,11,run-09-30sec,101
B4a,B4a_fromParams,jPET,100.00,C,4,run-09-30sec,100
B4a,B4a_fromParamsWithIndex,jPET,83.33,NC,5,run-09-30sec,100
B4a,B4a_guessLength,jPET,100.00,C,2,run-09-30sec,101
B4a,B4a_guessOneArray,jPET,100.00,C,5,run-09-30sec,100
B4a,B4a_guessOneArrayWithLength,jPET,100.00,C,5,run-09-30sec,101
B4a,B4a_indexParam,jPET,83.33,NC,3,run-09-30sec,100
B4a,B4a_iterateWithFor,jPET,100.00,C,17,run-09-30sec,201
B4a,B4a_iterateWithForeach,jPET,100.00,C,17,run-09-30sec,200
B4a,B4a_twoArrays,jPET,100.00,C,7,run-09-30sec,100
B4b,B4b_fromParams,jPET,100.00,C,4,run-09-30sec,100
B4b,B4b_fromParamsWithIndex,jPET,75.00,NC,3,run-09-30sec,100
B4b,B4b_guessLength,jPET,100.00,C,2,run-09-30sec,101
B4b,B4b_guessOneArray,jPET,100.00,C,4,run-09-30sec,100
B4b,B4b_guessOneArrayWithLength,jPET,100.00,C,5,run-09-30sec,101
B4b,B4b_indexParam,jPET,75.00,NC,1,run-09-30sec,100
B4b,B4b_iterateWithFor,jPET,100.00,C,17,run-09-30sec,200
B4b,B4b_iterateWithForeach,jPET,100.00,C,17,run-09-30sec,201
B4b,B4b_twoArrays,jPET,100.00,C,5,run-09-30sec,100
B5a1,B5a1_conditionalCall,jPET,100.00,C,8,run-09-30sec,101
B5a1,B5a1_simple,jPET,100.00,C,7,run-09-30sec,100
B5a1,B5a1_useReturnValue,jPET,100.00,C,7,run-09-30sec,100
B5a2,B5a2_conditionalCall,jPET,100.00,C,8,run-09-30sec,101
B5a2,B5a2_simple,jPET,100.00,C,7,run-09-30sec,100
B5a2,B5a2_useReturnValue,jPET,100.00,C,7,run-09-30sec,100
B5b1,B5b1_fibonacci,jPET,100.00,C,11,run-09-30sec,501
B5b1,B5b1_simple,jPET,100.00,C,10,run-09-30sec,201
B5b2,B5b2_fibonacci,jPET,100.00,C,11,run-09-30sec,400
B5b2,B5b2_simple,jPET,100.00,C,10,run-09-30sec,101
B6a,B6a_always,jPET,,N/A,,run-09-30sec,101
B6a,B6a_call,jPET,,N/A,,run-09-30sec,101
B6a,B6a_conditionalAndLoop,jPET,,N/A,,run-09-30sec,100
B6a,B6a_recursive,jPET,,N/A,,run-09-30sec,101
B6a,B6a_tryCatch,jPET,,N/A,,run-09-30sec,101
B6a,B6a_tryCatchFinally,jPET,,N/A,,run-09-30sec,101
B6b,B6b_always,jPET,100.00,C,1,run-09-30sec,100
B6b,B6b_call,jPET,100.00,C,7,run-09-30sec,100
B6b,B6b_conditionalAndLoop,jPET,100.00,C,12,run-09-30sec,101
B6b,B6b_recursive,jPET,100.00,C,10,run-09-30sec,200
B6b,B6b_tryCatch,jPET,100.00,C,7,run-09-30sec,101
B6b,B6b_tryCatchFinally,jPET,100.00,C,39,run-09-30sec,201
B6c,B6c_arithmeticException,jPET,100.00,C,2,run-09-30sec,101
B6c,B6c_arrayIndexOutOfBoundsException,jPET,66.67,NC,1,run-09-30sec,100
B6c,B6c_classCastException,jPET,,N/A,,run-09-30sec,101
B6c,B6c_illegalArgumentException,jPET,,N/A,,run-09-30sec,100
B6c,B6c_illegalStateException,jPET,100.00,C,2,run-09-30sec,100
B6c,B6c_indexOutOfBoundsException,jPET,,N/A,,run-09-30sec,100
B6c,B6c_nullPointerException,jPET,,N/A,,run-09-30sec,101
B6c,B6c_securityException,jPET,,N/A,,run-09-30sec,101
B6c,B6c_unsupportedOperationException,jPET,100.00,C,2,run-09-30sec,101
S1,S1_returnStructure,jPET,100.00,C,2,run-09-30sec,100
S1,S1_returnStructureParams,jPET,100.00,C,1,run-09-30sec,101
S1,S1_useStructure,jPET,100.00,C,2,run-09-30sec,101
S1,S1_useStructureParams,jPET,100.00,C,1,run-09-30sec,101
S2,S2_oneStructure,jPET,100.00,C,8,run-09-30sec,101
S2,S2_oneStructureParams,jPET,100.00,C,7,run-09-30sec,101
S2,S2_twoStructures,jPET,100.00,C,9,run-09-30sec,201
S2,S2_twoStructuresParams,jPET,100.00,C,7,run-09-30sec,201
S3,S3_arrayOfStructures,jPET,100.00,C,2047,run-09-30sec,23245
S3,S3_arrayOfStructuresParams,jPET,100.00,C,1026,run-09-30sec,22823
S3,S3_noLimit,jPET,,T/M,,run-09-30sec,30179
S3,S3_noLimitParams,jPET,,T/M,,run-09-30sec,30162
S3,S3_withLimit,jPET,,T/M,,run-09-30sec,30125
S3,S3_withLimitParams,jPET,,T/M,,run-09-30sec,30106
S4,S4_guess,jPET,100.00,C,12,run-09-30sec,101
S4,S4_guessCoordinates,jPET,100.00,C,11,run-09-30sec,201
S4,S4_guessParams,jPET,100.00,C,9,run-09-30sec,200
O1,O1_fullCoverage,jPET,100.00,C,13,run-09-30sec,201
O1,O1_guessImpossibleObject,jPET,66.00,C,4,run-09-30sec,100
O1,O1_guessImpossibleOperationCount,jPET,85.00,C,21,run-09-30sec,301
O1,O1_guessImpossibleOperationCountParams,jPET,83.00,C,10,run-09-30sec,200
O1,O1_guessImpossibleResult,jPET,90.00,C,17,run-09-30sec,201
O1,O1_guessImpossibleResultAndOperationCount,jPET,,T/M,,run-09-30sec,30161
O1,O1_guessImpossibleResultAndOperationCountParams,jPET,75.00,C,25,run-09-30sec,301
O1,O1_guessImpossibleResultParams,jPET,91.67,C,8,run-09-30sec,201
O1,O1_guessObject,jPET,100.00,C,4,run-09-30sec,100
O1,O1_guessOperationCount,jPET,100.00,C,21,run-09-30sec,301
O1,O1_guessOperationCountParams,jPET,100.00,C,10,run-09-30sec,200
O1,O1_guessResult,jPET,100.00,C,17,run-09-30sec,201
O1,O1_guessResultAndOperationCount,jPET,,T/M,,run-09-30sec,30143
O1,O1_guessResultAndOperationCountParams,jPET,100.00,C,25,run-09-30sec,301
O1,O1_guessResultParams,jPET,100.00,C,16,run-09-30sec,200
O1,O1_oneOperationNoCheck,jPET,100.00,C,3,run-09-30sec,101
O1,O1_oneOperationParams,jPET,100.00,C,2,run-09-30sec,101
O1,O1_oneOperationWithCheck,jPET,100.00,C,3,run-09-30sec,100
O1,O1_twoOperationsParams,jPET,100.00,C,4,run-09-30sec,100
O1,O1_twoOperationsWithCheck,jPET,100.00,C,5,run-09-30sec,100
O1,O1_twoOperationsWithNocheck,jPET,100.00,C,5,run-09-30sec,100
O2,O2_guessResult,jPET,100.00,C,18,run-09-30sec,201
O2,O2_guessResultParams,jPET,100.00,C,16,run-09-30sec,200
O3a,O3a_guessResult,jPET,,N/A,,run-09-30sec,101
O3a,O3a_guessResultParams,jPET,100.00,C,16,run-09-30sec,200
O3b,O3b_guess,jPET,33.33,NC,1,run-09-30sec,101
O3b,O3b_guessImpossible,jPET,33.33,NC,1,run-09-30sec,101
O3b,O3b_validate,jPET,33.33,NC,1,run-09-30sec,101
O3c,O3c_guess,jPET,,N/A,,run-09-30sec,100
O3c,O3c_guessImpossible,jPET,,N/A,,run-09-30sec,100
O3c,O3c_validate,jPET,,N/A,,run-09-30sec,101
O4,O4_guessImpossible,jPET,11.76,NC,17,run-09-30sec,201
O4,O4_guessImpossibleParams,jPET,87.50,C,8,run-09-30sec,201
O4,O4_guessResult,jPET,11.76,NC,17,run-09-30sec,201
O4,O4_guessResultParams,jPET,93.75,C,15,run-09-30sec,201
G1,G1_guessType,jPET,80.00,C,5,run-09-30sec,100
G1,G1_guessTypeAndUse,jPET,,N/A,,run-09-30sec,100
G1,G1_guessTypeWithExtends,jPET,60.00,C,5,run-09-30sec,101
G1,G1_guessTypeWithExtendsAndUse,jPET,,N/A,,run-09-30sec,101
G2,G2_guessDescendant,jPET,0.00,NC,1,run-09-30sec,100
G2,G2_guessImpossible,jPET,,N/A,,run-09-30sec,101
G2,G2_guessInteger,jPET,,N/A,,run-09-30sec,100
G2,G2_guessIntegerNoHelp,jPET,,N/A,,run-09-30sec,101
G2,G2_guessSafe,jPET,50.00,C,2,run-09-30sec,101
G2,G2_guessSafeNoHelp,jPET,50.00,C,4,run-09-30sec,100
L1,L1_abs,jPET,,N/A,,run-09-30sec,101
L1,L1_absImpossible,jPET,,N/A,,run-09-30sec,100
L1,L1_cbrt,jPET,75.00,NC,1,run-09-30sec,101
L1,L1_cos,jPET,,N/A,,run-09-30sec,101
L1,L1_cosImpossible,jPET,,N/A,,run-09-30sec,101
L1,L1_log10GuessArgument,jPET,75.00,NC,1,run-09-30sec,101
L1,L1_logGuessArgument,jPET,,N/A,,run-09-30sec,101
L1,L1_logGuessBase,jPET,,N/A,,run-09-30sec,101
L1,L1_logGuessBaseAndArgument,jPET,,N/A,,run-09-30sec,100
L1,L1_minMax,jPET,,N/A,,run-09-30sec,100
L1,L1_minMaxImpossible,jPET,,N/A,,run-09-30sec,101
L1,L1_minMaxWithOrder,jPET,,N/A,,run-09-30sec,101
L1,L1_powGuessBase,jPET,,N/A,,run-09-30sec,101
L1,L1_powGuessBaseAndExponent,jPET,,N/A,,run-09-30sec,101
L1,L1_powGuessExponent,jPET,,N/A,,run-09-30sec,101
L1,L1_sin,jPET,,N/A,,run-09-30sec,100
L1,L1_sinImpossible,jPET,,N/A,,run-09-30sec,101
L1,L1_sqrt,jPET,,N/A,,run-09-30sec,101
L1,L1_sqrtImpossible,jPET,,N/A,,run-09-30sec,100
L1,L1_tan,jPET,,N/A,,run-09-30sec,100
L2,L2_add,jPET,,N/A,,run-09-30sec,101
L2,L2_addWithCondition,jPET,,N/A,,run-09-30sec,101
L2,L2_charAt,jPET,,N/A,,run-09-30sec,100
L2,L2_compareTo,jPET,,N/A,,run-09-30sec,101
L2,L2_compareToIgnoreCase,jPET,,N/A,,run-09-30sec,100
L2,L2_equality,jPET,,N/A,,run-09-30sec,100
L2,L2_equalityIgnoreCase,jPET,,N/A,,run-09-30sec,100
L2,L2_indexOf,jPET,,N/A,,run-09-30sec,101
L2,L2_length,jPET,,N/A,,run-09-30sec,100
L2,L2_regionEquality,jPET,,N/A,,run-09-30sec,101
L2,L2_startsEnds,jPET,,N/A,,run-09-30sec,101
L2,L2_substring,jPET,,N/A,,run-09-30sec,100
L2,L2_switchString,jPET,,N/A,,run-09-30sec,100
L3,L3_guessDouble,jPET,,N/A,,run-09-30sec,100
L3,L3_guessInteger,jPET,,N/A,,run-09-30sec,100
L3,L3_integerOverflow,jPET,,N/A,,run-09-30sec,100
L4,L4_guessElementAndIndex,jPET,,N/A,,run-09-30sec,101
L4,L4_guessElements,jPET,,N/A,,run-09-30sec,100
L4,L4_guessGenericListWithElement,jPET,,N/A,,run-09-30sec,101
L4,L4_guessGenericListWithSize,jPET,,N/A,,run-09-30sec,101
L4,L4_guessGenericVectorWithElement,jPET,,N/A,,run-09-30sec,100
L4,L4_guessGenericVectorWithSize,jPET,,N/A,,run-09-30sec,100
L4,L4_guessIndices,jPET,,N/A,,run-09-30sec,100
L4,L4_guessListWithSize,jPET,,N/A,,run-09-30sec,101
L4,L4_guessSize,jPET,,N/A,,run-09-30sec,100
L4,L4_guessSizeAndElements,jPET,,N/A,,run-09-30sec,101
L4,L4_guessVectorWithSize,jPET,,N/A,,run-09-30sec,101
LO,LO_associatesAPIGuessDate,jPET,,N/A,,run-09-30sec,100
LO,LO_associatesAPIGuessValidDateFormat,jPET,,N/A,,run-09-30sec,100
LO,LO_guessUUID,jPET,,N/A,,run-09-30sec,101
LO,LO_guessValidUUID,jPET,,N/A,,run-09-30sec,101
LO,LO_inheritsAPIGuessOneObject,jPET,75.00,C,4,run-09-30sec,101
LO,LO_inheritsAPIGuessOnePrimitive,jPET,,N/A,,run-09-30sec,101
LO,LO_inheritsAPIGuessTwoObjects,jPET,,N/A,,run-09-30sec,101
LO,LO_inheritsAPIGuessTwoPrimitives,jPET,,N/A,,run-09-30sec,101
LO,LO_regexCaseInsensitive,jPET,,N/A,,run-09-30sec,100
LO,LO_regexCaseSensitive,jPET,,N/A,,run-09-30sec,101
Others,Others_guess,jPET,100.00,C,5,run-09-30sec,101
Others,Others_guessEnum,jPET,18.18,NC,1,run-09-30sec,101
Others,Others_guessEnumOrdinal,jPET,,EX,,run-09-30sec,101
Others,Others_guessEnumString,jPET,,EX,,run-09-30sec,101
Others,Others_guessWithLength,jPET,100.00,C,5,run-09-30sec,100
Others,Others_iterateWithFor,jPET,100.00,C,17,run-09-30sec,101
Others,Others_iterateWithForeach,jPET,100.00,C,17,run-09-30sec,201
Others,Others_minMax,jPET,,N/A,,run-09-30sec,100
Others,Others_minMaxImpossible,jPET,,N/A,,run-09-30sec,101
Others,Others_minMaxWithOrder,jPET,,N/A,,run-09-30sec,100
Others,Others_switchEnum,jPET,,EX,,run-09-30sec,101
Others,Others_test,jPET,100.00,C,2,run-09-30sec,101
B1a,B1a_oneParamBoolean,jPET,100.00,C,2,run-10-30sec,100
B1a,B1a_oneParamByte,jPET,,N/A,,run-10-30sec,100
B1a,B1a_oneParamChar,jPET,,N/A,,run-10-30sec,101
B1a,B1a_oneParamDouble,jPET,100.00,C,1,run-10-30sec,101
B1a,B1a_oneParamFloat,jPET,100.00,C,1,run-10-30sec,101
B1a,B1a_oneParamInt,jPET,100.00,C,1,run-10-30sec,100
B1a,B1a_oneParamLong,jPET,100.00,C,1,run-10-30sec,100
B1a,B1a_oneParamShort,jPET,,N/A,,run-10-30sec,100
B1a,B1a_twoParamBoolean,jPET,,N/A,,run-10-30sec,101
B1a,B1a_twoParamByte,jPET,,N/A,,run-10-30sec,101
B1a,B1a_twoParamChar,jPET,,N/A,,run-10-30sec,100
B1a,B1a_twoParamDouble,jPET,100.00,C,1,run-10-30sec,101
B1a,B1a_twoParamFloat,jPET,100.00,C,1,run-10-30sec,101
B1a,B1a_twoParamInt,jPET,100.00,C,1,run-10-30sec,100
B1a,B1a_twoParamLong,jPET,100.00,C,1,run-10-30sec,100
B1a,B1a_twoParamShort,jPET,,N/A,,run-10-30sec,101
B1b,B1b_constBoolean,jPET,100.00,C,1,run-10-30sec,100
B1b,B1b_constByte,jPET,100.00,C,1,run-10-30sec,101
B1b,B1b_constChar,jPET,100.00,C,1,run-10-30sec,100
B1b,B1b_constDouble,jPET,100.00,C,1,run-10-30sec,100
B1b,B1b_constFloat,jPET,100.00,C,1,run-10-30sec,100
B1b,B1b_constInt,jPET,100.00,C,1,run-10-30sec,100
B1b,B1b_constLong,jPET,100.00,C,1,run-10-30sec,100
B1b,B1b_constShort,jPET,100.00,C,1,run-10-30sec,101
B1c,B1c_add,jPET,100.00,C,1,run-10-30sec,101
B1c,B1c_addAssignment,jPET,100.00,C,1,run-10-30sec,101
B1c,B1c_divide,jPET,100.00,C,2,run-10-30sec,101
B1c,B1c_divideAssignment,jPET,100.00,C,2,run-10-30sec,100
B1c,B1c_modulo,jPET,100.00,C,2,run-10-30sec,100
B1c,B1c_moduloAssignment,jPET,100.00,C,2,run-10-30sec,101
B1c,B1c_multiply,jPET,100.00,C,1,run-10-30sec,100
B1c,B1c_multiplyAssignment,jPET,100.00,C,1,run-10-30sec,101
B1c,B1c_postfixMinusMinus,jPET,100.00,C,1,run-10-30sec,101
B1c,B1c_postfixPlusplus,jPET,100.00,C,1,run-10-30sec,100
B1c,B1c_substract,jPET,100.00,C,1,run-10-30sec,101
B1c,B1c_substractAssignment,jPET,100.00,C,1,run-10-30sec,100
B1c,B1c_unaryMinus,jPET,100.00,C,1,run-10-30sec,100
B1c,B1c_unaryMinusMinus,jPET,100.00,C,1,run-10-30sec,101
B1c,B1c_unaryPlus,jPET,100.00,C,1,run-10-30sec,101
B1c,B1c_unaryPlusPlus,jPET,100.00,C,1,run-10-30sec,101
B1d,B1d_and,jPET,100.00,C,3,run-10-30sec,101
B1d,B1d_equal,jPET,100.00,C,2,run-10-30sec,101
B1d,B1d_greater,jPET,100.00,C,2,run-10-30sec,101
B1d,B1d_greaterOrEqual,jPET,100.00,C,2,run-10-30sec,100
B1d,B1d_negate,jPET,100.00,C,2,run-10-30sec,101
B1d,B1d_notEqual,jPET,100.00,C,2,run-10-30sec,101
B1d,B1d_or,jPET,100.00,C,3,run-10-30sec,100
B1d,B1d_smaller,jPET,100.00,C,2,run-10-30sec,100
B1d,B1d_smallerOrEqual,jPET,100.00,C,2,run-10-30sec,100
B1e,B1e_and,jPET,,N/A,,run-10-30sec,101
B1e,B1e_andAssignment,jPET,,N/A,,run-10-30sec,100
B1e,B1e_negate,jPET,,N/A,,run-10-30sec,101
B1e,B1e_or,jPET,,N/A,,run-10-30sec,101
B1e,B1e_orAssignment,jPET,,N/A,,run-10-30sec,101
B1e,B1e_shiftLeft,jPET,,N/A,,run-10-30sec,100
B1e,B1e_shiftLeftAssignment,jPET,,N/A,,run-10-30sec,100
B1e,B1e_shiftRight,jPET,,N/A,,run-10-30sec,101
B1e,B1e_shiftRightAssignment,jPET,,N/A,,run-10-30sec,101
B1e,B1e_shiftRightUnsigned,jPET,,N/A,,run-10-30sec,100
B1e,B1e_shiftRightUnsignedAssignment,jPET,,N/A,,run-10-30sec,100
B1e,B1e_xor,jPET,,N/A,,run-10-30sec,100
B1e,B1e_xorAssignment,jPET,,N/A,,run-10-30sec,101
B2a,B2a_oneParamBoolean,jPET,100.00,C,2,run-10-30sec,100
B2a,B2a_oneParamDouble,jPET,,N/A,,run-10-30sec,100
B2a,B2a_oneParamInt,jPET,100.00,C,4,run-10-30sec,100
B2a,B2a_twoParamsBoolean,jPET,66.67,C,4,run-10-30sec,100
B2a,B2a_twoParamsDouble,jPET,66.67,C,7,run-10-30sec,100
B2a,B2a_twoParamsInt,jPET,66.67,C,7,run-10-30sec,100
B2b,B2b_oneParamBoolean,jPET,100.00,C,2,run-10-30sec,101
B2b,B2b_oneParamInt,jPET,100.00,C,2,run-10-30sec,100
B2b,B2b_twoParamsBoolean,jPET,100.00,C,3,run-10-30sec,100
B2b,B2b_twoParamsInt,jPET,100.00,C,3,run-10-30sec,100
B2c,B2c_missingBreaks,jPET,100.00,C,5,run-10-30sec,101
B2c,B2c_simple,jPET,100.00,C,5,run-10-30sec,100
B2c,B2c_withReturn,jPET,100.00,C,5,run-10-30sec,100
B2d,B2d_oneParamDouble,jPET,,N/A,,run-10-30sec,101
B2d,B2d_oneParamFloat,jPET,,N/A,,run-10-30sec,100
B2d,B2d_oneParamInt,jPET,100.00,C,2,run-10-30sec,100
B2d,B2d_oneParamIntNoSolution,jPET,50.00,C,1,run-10-30sec,100
B2d,B2d_quadraticDouble,jPET,,N/A,,run-10-30sec,100
B2d,B2d_quadraticDoubleNoSolution,jPET,,N/A,,run-10-30sec,100
B2d,B2d_quadraticFloat,jPET,,N/A,,run-10-30sec,101
B2d,B2d_quadraticFloatNoSolution,jPET,,N/A,,run-10-30sec,100
B2d,B2d_quadraticInt,jPET,100.00,C,4,run-10-30sec,101
B2d,B2d_quadraticIntNoSolution,jPET,,T/M,,run-10-30sec,30140
B2d,B2d_threeParamsDouble,jPET,,N/A,,run-10-30sec,101
B2d,B2d_threeParamsFloat,jPET,,N/A,,run-10-30sec,101
B2d,B2d_threeParamsInt,jPET,,T/M,,run-10-30sec,30124
B2d,B2d_threeParamsIntNoSolution,jPET,,T/M,,run-10-30sec,30145
B2d,B2d_twoParamsDouble,jPET,,N/A,,run-10-30sec,100
B2d,B2d_twoParamsFloat,jPET,,N/A,,run-10-30sec,100
B2d,B2d_twoParamsInt,jPET,100.00,C,3,run-10-30sec,101
B2d,B2d_twoParamsIntNoSolution,jPET,66.00,C,2,run-10-30sec,100
B3a,B3a_complex,jPET,78.00,C,165,run-10-30sec,1001
B3a,B3a_infinite,jPET,0.00,C,1,run-10-30sec,101
B3a,B3a_infiniteNotOptimalizable,jPET,0.00,C,1,run-10-30sec,100
B3a,B3a_nestedLoop,jPET,100.00,C,25,run-10-30sec,6008
B3a,B3a_nestedLoopWithLabel,jPET,100.00,C,28,run-10-30sec,7019
B3a,B3a_withConditionAndLimit,jPET,100.00,C,10,run-10-30sec,100
B3a,B3a_withConditionNoLimit,jPET,100.00,C,10,run-10-30sec,801
B3a,B3a_withContinueBreak,jPET,90.91,NC,10,run-10-30sec,101
B3a,B3a_withLimit,jPET,100.00,C,10,run-10-30sec,100
B3b,B3b_complex,jPET,75.00,C,165,run-10-30sec,1001
B3b,B3b_infinite,jPET,0.00,C,1,run-10-30sec,101
B3b,B3b_infiniteNotOptimalizable,jPET,0.00,C,1,run-10-30sec,100
B3b,B3b_nestedLoop,jPET,100.00,C,15,run-10-30sec,3607
B3b,B3b_nestedLoopWithLabel,jPET,100.00,C,20,run-10-30sec,4804
B3b,B3b_withConditionAndLimit,jPET,100.00,C,10,run-10-30sec,100
B3b,B3b_withConditionNoLimit,jPET,100.00,C,10,run-10-30sec,700
B3b,B3b_withContinueBreak,jPET,87.50,NC,10,run-10-30sec,101
B3b,B3b_withLimit,jPET,100.00,C,10,run-10-30sec,100
B3c,B3c_complex,jPET,78.00,C,175,run-10-30sec,1001
B3c,B3c_infinite,jPET,0.00,C,1,run-10-30sec,100
B3c,B3c_infiniteNotOptimalizable,jPET,0.00,C,1,run-10-30sec,101
B3c,B3c_nestedLoop,jPET,100.00,C,37,run-10-30sec,9409
B3c,B3c_nestedLoopWithLabel,jPET,100.00,C,42,run-10-30sec,10820
B3c,B3c_withConditionAndLimit,jPET,100.00,C,11,run-10-30sec,101
B3c,B3c_withConditionNoLimit,jPET,100.00,C,11,run-10-30sec,800
B3c,B3c_withContinueBreak,jPET,90.91,NC,10,run-10-30sec,101
B3c,B3c_withLimit,jPET,100.00,C,11,run-10-30sec,101
B4a,B4a_fromParams,jPET,100.00,C,4,run-10-30sec,100
B4a,B4a_fromParamsWithIndex,jPET,83.33,NC,5,run-10-30sec,101
B4a,B4a_guessLength,jPET,100.00,C,2,run-10-30sec,100
B4a,B4a_guessOneArray,jPET,100.00,C,5,run-10-30sec,100
B4a,B4a_guessOneArrayWithLength,jPET,100.00,C,5,run-10-30sec,101
B4a,B4a_indexParam,jPET,83.33,NC,3,run-10-30sec,101
B4a,B4a_iterateWithFor,jPET,100.00,C,17,run-10-30sec,201
B4a,B4a_iterateWithForeach,jPET,100.00,C,17,run-10-30sec,201
B4a,B4a_twoArrays,jPET,100.00,C,7,run-10-30sec,100
B4b,B4b_fromParams,jPET,100.00,C,4,run-10-30sec,100
B4b,B4b_fromParamsWithIndex,jPET,75.00,NC,3,run-10-30sec,101
B4b,B4b_guessLength,jPET,100.00,C,2,run-10-30sec,101
B4b,B4b_guessOneArray,jPET,100.00,C,4,run-10-30sec,101
B4b,B4b_guessOneArrayWithLength,jPET,100.00,C,5,run-10-30sec,100
B4b,B4b_indexParam,jPET,75.00,NC,1,run-10-30sec,100
B4b,B4b_iterateWithFor,jPET,100.00,C,17,run-10-30sec,200
B4b,B4b_iterateWithForeach,jPET,100.00,C,17,run-10-30sec,201
B4b,B4b_twoArrays,jPET,100.00,C,5,run-10-30sec,101
B5a1,B5a1_conditionalCall,jPET,100.00,C,8,run-10-30sec,101
B5a1,B5a1_simple,jPET,100.00,C,7,run-10-30sec,101
B5a1,B5a1_useReturnValue,jPET,100.00,C,7,run-10-30sec,101
B5a2,B5a2_conditionalCall,jPET,100.00,C,8,run-10-30sec,101
B5a2,B5a2_simple,jPET,100.00,C,7,run-10-30sec,101
B5a2,B5a2_useReturnValue,jPET,100.00,C,7,run-10-30sec,101
B5b1,B5b1_fibonacci,jPET,100.00,C,11,run-10-30sec,500
B5b1,B5b1_simple,jPET,100.00,C,10,run-10-30sec,201
B5b2,B5b2_fibonacci,jPET,100.00,C,11,run-10-30sec,425
B5b2,B5b2_simple,jPET,100.00,C,10,run-10-30sec,100
B6a,B6a_always,jPET,,N/A,,run-10-30sec,101
B6a,B6a_call,jPET,,N/A,,run-10-30sec,100
B6a,B6a_conditionalAndLoop,jPET,,N/A,,run-10-30sec,101
B6a,B6a_recursive,jPET,,N/A,,run-10-30sec,211
B6a,B6a_tryCatch,jPET,,N/A,,run-10-30sec,100
B6a,B6a_tryCatchFinally,jPET,,N/A,,run-10-30sec,100
B6b,B6b_always,jPET,100.00,C,1,run-10-30sec,101
B6b,B6b_call,jPET,100.00,C,7,run-10-30sec,201
B6b,B6b_conditionalAndLoop,jPET,100.00,C,12,run-10-30sec,101
B6b,B6b_recursive,jPET,100.00,C,10,run-10-30sec,201
B6b,B6b_tryCatch,jPET,100.00,C,7,run-10-30sec,100
B6b,B6b_tryCatchFinally,jPET,100.00,C,39,run-10-30sec,201
B6c,B6c_arithmeticException,jPET,100.00,C,2,run-10-30sec,101
B6c,B6c_arrayIndexOutOfBoundsException,jPET,66.67,NC,1,run-10-30sec,101
B6c,B6c_classCastException,jPET,,N/A,,run-10-30sec,101
B6c,B6c_illegalArgumentException,jPET,,N/A,,run-10-30sec,101
B6c,B6c_illegalStateException,jPET,100.00,C,2,run-10-30sec,101
B6c,B6c_indexOutOfBoundsException,jPET,,N/A,,run-10-30sec,101
B6c,B6c_nullPointerException,jPET,,N/A,,run-10-30sec,100
B6c,B6c_securityException,jPET,,N/A,,run-10-30sec,101
B6c,B6c_unsupportedOperationException,jPET,100.00,C,2,run-10-30sec,100
S1,S1_returnStructure,jPET,100.00,C,2,run-10-30sec,100
S1,S1_returnStructureParams,jPET,100.00,C,1,run-10-30sec,101
S1,S1_useStructure,jPET,100.00,C,2,run-10-30sec,101
S1,S1_useStructureParams,jPET,100.00,C,1,run-10-30sec,101
S2,S2_oneStructure,jPET,100.00,C,8,run-10-30sec,101
S2,S2_oneStructureParams,jPET,100.00,C,7,run-10-30sec,100
S2,S2_twoStructures,jPET,100.00,C,9,run-10-30sec,201
S2,S2_twoStructuresParams,jPET,100.00,C,7,run-10-30sec,201
S3,S3_arrayOfStructures,jPET,100.00,C,2047,run-10-30sec,23488
S3,S3_arrayOfStructuresParams,jPET,100.00,C,1026,run-10-30sec,24039
S3,S3_noLimit,jPET,,T/M,,run-10-30sec,30126
S3,S3_noLimitParams,jPET,,T/M,,run-10-30sec,30111
S3,S3_withLimit,jPET,,T/M,,run-10-30sec,30153
S3,S3_withLimitParams,jPET,,T/M,,run-10-30sec,30136
S4,S4_guess,jPET,100.00,C,12,run-10-30sec,101
S4,S4_guessCoordinates,jPET,100.00,C,11,run-10-30sec,201
S4,S4_guessParams,jPET,100.00,C,9,run-10-30sec,200
O1,O1_fullCoverage,jPET,100.00,C,13,run-10-30sec,200
O1,O1_guessImpossibleObject,jPET,66.00,C,4,run-10-30sec,101
O1,O1_guessImpossibleOperationCount,jPET,85.00,C,21,run-10-30sec,300
O1,O1_guessImpossibleOperationCountParams,jPET,83.00,C,10,run-10-30sec,201
O1,O1_guessImpossibleResult,jPET,90.00,C,17,run-10-30sec,200
O1,O1_guessImpossibleResultAndOperationCount,jPET,,T/M,,run-10-30sec,30148
O1,O1_guessImpossibleResultAndOperationCountParams,jPET,75.00,C,25,run-10-30sec,301
O1,O1_guessImpossibleResultParams,jPET,91.67,C,8,run-10-30sec,200
O1,O1_guessObject,jPET,100.00,C,4,run-10-30sec,100
O1,O1_guessOperationCount,jPET,100.00,C,21,run-10-30sec,301
O1,O1_guessOperationCountParams,jPET,100.00,C,10,run-10-30sec,201
O1,O1_guessResult,jPET,100.00,C,17,run-10-30sec,201
O1,O1_guessResultAndOperationCount,jPET,,T/M,,run-10-30sec,30124
O1,O1_guessResultAndOperationCountParams,jPET,100.00,C,25,run-10-30sec,301
O1,O1_guessResultParams,jPET,100.00,C,16,run-10-30sec,201
O1,O1_oneOperationNoCheck,jPET,100.00,C,3,run-10-30sec,100
O1,O1_oneOperationParams,jPET,100.00,C,2,run-10-30sec,100
O1,O1_oneOperationWithCheck,jPET,100.00,C,3,run-10-30sec,100
O1,O1_twoOperationsParams,jPET,100.00,C,4,run-10-30sec,101
O1,O1_twoOperationsWithCheck,jPET,100.00,C,5,run-10-30sec,100
O1,O1_twoOperationsWithNocheck,jPET,100.00,C,5,run-10-30sec,100
O2,O2_guessResult,jPET,100.00,C,18,run-10-30sec,200
O2,O2_guessResultParams,jPET,100.00,C,16,run-10-30sec,200
O3a,O3a_guessResult,jPET,,N/A,,run-10-30sec,100
O3a,O3a_guessResultParams,jPET,100.00,C,16,run-10-30sec,201
O3b,O3b_guess,jPET,33.33,NC,1,run-10-30sec,100
O3b,O3b_guessImpossible,jPET,33.33,NC,1,run-10-30sec,100
O3b,O3b_validate,jPET,33.33,NC,1,run-10-30sec,100
O3c,O3c_guess,jPET,,N/A,,run-10-30sec,101
O3c,O3c_guessImpossible,jPET,,N/A,,run-10-30sec,100
O3c,O3c_validate,jPET,,N/A,,run-10-30sec,100
O4,O4_guessImpossible,jPET,11.76,NC,17,run-10-30sec,200
O4,O4_guessImpossibleParams,jPET,87.50,C,8,run-10-30sec,201
O4,O4_guessResult,jPET,11.76,NC,17,run-10-30sec,200
O4,O4_guessResultParams,jPET,93.75,C,15,run-10-30sec,200
G1,G1_guessType,jPET,80.00,C,5,run-10-30sec,101
G1,G1_guessTypeAndUse,jPET,,N/A,,run-10-30sec,101
G1,G1_guessTypeWithExtends,jPET,60.00,C,5,run-10-30sec,101
G1,G1_guessTypeWithExtendsAndUse,jPET,,N/A,,run-10-30sec,100
G2,G2_guessDescendant,jPET,0.00,NC,1,run-10-30sec,101
G2,G2_guessImpossible,jPET,,N/A,,run-10-30sec,100
G2,G2_guessInteger,jPET,,N/A,,run-10-30sec,100
G2,G2_guessIntegerNoHelp,jPET,,N/A,,run-10-30sec,101
G2,G2_guessSafe,jPET,50.00,C,2,run-10-30sec,101
G2,G2_guessSafeNoHelp,jPET,50.00,C,4,run-10-30sec,101
L1,L1_abs,jPET,,N/A,,run-10-30sec,100
L1,L1_absImpossible,jPET,,N/A,,run-10-30sec,102
L1,L1_cbrt,jPET,75.00,NC,1,run-10-30sec,100
L1,L1_cos,jPET,,N/A,,run-10-30sec,100
L1,L1_cosImpossible,jPET,,N/A,,run-10-30sec,100
L1,L1_log10GuessArgument,jPET,75.00,NC,1,run-10-30sec,101
L1,L1_logGuessArgument,jPET,,N/A,,run-10-30sec,101
L1,L1_logGuessBase,jPET,,N/A,,run-10-30sec,101
L1,L1_logGuessBaseAndArgument,jPET,,N/A,,run-10-30sec,101
L1,L1_minMax,jPET,,N/A,,run-10-30sec,100
L1,L1_minMaxImpossible,jPET,,N/A,,run-10-30sec,100
L1,L1_minMaxWithOrder,jPET,,N/A,,run-10-30sec,100
L1,L1_powGuessBase,jPET,,N/A,,run-10-30sec,101
L1,L1_powGuessBaseAndExponent,jPET,,N/A,,run-10-30sec,101
L1,L1_powGuessExponent,jPET,,N/A,,run-10-30sec,101
L1,L1_sin,jPET,,N/A,,run-10-30sec,101
L1,L1_sinImpossible,jPET,,N/A,,run-10-30sec,100
L1,L1_sqrt,jPET,,N/A,,run-10-30sec,100
L1,L1_sqrtImpossible,jPET,,N/A,,run-10-30sec,101
L1,L1_tan,jPET,,N/A,,run-10-30sec,100
L2,L2_add,jPET,,N/A,,run-10-30sec,101
L2,L2_addWithCondition,jPET,,N/A,,run-10-30sec,101
L2,L2_charAt,jPET,,N/A,,run-10-30sec,101
L2,L2_compareTo,jPET,,N/A,,run-10-30sec,101
L2,L2_compareToIgnoreCase,jPET,,N/A,,run-10-30sec,100
L2,L2_equality,jPET,,N/A,,run-10-30sec,101
L2,L2_equalityIgnoreCase,jPET,,N/A,,run-10-30sec,100
L2,L2_indexOf,jPET,,N/A,,run-10-30sec,100
L2,L2_length,jPET,,N/A,,run-10-30sec,101
L2,L2_regionEquality,jPET,,N/A,,run-10-30sec,101
L2,L2_startsEnds,jPET,,N/A,,run-10-30sec,100
L2,L2_substring,jPET,,N/A,,run-10-30sec,100
L2,L2_switchString,jPET,,N/A,,run-10-30sec,100
L3,L3_guessDouble,jPET,,N/A,,run-10-30sec,100
L3,L3_guessInteger,jPET,,N/A,,run-10-30sec,100
L3,L3_integerOverflow,jPET,,N/A,,run-10-30sec,100
L4,L4_guessElementAndIndex,jPET,,N/A,,run-10-30sec,100
L4,L4_guessElements,jPET,,N/A,,run-10-30sec,100
L4,L4_guessGenericListWithElement,jPET,,N/A,,run-10-30sec,100
L4,L4_guessGenericListWithSize,jPET,,N/A,,run-10-30sec,100
L4,L4_guessGenericVectorWithElement,jPET,,N/A,,run-10-30sec,100
L4,L4_guessGenericVectorWithSize,jPET,,N/A,,run-10-30sec,100
L4,L4_guessIndices,jPET,,N/A,,run-10-30sec,100
L4,L4_guessListWithSize,jPET,,N/A,,run-10-30sec,100
L4,L4_guessSize,jPET,,N/A,,run-10-30sec,100
L4,L4_guessSizeAndElements,jPET,,N/A,,run-10-30sec,100
L4,L4_guessVectorWithSize,jPET,,N/A,,run-10-30sec,100
LO,LO_associatesAPIGuessDate,jPET,,N/A,,run-10-30sec,101
LO,LO_associatesAPIGuessValidDateFormat,jPET,,N/A,,run-10-30sec,100
LO,LO_guessUUID,jPET,,N/A,,run-10-30sec,101
LO,LO_guessValidUUID,jPET,,N/A,,run-10-30sec,101
LO,LO_inheritsAPIGuessOneObject,jPET,75.00,C,4,run-10-30sec,100
LO,LO_inheritsAPIGuessOnePrimitive,jPET,,N/A,,run-10-30sec,101
LO,LO_inheritsAPIGuessTwoObjects,jPET,,N/A,,run-10-30sec,100
LO,LO_inheritsAPIGuessTwoPrimitives,jPET,,N/A,,run-10-30sec,100
LO,LO_regexCaseInsensitive,jPET,,N/A,,run-10-30sec,100
LO,LO_regexCaseSensitive,jPET,,N/A,,run-10-30sec,101
Others,Others_guess,jPET,100.00,C,5,run-10-30sec,100
Others,Others_guessEnum,jPET,18.18,NC,1,run-10-30sec,100
Others,Others_guessEnumOrdinal,jPET,,EX,,run-10-30sec,100
Others,Others_guessEnumString,jPET,,EX,,run-10-30sec,100
Others,Others_guessWithLength,jPET,100.00,C,5,run-10-30sec,100
Others,Others_iterateWithFor,jPET,100.00,C,17,run-10-30sec,200
Others,Others_iterateWithForeach,jPET,100.00,C,17,run-10-30sec,200
Others,Others_minMax,jPET,,N/A,,run-10-30sec,100
Others,Others_minMaxImpossible,jPET,,N/A,,run-10-30sec,100
Others,Others_minMaxWithOrder,jPET,,N/A,,run-10-30sec,100
Others,Others_switchEnum,jPET,,EX,,run-10-30sec,101
Others,Others_test,jPET,100.00,C,2,run-10-30sec,100
B1a,B1a_oneParamBoolean,Randoop,100.00,C,2,run-01-30sec,30428
B1a,B1a_oneParamByte,Randoop,100.00,C,256,run-01-30sec,30570
B1a,B1a_oneParamChar,Randoop,100.00,C,2933,run-01-30sec,31209
B1a,B1a_oneParamDouble,Randoop,100.00,C,2883,run-01-30sec,31071
B1a,B1a_oneParamFloat,Randoop,100.00,C,3015,run-01-30sec,31115
B1a,B1a_oneParamInt,Randoop,100.00,C,2931,run-01-30sec,31018
B1a,B1a_oneParamLong,Randoop,100.00,C,2990,run-01-30sec,31110
B1a,B1a_oneParamShort,Randoop,100.00,C,2966,run-01-30sec,31085
B1a,B1a_twoParamBoolean,Randoop,100.00,C,4,run-01-30sec,30413
B1a,B1a_twoParamByte,Randoop,100.00,C,4999,run-01-30sec,4916
B1a,B1a_twoParamChar,Randoop,100.00,C,4999,run-01-30sec,5109
B1a,B1a_twoParamDouble,Randoop,100.00,C,4999,run-01-30sec,4709
B1a,B1a_twoParamFloat,Randoop,100.00,C,4999,run-01-30sec,4908
B1a,B1a_twoParamInt,Randoop,100.00,C,4999,run-01-30sec,4811
B1a,B1a_twoParamLong,Randoop,100.00,C,4999,run-01-30sec,4908
B1a,B1a_twoParamShort,Randoop,100.00,C,4999,run-01-30sec,4710
B1b,B1b_constBoolean,Randoop,100.00,C,1,run-01-30sec,30466
B1b,B1b_constByte,Randoop,100.00,C,1,run-01-30sec,30381
B1b,B1b_constChar,Randoop,100.00,C,1,run-01-30sec,30456
B1b,B1b_constDouble,Randoop,100.00,C,1,run-01-30sec,30460
B1b,B1b_constFloat,Randoop,100.00,C,1,run-01-30sec,30460
B1b,B1b_constInt,Randoop,100.00,C,1,run-01-30sec,30457
B1b,B1b_constLong,Randoop,100.00,C,1,run-01-30sec,30460
B1b,B1b_constShort,Randoop,100.00,C,1,run-01-30sec,30457
B1c,B1c_add,Randoop,100.00,C,4999,run-01-30sec,5007
B1c,B1c_addAssignment,Randoop,100.00,C,4999,run-01-30sec,4806
B1c,B1c_divide,Randoop,100.00,C,49,run-01-30sec,30470
B1c,B1c_divideAssignment,Randoop,100.00,C,49,run-01-30sec,30474
B1c,B1c_modulo,Randoop,100.00,C,25,run-01-30sec,30459
B1c,B1c_moduloAssignment,Randoop,100.00,C,25,run-01-30sec,30409
B1c,B1c_multiply,Randoop,100.00,C,4096,run-01-30sec,31270
B1c,B1c_multiplyAssignment,Randoop,100.00,C,4096,run-01-30sec,31262
B1c,B1c_postfixMinusMinus,Randoop,100.00,C,3063,run-01-30sec,31088
B1c,B1c_postfixPlusplus,Randoop,100.00,C,3085,run-01-30sec,31083
B1c,B1c_substract,Randoop,100.00,C,4999,run-01-30sec,4707
B1c,B1c_substractAssignment,Randoop,100.00,C,4999,run-01-30sec,4613
B1c,B1c_unaryMinus,Randoop,100.00,C,7,run-01-30sec,30466
B1c,B1c_unaryMinusMinus,Randoop,100.00,C,2997,run-01-30sec,31088
B1c,B1c_unaryPlus,Randoop,100.00,C,5,run-01-30sec,30461
B1c,B1c_unaryPlusPlus,Randoop,100.00,C,3039,run-01-30sec,31093
B1d,B1d_and,Randoop,100.00,C,4,run-01-30sec,30402
B1d,B1d_equal,Randoop,100.00,C,25,run-01-30sec,30460
B1d,B1d_greater,Randoop,100.00,C,25,run-01-30sec,30462
B1d,B1d_greaterOrEqual,Randoop,100.00,C,25,run-01-30sec,30457
B1d,B1d_negate,Randoop,100.00,C,2,run-01-30sec,30824
B1d,B1d_notEqual,Randoop,100.00,C,25,run-01-30sec,30460
B1d,B1d_or,Randoop,100.00,C,4,run-01-30sec,30441
B1d,B1d_smaller,Randoop,100.00,C,25,run-01-30sec,30471
B1d,B1d_smallerOrEqual,Randoop,100.00,C,25,run-01-30sec,30474
B1e,B1e_and,Randoop,100.00,C,25,run-01-30sec,30462
B1e,B1e_andAssignment,Randoop,100.00,C,25,run-01-30sec,30466
B1e,B1e_negate,Randoop,100.00,C,8,run-01-30sec,30466
B1e,B1e_or,Randoop,100.00,C,81,run-01-30sec,30458
B1e,B1e_orAssignment,Randoop,100.00,C,81,run-01-30sec,30460
B1e,B1e_shiftLeft,Randoop,100.00,C,4999,run-01-30sec,5010
B1e,B1e_shiftLeftAssignment,Randoop,100.00,C,4999,run-01-30sec,5007
B1e,B1e_shiftRight,Randoop,100.00,C,144,run-01-30sec,30580
B1e,B1e_shiftRightAssignment,Randoop,100.00,C,144,run-01-30sec,30507
B1e,B1e_shiftRightUnsigned,Randoop,100.00,C,1681,run-01-30sec,30877
B1e,B1e_shiftRightUnsignedAssignment,Randoop,100.00,C,1681,run-01-30sec,30861
B1e,B1e_xor,Randoop,100.00,C,256,run-01-30sec,30570
B1e,B1e_xorAssignment,Randoop,100.00,C,256,run-01-30sec,30619
B2a,B2a_oneParamBoolean,Randoop,100.00,C,2,run-01-30sec,30467
B2a,B2a_oneParamDouble,Randoop,85.71,NC,5,run-01-30sec,30458
B2a,B2a_oneParamInt,Randoop,85.71,NC,5,run-01-30sec,30371
B2a,B2a_twoParamsBoolean,Randoop,72.73,C,4,run-01-30sec,30462
B2a,B2a_twoParamsDouble,Randoop,84.62,C,25,run-01-30sec,30486
B2a,B2a_twoParamsInt,Randoop,84.62,C,64,run-01-30sec,30460
B2b,B2b_oneParamBoolean,Randoop,100.00,C,2,run-01-30sec,30468
B2b,B2b_oneParamInt,Randoop,100.00,C,5,run-01-30sec,30471
B2b,B2b_twoParamsBoolean,Randoop,100.00,C,4,run-01-30sec,30464
B2b,B2b_twoParamsInt,Randoop,100.00,C,25,run-01-30sec,30459
B2c,B2c_missingBreaks,Randoop,85.71,NC,5,run-01-30sec,30369
B2c,B2c_simple,Randoop,77.78,NC,5,run-01-30sec,30473
B2c,B2c_withReturn,Randoop,71.43,NC,5,run-01-30sec,30501
B2d,B2d_oneParamDouble,Randoop,66.67,NC,5,run-01-30sec,30462
B2d,B2d_oneParamFloat,Randoop,66.67,NC,5,run-01-30sec,30464
B2d,B2d_oneParamInt,Randoop,66.67,NC,5,run-01-30sec,30466
B2d,B2d_oneParamIntNoSolution,Randoop,66.67,C,5,run-01-30sec,30459
B2d,B2d_quadraticDouble,Randoop,80.00,NC,25,run-01-30sec,30468
B2d,B2d_quadraticDoubleNoSolution,Randoop,80.00,C,25,run-01-30sec,30458
B2d,B2d_quadraticFloat,Randoop,80.00,NC,25,run-01-30sec,30458
B2d,B2d_quadraticFloatNoSolution,Randoop,80.00,C,25,run-01-30sec,30451
B2d,B2d_quadraticInt,Randoop,80.00,NC,25,run-01-30sec,30466
B2d,B2d_quadraticIntNoSolution,Randoop,80.00,C,25,run-01-30sec,30458
B2d,B2d_threeParamsDouble,Randoop,83.33,NC,125,run-01-30sec,30490
B2d,B2d_threeParamsFloat,Randoop,83.33,NC,125,run-01-30sec,30498
B2d,B2d_threeParamsInt,Randoop,83.33,NC,125,run-01-30sec,30569
B2d,B2d_threeParamsIntNoSolution,Randoop,83.33,C,125,run-01-30sec,30472
B2d,B2d_twoParamsDouble,Randoop,80.00,NC,25,run-01-30sec,30468
B2d,B2d_twoParamsFloat,Randoop,80.00,NC,25,run-01-30sec,30491
B2d,B2d_twoParamsInt,Randoop,80.00,NC,25,run-01-30sec,30462
B2d,B2d_twoParamsIntNoSolution,Randoop,80.00,C,25,run-01-30sec,30466
B3a,B3a_complex,Randoop,94.12,C,4999,run-01-30sec,4509
B3a,B3a_infinite,Randoop,0.00,C,0,run-01-30sec,30430
B3a,B3a_infiniteNotOptimalizable,Randoop,0.00,C,0,run-01-30sec,30429
B3a,B3a_nestedLoop,Randoop,100.00,C,38,run-01-30sec,35026
B3a,B3a_nestedLoopWithLabel,Randoop,85.71,NC,53,run-01-30sec,33329
B3a,B3a_withConditionAndLimit,Randoop,100.00,C,6,run-01-30sec,30461
B3a,B3a_withConditionNoLimit,Randoop,100.00,C,8,run-01-30sec,30461
B3a,B3a_withContinueBreak,Randoop,100.00,C,8,run-01-30sec,30470
B3a,B3a_withLimit,Randoop,100.00,C,6,run-01-30sec,30387
B3b,B3b_complex,Randoop,92.86,C,4999,run-01-30sec,4509
B3b,B3b_infinite,Randoop,0.00,C,0,run-01-30sec,30428
B3b,B3b_infiniteNotOptimalizable,Randoop,0.00,C,0,run-01-30sec,30431
B3b,B3b_nestedLoop,Randoop,100.00,C,52,run-01-30sec,44834
B3b,B3b_nestedLoopWithLabel,Randoop,81.82,NC,57,run-01-30sec,45034
B3b,B3b_withConditionAndLimit,Randoop,100.00,C,6,run-01-30sec,30390
B3b,B3b_withConditionNoLimit,Randoop,100.00,C,8,run-01-30sec,30454
B3b,B3b_withContinueBreak,Randoop,100.00,C,8,run-01-30sec,30466
B3b,B3b_withLimit,Randoop,100.00,C,6,run-01-30sec,30467
B3c,B3c_complex,Randoop,94.12,C,4999,run-01-30sec,5209
B3c,B3c_infinite,Randoop,0.00,C,0,run-01-30sec,30425
B3c,B3c_infiniteNotOptimalizable,Randoop,0.00,C,0,run-01-30sec,30424
B3c,B3c_nestedLoop,Randoop,100.00,C,38,run-01-30sec,32524
B3c,B3c_nestedLoopWithLabel,Randoop,85.71,NC,76,run-01-30sec,32133
B3c,B3c_withConditionAndLimit,Randoop,100.00,C,6,run-01-30sec,30425
B3c,B3c_withConditionNoLimit,Randoop,100.00,C,8,run-01-30sec,30469
B3c,B3c_withContinueBreak,Randoop,100.00,C,8,run-01-30sec,30461
B3c,B3c_withLimit,Randoop,100.00,C,6,run-01-30sec,30466
B4a,B4a_fromParams,Randoop,75.00,NC,125,run-01-30sec,30558
B4a,B4a_fromParamsWithIndex,Randoop,83.33,NC,625,run-01-30sec,30660
B4a,B4a_guessLength,Randoop,100.00,C,5,run-01-30sec,30460
B4a,B4a_guessOneArray,Randoop,,EX,,run-01-30sec,401
B4a,B4a_guessOneArrayWithLength,Randoop,,EX,,run-01-30sec,400
B4a,B4a_indexParam,Randoop,83.33,NC,5,run-01-30sec,30666
B4a,B4a_iterateWithFor,Randoop,,EX,,run-01-30sec,1112
B4a,B4a_iterateWithForeach,Randoop,,EX,,run-01-30sec,400
B4a,B4a_twoArrays,Randoop,,EX,,run-01-30sec,400
B4b,B4b_fromParams,Randoop,75.00,NC,125,run-01-30sec,30551
B4b,B4b_fromParamsWithIndex,Randoop,75.00,NC,625,run-01-30sec,30660
B4b,B4b_guessLength,Randoop,100.00,C,5,run-01-30sec,30458
B4b,B4b_guessOneArray,Randoop,,EX,,run-01-30sec,400
B4b,B4b_guessOneArrayWithLength,Randoop,,EX,,run-01-30sec,400
B4b,B4b_indexParam,Randoop,75.00,NC,5,run-01-30sec,30466
B4b,B4b_iterateWithFor,Randoop,,EX,,run-01-30sec,400
B4b,B4b_iterateWithForeach,Randoop,,EX,,run-01-30sec,400
B4b,B4b_twoArrays,Randoop,,EX,,run-01-30sec,400
B5a1,B5a1_conditionalCall,Randoop,100.00,C,162,run-01-30sec,30562
B5a1,B5a1_simple,Randoop,100.00,C,64,run-01-30sec,30475
B5a1,B5a1_useReturnValue,Randoop,100.00,C,25,run-01-30sec,30456
B5a2,B5a2_conditionalCall,Randoop,100.00,C,162,run-01-30sec,30492
B5a2,B5a2_simple,Randoop,100.00,C,64,run-01-30sec,30499
B5a2,B5a2_useReturnValue,Randoop,100.00,C,25,run-01-30sec,30454
B5b1,B5b1_fibonacci,Randoop,100.00,C,6,run-01-30sec,30465
B5b1,B5b1_simple,Randoop,100.00,C,5,run-01-30sec,30463
B5b2,B5b2_fibonacci,Randoop,100.00,C,4,run-01-30sec,30452
B5b2,B5b2_simple,Randoop,100.00,C,6,run-01-30sec,30461
B6a,B6a_always,Randoop,100.00,C,1,run-01-30sec,30449
B6a,B6a_call,Randoop,100.00,C,64,run-01-30sec,30458
B6a,B6a_conditionalAndLoop,Randoop,100.00,C,5,run-01-30sec,30390
B6a,B6a_recursive,Randoop,100.00,C,5,run-01-30sec,30393
B6a,B6a_tryCatch,Randoop,100.00,C,64,run-01-30sec,30450
B6a,B6a_tryCatchFinally,Randoop,100.00,C,729,run-01-30sec,30759
B6b,B6b_always,Randoop,100.00,C,1,run-01-30sec,30447
B6b,B6b_call,Randoop,100.00,C,64,run-01-30sec,30461
B6b,B6b_conditionalAndLoop,Randoop,100.00,C,5,run-01-30sec,30456
B6b,B6b_recursive,Randoop,100.00,C,5,run-01-30sec,30459
B6b,B6b_tryCatch,Randoop,100.00,C,64,run-01-30sec,30457
B6b,B6b_tryCatchFinally,Randoop,100.00,C,729,run-01-30sec,30659
B6c,B6c_arithmeticException,Randoop,100.00,C,2,run-01-30sec,30458
B6c,B6c_arrayIndexOutOfBoundsException,Randoop,100.00,C,2,run-01-30sec,30463
B6c,B6c_classCastException,Randoop,100.00,C,2,run-01-30sec,30459
B6c,B6c_illegalArgumentException,Randoop,100.00,C,2,run-01-30sec,30462
B6c,B6c_illegalStateException,Randoop,100.00,C,2,run-01-30sec,30500
B6c,B6c_indexOutOfBoundsException,Randoop,100.00,C,2,run-01-30sec,30455
B6c,B6c_nullPointerException,Randoop,100.00,C,2,run-01-30sec,30459
B6c,B6c_securityException,Randoop,100.00,C,2,run-01-30sec,30457
B6c,B6c_unsupportedOperationException,Randoop,100.00,C,2,run-01-30sec,30461
S1,S1_returnStructure,Randoop,40.00,NC,1,run-01-30sec,30469
S1,S1_returnStructureParams,Randoop,100.00,C,25,run-01-30sec,30492
S1,S1_useStructure,Randoop,66.67,NC,1,run-01-30sec,30455
S1,S1_useStructureParams,Randoop,100.00,C,4999,run-01-30sec,4715
S2,S2_oneStructure,Randoop,18.18,NC,1,run-01-30sec,30459
S2,S2_oneStructureParams,Randoop,100.00,C,64,run-01-30sec,30464
S2,S2_twoStructures,Randoop,14.29,NC,1,run-01-30sec,30473
S2,S2_twoStructuresParams,Randoop,100.00,C,4096,run-01-30sec,31270
S3,S3_arrayOfStructures,Randoop,,EX,,run-01-30sec,400
S3,S3_arrayOfStructuresParams,Randoop,,EX,,run-01-30sec,400
S3,S3_noLimit,Randoop,25.00,NC,5,run-01-30sec,30498
S3,S3_noLimitParams,Randoop,100.00,C,343,run-01-30sec,30557
S3,S3_withLimit,Randoop,25.00,NC,5,run-01-30sec,30451
S3,S3_withLimitParams,Randoop,100.00,C,216,run-01-30sec,30547
S4,S4_guess,Randoop,22.22,NC,1,run-01-30sec,30462
S4,S4_guessCoordinates,Randoop,16.67,NC,1,run-01-30sec,30460
S4,S4_guessParams,Randoop,66.67,NC,1296,run-01-30sec,30872
O1,O1_fullCoverage,Randoop,13.33,NC,125,run-01-30sec,30589
O1,O1_guessImpossibleObject,Randoop,40.00,NC,1,run-01-30sec,30461
O1,O1_guessImpossibleOperationCount,Randoop,28.57,NC,5,run-01-30sec,30452
O1,O1_guessImpossibleOperationCountParams,Randoop,83.33,C,5,run-01-30sec,30486
O1,O1_guessImpossibleResult,Randoop,15.38,NC,125,run-01-30sec,30527
O1,O1_guessImpossibleResultAndOperationCount,Randoop,28.57,NC,25,run-01-30sec,30459
O1,O1_guessImpossibleResultAndOperationCountParams,Randoop,83.33,C,25,run-01-30sec,30455
O1,O1_guessImpossibleResultParams,Randoop,91.67,C,125,run-01-30sec,30489
O1,O1_guessObject,Randoop,40.00,NC,1,run-01-30sec,30468
O1,O1_guessOperationCount,Randoop,28.57,NC,5,run-01-30sec,30460
O1,O1_guessOperationCountParams,Randoop,83.33,NC,5,run-01-30sec,30454
O1,O1_guessResult,Randoop,15.38,NC,125,run-01-30sec,30585
O1,O1_guessResultAndOperationCount,Randoop,28.57,NC,25,run-01-30sec,30484
O1,O1_guessResultAndOperationCountParams,Randoop,83.33,NC,25,run-01-30sec,30454
O1,O1_guessResultParams,Randoop,100.00,C,125,run-01-30sec,30546
O1,O1_oneOperationNoCheck,Randoop,0.00,NC,5,run-01-30sec,30459
O1,O1_oneOperationParams,Randoop,100.00,C,5,run-01-30sec,30454
O1,O1_oneOperationWithCheck,Randoop,22.22,NC,5,run-01-30sec,30476
O1,O1_twoOperationsParams,Randoop,100.00,C,4999,run-01-30sec,4707
O1,O1_twoOperationsWithCheck,Randoop,18.18,NC,25,run-01-30sec,30446
O1,O1_twoOperationsWithNocheck,Randoop,0.00,NC,25,run-01-30sec,30453
O2,O2_guessResult,Randoop,13.33,NC,125,run-01-30sec,30606
O2,O2_guessResultParams,Randoop,100.00,C,125,run-01-30sec,30511
O3a,O3a_guessResult,Randoop,11.11,NC,125,run-01-30sec,30558
O3a,O3a_guessResultParams,Randoop,100.00,C,125,run-01-30sec,30558
O3b,O3b_guess,Randoop,33.33,NC,5,run-01-30sec,30401
O3b,O3b_guessImpossible,Randoop,33.33,NC,5,run-01-30sec,30453
O3b,O3b_validate,Randoop,33.33,NC,5,run-01-30sec,30455
O3c,O3c_guess,Randoop,33.33,NC,5,run-01-30sec,30466
O3c,O3c_guessImpossible,Randoop,33.33,NC,5,run-01-30sec,30452
O3c,O3c_validate,Randoop,33.33,NC,5,run-01-30sec,30472
O4,O4_guessImpossible,Randoop,11.76,NC,125,run-01-30sec,30555
O4,O4_guessImpossibleParams,Randoop,87.50,C,125,run-01-30sec,30562
O4,O4_guessResult,Randoop,11.76,NC,125,run-01-30sec,30592
O4,O4_guessResultParams,Randoop,87.50,NC,125,run-01-30sec,30563
G1,G1_guessType,Randoop,88.89,C,140,run-01-30sec,31081
G1,G1_guessTypeAndUse,Randoop,93.33,C,141,run-01-30sec,31042
G1,G1_guessTypeWithExtends,Randoop,88.89,C,32,run-01-30sec,30460
G1,G1_guessTypeWithExtendsAndUse,Randoop,93.33,C,33,run-01-30sec,30465
G2,G2_guessDescendant,Randoop,0.00,NC,1,run-01-30sec,30483
G2,G2_guessImpossible,Randoop,0.00,NC,1,run-01-30sec,30386
G2,G2_guessInteger,Randoop,0.00,NC,1,run-01-30sec,30466
G2,G2_guessIntegerNoHelp,Randoop,0.00,NC,1,run-01-30sec,30377
G2,G2_guessSafe,Randoop,0.00,NC,1,run-01-30sec,30389
G2,G2_guessSafeNoHelp,Randoop,0.00,NC,1,run-01-30sec,30454
L1,L1_abs,Randoop,100.00,C,25,run-01-30sec,30782
L1,L1_absImpossible,Randoop,66.67,C,25,run-01-30sec,30401
L1,L1_cbrt,Randoop,75.00,NC,5,run-01-30sec,30462
L1,L1_cos,Randoop,75.00,NC,5,run-01-30sec,30454
L1,L1_cosImpossible,Randoop,66.67,C,5,run-01-30sec,30457
L1,L1_log10GuessArgument,Randoop,100.00,C,5,run-01-30sec,30407
L1,L1_logGuessArgument,Randoop,100.00,C,5,run-01-30sec,30471
L1,L1_logGuessBase,Randoop,100.00,C,5,run-01-30sec,30462
L1,L1_logGuessBaseAndArgument,Randoop,100.00,C,25,run-01-30sec,30462
L1,L1_minMax,Randoop,66.67,NC,25,run-01-30sec,30458
L1,L1_minMaxImpossible,Randoop,66.67,C,25,run-01-30sec,30460
L1,L1_minMaxWithOrder,Randoop,66.67,NC,25,run-01-30sec,30455
L1,L1_powGuessBase,Randoop,75.00,NC,5,run-01-30sec,30493
L1,L1_powGuessBaseAndExponent,Randoop,75.00,NC,25,run-01-30sec,30456
L1,L1_powGuessExponent,Randoop,100.00,C,5,run-01-30sec,30460
L1,L1_sin,Randoop,75.00,NC,5,run-01-30sec,30377
L1,L1_sinImpossible,Randoop,66.67,C,5,run-01-30sec,30458
L1,L1_sqrt,Randoop,75.00,NC,5,run-01-30sec,30478
L1,L1_sqrtImpossible,Randoop,66.67,C,5,run-01-30sec,30465
L1,L1_tan,Randoop,75.00,NC,5,run-01-30sec,30457
L2,L2_add,Randoop,57.14,NC,289,run-01-30sec,30572
L2,L2_addWithCondition,Randoop,53.85,NC,4,run-01-30sec,30457
L2,L2_charAt,Randoop,0.00,NC,2,run-01-30sec,30462
L2,L2_compareTo,Randoop,55.56,NC,2,run-01-30sec,30392
L2,L2_compareToIgnoreCase,Randoop,55.56,NC,2,run-01-30sec,30391
L2,L2_equality,Randoop,55.56,NC,2,run-01-30sec,30409
L2,L2_equalityIgnoreCase,Randoop,55.56,NC,2,run-01-30sec,30363
L2,L2_indexOf,Randoop,50.00,NC,2,run-01-30sec,30463
L2,L2_length,Randoop,57.14,NC,2,run-01-30sec,30469
L2,L2_regionEquality,Randoop,50.00,NC,2,run-01-30sec,30454
L2,L2_startsEnds,Randoop,42.86,NC,2,run-01-30sec,30461
L2,L2_substring,Randoop,57.14,NC,2,run-01-30sec,30459
L2,L2_switchString,Randoop,50.00,NC,2,run-01-30sec,30458
L3,L3_guessDouble,Randoop,80.00,NC,6,run-01-30sec,30482
L3,L3_guessInteger,Randoop,80.00,NC,6,run-01-30sec,30386
L3,L3_integerOverflow,Randoop,100.00,C,4999,run-01-30sec,6513
L4,L4_guessElementAndIndex,Randoop,100.00,C,25,run-01-30sec,30457
L4,L4_guessElements,Randoop,83.33,NC,25,run-01-30sec,30485
L4,L4_guessGenericListWithElement,Randoop,0.00,NC,1,run-01-30sec,30466
L4,L4_guessGenericListWithSize,Randoop,0.00,NC,1,run-01-30sec,30374
L4,L4_guessGenericVectorWithElement,Randoop,0.00,NC,1,run-01-30sec,30472
L4,L4_guessGenericVectorWithSize,Randoop,0.00,NC,1,run-01-30sec,30450
L4,L4_guessIndices,Randoop,88.89,NC,25,run-01-30sec,30464
L4,L4_guessListWithSize,Randoop,0.00,NC,1,run-01-30sec,30391
L4,L4_guessSize,Randoop,83.33,NC,5,run-01-30sec,30465
L4,L4_guessSizeAndElements,Randoop,83.33,NC,125,run-01-30sec,30547
L4,L4_guessVectorWithSize,Randoop,0.00,NC,1,run-01-30sec,30366
LO,LO_associatesAPIGuessDate,Randoop,43.75,NC,2,run-01-30sec,30458
LO,LO_associatesAPIGuessValidDateFormat,Randoop,50.00,NC,2,run-01-30sec,30445
LO,LO_guessUUID,Randoop,33.33,NC,2,run-01-30sec,30395
LO,LO_guessValidUUID,Randoop,50.00,NC,2,run-01-30sec,30466
LO,LO_inheritsAPIGuessOneObject,Randoop,28.57,NC,1,run-01-30sec,30463
LO,LO_inheritsAPIGuessOnePrimitive,Randoop,66.67,NC,5,run-01-30sec,30466
LO,LO_inheritsAPIGuessTwoObjects,Randoop,16.67,NC,1,run-01-30sec,30379
LO,LO_inheritsAPIGuessTwoPrimitives,Randoop,83.33,NC,25,run-01-30sec,30470
LO,LO_regexCaseInsensitive,Randoop,71.43,NC,2,run-01-30sec,30386
LO,LO_regexCaseSensitive,Randoop,60.00,NC,2,run-01-30sec,30459
Others,Others_guess,Randoop,,EX,,run-01-30sec,400
Others,Others_guessEnum,Randoop,18.18,NC,1,run-01-30sec,30459
Others,Others_guessEnumOrdinal,Randoop,18.18,NC,1,run-01-30sec,30463
Others,Others_guessEnumString,Randoop,18.18,NC,1,run-01-30sec,30464
Others,Others_guessWithLength,Randoop,,EX,,run-01-30sec,401
Others,Others_iterateWithFor,Randoop,,EX,,run-01-30sec,400
Others,Others_iterateWithForeach,Randoop,,EX,,run-01-30sec,400
Others,Others_minMax,Randoop,66.67,NC,25,run-01-30sec,30448
Others,Others_minMaxImpossible,Randoop,66.67,C,25,run-01-30sec,30454
Others,Others_minMaxWithOrder,Randoop,66.67,NC,25,run-01-30sec,30457
Others,Others_switchEnum,Randoop,25.00,NC,1,run-01-30sec,30411
Others,Others_test,Randoop,100.00,C,5,run-01-30sec,30477
B1a,B1a_oneParamBoolean,Randoop,100.00,C,2,run-02-30sec,30410
B1a,B1a_oneParamByte,Randoop,100.00,C,256,run-02-30sec,30570
B1a,B1a_oneParamChar,Randoop,100.00,C,2867,run-02-30sec,31119
B1a,B1a_oneParamDouble,Randoop,100.00,C,2976,run-02-30sec,31111
B1a,B1a_oneParamFloat,Randoop,100.00,C,3057,run-02-30sec,31105
B1a,B1a_oneParamInt,Randoop,100.00,C,3120,run-02-30sec,31108
B1a,B1a_oneParamLong,Randoop,100.00,C,2880,run-02-30sec,31116
B1a,B1a_oneParamShort,Randoop,100.00,C,3017,run-02-30sec,31089
B1a,B1a_twoParamBoolean,Randoop,100.00,C,4,run-02-30sec,30476
B1a,B1a_twoParamByte,Randoop,100.00,C,4999,run-02-30sec,4612
B1a,B1a_twoParamChar,Randoop,100.00,C,4999,run-02-30sec,5113
B1a,B1a_twoParamDouble,Randoop,100.00,C,4999,run-02-30sec,4718
B1a,B1a_twoParamFloat,Randoop,100.00,C,4999,run-02-30sec,4908
B1a,B1a_twoParamInt,Randoop,100.00,C,4999,run-02-30sec,4807
B1a,B1a_twoParamLong,Randoop,100.00,C,4999,run-02-30sec,4708
B1a,B1a_twoParamShort,Randoop,100.00,C,4999,run-02-30sec,4807
B1b,B1b_constBoolean,Randoop,100.00,C,1,run-02-30sec,30454
B1b,B1b_constByte,Randoop,100.00,C,1,run-02-30sec,30461
B1b,B1b_constChar,Randoop,100.00,C,1,run-02-30sec,30455
B1b,B1b_constDouble,Randoop,100.00,C,1,run-02-30sec,30457
B1b,B1b_constFloat,Randoop,100.00,C,1,run-02-30sec,30454
B1b,B1b_constInt,Randoop,100.00,C,1,run-02-30sec,30458
B1b,B1b_constLong,Randoop,100.00,C,1,run-02-30sec,30400
B1b,B1b_constShort,Randoop,100.00,C,1,run-02-30sec,30456
B1c,B1c_add,Randoop,100.00,C,4999,run-02-30sec,4718
B1c,B1c_addAssignment,Randoop,100.00,C,4999,run-02-30sec,4613
B1c,B1c_divide,Randoop,100.00,C,49,run-02-30sec,30513
B1c,B1c_divideAssignment,Randoop,100.00,C,49,run-02-30sec,30452
B1c,B1c_modulo,Randoop,100.00,C,25,run-02-30sec,30460
B1c,B1c_moduloAssignment,Randoop,100.00,C,25,run-02-30sec,30471
B1c,B1c_multiply,Randoop,100.00,C,4096,run-02-30sec,31259
B1c,B1c_multiplyAssignment,Randoop,100.00,C,4096,run-02-30sec,31266
B1c,B1c_postfixMinusMinus,Randoop,100.00,C,3081,run-02-30sec,31109
B1c,B1c_postfixPlusplus,Randoop,100.00,C,2909,run-02-30sec,31095
B1c,B1c_substract,Randoop,100.00,C,4999,run-02-30sec,4617
B1c,B1c_substractAssignment,Randoop,100.00,C,4999,run-02-30sec,4707
B1c,B1c_unaryMinus,Randoop,100.00,C,7,run-02-30sec,30466
B1c,B1c_unaryMinusMinus,Randoop,100.00,C,3060,run-02-30sec,31114
B1c,B1c_unaryPlus,Randoop,100.00,C,5,run-02-30sec,30468
B1c,B1c_unaryPlusPlus,Randoop,100.00,C,2997,run-02-30sec,31209
B1d,B1d_and,Randoop,100.00,C,4,run-02-30sec,30387
B1d,B1d_equal,Randoop,100.00,C,25,run-02-30sec,30470
B1d,B1d_greater,Randoop,100.00,C,25,run-02-30sec,30410
B1d,B1d_greaterOrEqual,Randoop,100.00,C,25,run-02-30sec,30403
B1d,B1d_negate,Randoop,100.00,C,2,run-02-30sec,30384
B1d,B1d_notEqual,Randoop,100.00,C,25,run-02-30sec,30460
B1d,B1d_or,Randoop,100.00,C,4,run-02-30sec,30462
B1d,B1d_smaller,Randoop,100.00,C,25,run-02-30sec,30463
B1d,B1d_smallerOrEqual,Randoop,100.00,C,25,run-02-30sec,30475
B1e,B1e_and,Randoop,100.00,C,25,run-02-30sec,30468
B1e,B1e_andAssignment,Randoop,100.00,C,25,run-02-30sec,30486
B1e,B1e_negate,Randoop,100.00,C,8,run-02-30sec,30460
B1e,B1e_or,Randoop,100.00,C,81,run-02-30sec,30470
B1e,B1e_orAssignment,Randoop,100.00,C,81,run-02-30sec,30458
B1e,B1e_shiftLeft,Randoop,100.00,C,4999,run-02-30sec,4710
B1e,B1e_shiftLeftAssignment,Randoop,100.00,C,4999,run-02-30sec,4706
B1e,B1e_shiftRight,Randoop,100.00,C,144,run-02-30sec,30562
B1e,B1e_shiftRightAssignment,Randoop,100.00,C,144,run-02-30sec,30557
B1e,B1e_shiftRightUnsigned,Randoop,100.00,C,1681,run-02-30sec,30865
B1e,B1e_shiftRightUnsignedAssignment,Randoop,100.00,C,1681,run-02-30sec,30874
B1e,B1e_xor,Randoop,100.00,C,256,run-02-30sec,30566
B1e,B1e_xorAssignment,Randoop,100.00,C,256,run-02-30sec,30549
B2a,B2a_oneParamBoolean,Randoop,100.00,C,2,run-02-30sec,30464
B2a,B2a_oneParamDouble,Randoop,85.71,NC,5,run-02-30sec,30584
B2a,B2a_oneParamInt,Randoop,85.71,NC,5,run-02-30sec,30462
B2a,B2a_twoParamsBoolean,Randoop,72.73,C,4,run-02-30sec,30467
B2a,B2a_twoParamsDouble,Randoop,84.62,C,25,run-02-30sec,30464
B2a,B2a_twoParamsInt,Randoop,84.62,C,64,run-02-30sec,30458
B2b,B2b_oneParamBoolean,Randoop,100.00,C,2,run-02-30sec,30371
B2b,B2b_oneParamInt,Randoop,100.00,C,5,run-02-30sec,30481
B2b,B2b_twoParamsBoolean,Randoop,100.00,C,4,run-02-30sec,30462
B2b,B2b_twoParamsInt,Randoop,100.00,C,25,run-02-30sec,30463
B2c,B2c_missingBreaks,Randoop,85.71,NC,5,run-02-30sec,30473
B2c,B2c_simple,Randoop,77.78,NC,5,run-02-30sec,30472
B2c,B2c_withReturn,Randoop,71.43,NC,5,run-02-30sec,30385
B2d,B2d_oneParamDouble,Randoop,66.67,NC,5,run-02-30sec,30468
B2d,B2d_oneParamFloat,Randoop,66.67,NC,5,run-02-30sec,30464
B2d,B2d_oneParamInt,Randoop,66.67,NC,5,run-02-30sec,30466
B2d,B2d_oneParamIntNoSolution,Randoop,66.67,C,5,run-02-30sec,30458
B2d,B2d_quadraticDouble,Randoop,80.00,NC,25,run-02-30sec,30412
B2d,B2d_quadraticDoubleNoSolution,Randoop,80.00,C,25,run-02-30sec,30462
B2d,B2d_quadraticFloat,Randoop,80.00,NC,25,run-02-30sec,30463
B2d,B2d_quadraticFloatNoSolution,Randoop,80.00,C,25,run-02-30sec,30469
B2d,B2d_quadraticInt,Randoop,80.00,NC,25,run-02-30sec,30472
B2d,B2d_quadraticIntNoSolution,Randoop,80.00,C,25,run-02-30sec,30472
B2d,B2d_threeParamsDouble,Randoop,83.33,NC,125,run-02-30sec,30565
B2d,B2d_threeParamsFloat,Randoop,83.33,NC,125,run-02-30sec,30491
B2d,B2d_threeParamsInt,Randoop,83.33,NC,125,run-02-30sec,30475
B2d,B2d_threeParamsIntNoSolution,Randoop,83.33,C,125,run-02-30sec,30462
B2d,B2d_twoParamsDouble,Randoop,80.00,NC,25,run-02-30sec,30471
B2d,B2d_twoParamsFloat,Randoop,80.00,NC,25,run-02-30sec,30466
B2d,B2d_twoParamsInt,Randoop,80.00,NC,25,run-02-30sec,30470
B2d,B2d_twoParamsIntNoSolution,Randoop,80.00,C,25,run-02-30sec,30463
B3a,B3a_complex,Randoop,94.12,C,4999,run-02-30sec,4510
B3a,B3a_infinite,Randoop,0.00,C,0,run-02-30sec,30429
B3a,B3a_infiniteNotOptimalizable,Randoop,0.00,C,0,run-02-30sec,30427
B3a,B3a_nestedLoop,Randoop,100.00,C,16,run-02-30sec,30653
B3a,B3a_nestedLoopWithLabel,Randoop,85.71,NC,61,run-02-30sec,30823
B3a,B3a_withConditionAndLimit,Randoop,100.00,C,6,run-02-30sec,30462
B3a,B3a_withConditionNoLimit,Randoop,100.00,C,8,run-02-30sec,30462
B3a,B3a_withContinueBreak,Randoop,100.00,C,8,run-02-30sec,30464
B3a,B3a_withLimit,Randoop,100.00,C,6,run-02-30sec,30468
B3b,B3b_complex,Randoop,92.86,C,4999,run-02-30sec,4608
B3b,B3b_infinite,Randoop,0.00,C,0,run-02-30sec,30425
B3b,B3b_infiniteNotOptimalizable,Randoop,0.00,C,0,run-02-30sec,30429
B3b,B3b_nestedLoop,Randoop,100.00,C,34,run-02-30sec,43551
B3b,B3b_nestedLoopWithLabel,Randoop,81.82,NC,45,run-02-30sec,55942
B3b,B3b_withConditionAndLimit,Randoop,100.00,C,6,run-02-30sec,30459
B3b,B3b_withConditionNoLimit,Randoop,100.00,C,8,run-02-30sec,30465
B3b,B3b_withContinueBreak,Randoop,100.00,C,8,run-02-30sec,30465
B3b,B3b_withLimit,Randoop,100.00,C,6,run-02-30sec,30459
B3c,B3c_complex,Randoop,94.12,C,4999,run-02-30sec,4512
B3c,B3c_infinite,Randoop,0.00,C,0,run-02-30sec,30429
B3c,B3c_infiniteNotOptimalizable,Randoop,0.00,C,0,run-02-30sec,30428
B3c,B3c_nestedLoop,Randoop,100.00,C,46,run-02-30sec,33124
B3c,B3c_nestedLoopWithLabel,Randoop,85.71,NC,54,run-02-30sec,31525
B3c,B3c_withConditionAndLimit,Randoop,100.00,C,6,run-02-30sec,30469
B3c,B3c_withConditionNoLimit,Randoop,100.00,C,8,run-02-30sec,30463
B3c,B3c_withContinueBreak,Randoop,100.00,C,8,run-02-30sec,30478
B3c,B3c_withLimit,Randoop,100.00,C,6,run-02-30sec,30459
B4a,B4a_fromParams,Randoop,75.00,NC,125,run-02-30sec,30549
B4a,B4a_fromParamsWithIndex,Randoop,83.33,NC,625,run-02-30sec,30696
B4a,B4a_guessLength,Randoop,100.00,C,5,run-02-30sec,30505
B4a,B4a_guessOneArray,Randoop,,EX,,run-02-30sec,400
B4a,B4a_guessOneArrayWithLength,Randoop,,EX,,run-02-30sec,401
B4a,B4a_indexParam,Randoop,83.33,NC,5,run-02-30sec,30755
B4a,B4a_iterateWithFor,Randoop,,EX,,run-02-30sec,401
B4a,B4a_iterateWithForeach,Randoop,,EX,,run-02-30sec,401
B4a,B4a_twoArrays,Randoop,,EX,,run-02-30sec,400
B4b,B4b_fromParams,Randoop,75.00,NC,125,run-02-30sec,30559
B4b,B4b_fromParamsWithIndex,Randoop,75.00,NC,625,run-02-30sec,30654
B4b,B4b_guessLength,Randoop,100.00,C,5,run-02-30sec,30446
B4b,B4b_guessOneArray,Randoop,,EX,,run-02-30sec,401
B4b,B4b_guessOneArrayWithLength,Randoop,,EX,,run-02-30sec,401
B4b,B4b_indexParam,Randoop,75.00,NC,5,run-02-30sec,30466
B4b,B4b_iterateWithFor,Randoop,,EX,,run-02-30sec,400
B4b,B4b_iterateWithForeach,Randoop,,EX,,run-02-30sec,400
B4b,B4b_twoArrays,Randoop,,EX,,run-02-30sec,400
B5a1,B5a1_conditionalCall,Randoop,100.00,C,162,run-02-30sec,30562
B5a1,B5a1_simple,Randoop,100.00,C,64,run-02-30sec,30516
B5a1,B5a1_useReturnValue,Randoop,100.00,C,25,run-02-30sec,30456
B5a2,B5a2_conditionalCall,Randoop,100.00,C,162,run-02-30sec,30480
B5a2,B5a2_simple,Randoop,100.00,C,64,run-02-30sec,30455
B5a2,B5a2_useReturnValue,Randoop,100.00,C,25,run-02-30sec,30459
B5b1,B5b1_fibonacci,Randoop,100.00,C,6,run-02-30sec,30386
B5b1,B5b1_simple,Randoop,100.00,C,5,run-02-30sec,30463
B5b2,B5b2_fibonacci,Randoop,100.00,C,4,run-02-30sec,30445
B5b2,B5b2_simple,Randoop,100.00,C,6,run-02-30sec,30454
B6a,B6a_always,Randoop,100.00,C,1,run-02-30sec,30451
B6a,B6a_call,Randoop,100.00,C,64,run-02-30sec,30509
B6a,B6a_conditionalAndLoop,Randoop,100.00,C,5,run-02-30sec,30458
B6a,B6a_recursive,Randoop,100.00,C,5,run-02-30sec,30458
B6a,B6a_tryCatch,Randoop,100.00,C,64,run-02-30sec,30463
B6a,B6a_tryCatchFinally,Randoop,100.00,C,729,run-02-30sec,30661
B6b,B6b_always,Randoop,100.00,C,1,run-02-30sec,30452
B6b,B6b_call,Randoop,100.00,C,64,run-02-30sec,30453
B6b,B6b_conditionalAndLoop,Randoop,100.00,C,5,run-02-30sec,30445
B6b,B6b_recursive,Randoop,100.00,C,5,run-02-30sec,30462
B6b,B6b_tryCatch,Randoop,100.00,C,64,run-02-30sec,30464
B6b,B6b_tryCatchFinally,Randoop,100.00,C,729,run-02-30sec,30984
B6c,B6c_arithmeticException,Randoop,100.00,C,2,run-02-30sec,30411
B6c,B6c_arrayIndexOutOfBoundsException,Randoop,100.00,C,2,run-02-30sec,30463
B6c,B6c_classCastException,Randoop,100.00,C,2,run-02-30sec,30423
B6c,B6c_illegalArgumentException,Randoop,100.00,C,2,run-02-30sec,30459
B6c,B6c_illegalStateException,Randoop,100.00,C,2,run-02-30sec,30464
B6c,B6c_indexOutOfBoundsException,Randoop,100.00,C,2,run-02-30sec,30451
B6c,B6c_nullPointerException,Randoop,100.00,C,2,run-02-30sec,30468
B6c,B6c_securityException,Randoop,100.00,C,2,run-02-30sec,30401
B6c,B6c_unsupportedOperationException,Randoop,100.00,C,2,run-02-30sec,30472
S1,S1_returnStructure,Randoop,40.00,NC,1,run-02-30sec,30464
S1,S1_returnStructureParams,Randoop,100.00,C,25,run-02-30sec,30461
S1,S1_useStructure,Randoop,66.67,NC,1,run-02-30sec,30471
S1,S1_useStructureParams,Randoop,100.00,C,4999,run-02-30sec,4808
S2,S2_oneStructure,Randoop,18.18,NC,1,run-02-30sec,30376
S2,S2_oneStructureParams,Randoop,100.00,C,64,run-02-30sec,30492
S2,S2_twoStructures,Randoop,14.29,NC,1,run-02-30sec,30389
S2,S2_twoStructuresParams,Randoop,100.00,C,4096,run-02-30sec,31266
S3,S3_arrayOfStructures,Randoop,,EX,,run-02-30sec,400
S3,S3_arrayOfStructuresParams,Randoop,,EX,,run-02-30sec,400
S3,S3_noLimit,Randoop,25.00,NC,5,run-02-30sec,30446
S3,S3_noLimitParams,Randoop,100.00,C,343,run-02-30sec,30561
S3,S3_withLimit,Randoop,25.00,NC,5,run-02-30sec,30464
S3,S3_withLimitParams,Randoop,100.00,C,216,run-02-30sec,30487
S4,S4_guess,Randoop,22.22,NC,1,run-02-30sec,30472
S4,S4_guessCoordinates,Randoop,16.67,NC,1,run-02-30sec,30464
S4,S4_guessParams,Randoop,66.67,NC,1296,run-02-30sec,30867
O1,O1_fullCoverage,Randoop,13.33,NC,125,run-02-30sec,30562
O1,O1_guessImpossibleObject,Randoop,40.00,NC,1,run-02-30sec,30488
O1,O1_guessImpossibleOperationCount,Randoop,28.57,NC,5,run-02-30sec,30456
O1,O1_guessImpossibleOperationCountParams,Randoop,83.33,C,5,run-02-30sec,30461
O1,O1_guessImpossibleResult,Randoop,15.38,NC,125,run-02-30sec,30586
O1,O1_guessImpossibleResultAndOperationCount,Randoop,28.57,NC,25,run-02-30sec,30452
O1,O1_guessImpossibleResultAndOperationCountParams,Randoop,83.33,C,25,run-02-30sec,30493
O1,O1_guessImpossibleResultParams,Randoop,91.67,C,125,run-02-30sec,30565
O1,O1_guessObject,Randoop,40.00,NC,1,run-02-30sec,30372
O1,O1_guessOperationCount,Randoop,28.57,NC,5,run-02-30sec,30491
O1,O1_guessOperationCountParams,Randoop,83.33,NC,5,run-02-30sec,30476
O1,O1_guessResult,Randoop,15.38,NC,125,run-02-30sec,30551
O1,O1_guessResultAndOperationCount,Randoop,28.57,NC,25,run-02-30sec,30454
O1,O1_guessResultAndOperationCountParams,Randoop,83.33,NC,25,run-02-30sec,30455
O1,O1_guessResultParams,Randoop,100.00,C,125,run-02-30sec,30571
O1,O1_oneOperationNoCheck,Randoop,0.00,NC,5,run-02-30sec,30450
O1,O1_oneOperationParams,Randoop,100.00,C,5,run-02-30sec,30409
O1,O1_oneOperationWithCheck,Randoop,22.22,NC,5,run-02-30sec,30464
O1,O1_twoOperationsParams,Randoop,100.00,C,4999,run-02-30sec,4813
O1,O1_twoOperationsWithCheck,Randoop,18.18,NC,25,run-02-30sec,30497
O1,O1_twoOperationsWithNocheck,Randoop,0.00,NC,25,run-02-30sec,30458
O2,O2_guessResult,Randoop,13.33,NC,125,run-02-30sec,30559
O2,O2_guessResultParams,Randoop,100.00,C,125,run-02-30sec,30561
O3a,O3a_guessResult,Randoop,11.11,NC,125,run-02-30sec,30581
O3a,O3a_guessResultParams,Randoop,100.00,C,125,run-02-30sec,30518
O3b,O3b_guess,Randoop,33.33,NC,5,run-02-30sec,30451
O3b,O3b_guessImpossible,Randoop,33.33,NC,5,run-02-30sec,30466
O3b,O3b_validate,Randoop,33.33,NC,5,run-02-30sec,30447
O3c,O3c_guess,Randoop,33.33,NC,5,run-02-30sec,30451
O3c,O3c_guessImpossible,Randoop,33.33,NC,5,run-02-30sec,30457
O3c,O3c_validate,Randoop,33.33,NC,5,run-02-30sec,30464
O4,O4_guessImpossible,Randoop,11.76,NC,125,run-02-30sec,30565
O4,O4_guessImpossibleParams,Randoop,87.50,C,125,run-02-30sec,30490
O4,O4_guessResult,Randoop,11.76,NC,125,run-02-30sec,30560
O4,O4_guessResultParams,Randoop,87.50,NC,125,run-02-30sec,30551
G1,G1_guessType,Randoop,88.89,C,140,run-02-30sec,31055
G1,G1_guessTypeAndUse,Randoop,93.33,C,141,run-02-30sec,31046
G1,G1_guessTypeWithExtends,Randoop,88.89,C,32,run-02-30sec,30463
G1,G1_guessTypeWithExtendsAndUse,Randoop,93.33,C,33,run-02-30sec,30455
G2,G2_guessDescendant,Randoop,0.00,NC,1,run-02-30sec,30463
G2,G2_guessImpossible,Randoop,0.00,NC,1,run-02-30sec,30466
G2,G2_guessInteger,Randoop,0.00,NC,1,run-02-30sec,30399
G2,G2_guessIntegerNoHelp,Randoop,0.00,NC,1,run-02-30sec,30375
G2,G2_guessSafe,Randoop,0.00,NC,1,run-02-30sec,30387
G2,G2_guessSafeNoHelp,Randoop,0.00,NC,1,run-02-30sec,30369
L1,L1_abs,Randoop,100.00,C,25,run-02-30sec,30479
L1,L1_absImpossible,Randoop,66.67,C,25,run-02-30sec,30468
L1,L1_cbrt,Randoop,75.00,NC,5,run-02-30sec,30475
L1,L1_cos,Randoop,75.00,NC,5,run-02-30sec,30450
L1,L1_cosImpossible,Randoop,66.67,C,5,run-02-30sec,30458
L1,L1_log10GuessArgument,Randoop,100.00,C,5,run-02-30sec,30454
L1,L1_logGuessArgument,Randoop,100.00,C,5,run-02-30sec,30452
L1,L1_logGuessBase,Randoop,100.00,C,5,run-02-30sec,30400
L1,L1_logGuessBaseAndArgument,Randoop,100.00,C,25,run-02-30sec,30394
L1,L1_minMax,Randoop,66.67,NC,25,run-02-30sec,30448
L1,L1_minMaxImpossible,Randoop,66.67,C,25,run-02-30sec,30474
L1,L1_minMaxWithOrder,Randoop,66.67,NC,25,run-02-30sec,30449
L1,L1_powGuessBase,Randoop,75.00,NC,5,run-02-30sec,30459
L1,L1_powGuessBaseAndExponent,Randoop,75.00,NC,25,run-02-30sec,30467
L1,L1_powGuessExponent,Randoop,100.00,C,5,run-02-30sec,30387
L1,L1_sin,Randoop,75.00,NC,5,run-02-30sec,30463
L1,L1_sinImpossible,Randoop,66.67,C,5,run-02-30sec,30464
L1,L1_sqrt,Randoop,75.00,NC,5,run-02-30sec,30461
L1,L1_sqrtImpossible,Randoop,66.67,C,5,run-02-30sec,30456
L1,L1_tan,Randoop,75.00,NC,5,run-02-30sec,30475
L2,L2_add,Randoop,57.14,NC,289,run-02-30sec,30562
L2,L2_addWithCondition,Randoop,53.85,NC,4,run-02-30sec,30447
L2,L2_charAt,Randoop,0.00,NC,2,run-02-30sec,30456
L2,L2_compareTo,Randoop,55.56,NC,2,run-02-30sec,30402
L2,L2_compareToIgnoreCase,Randoop,55.56,NC,2,run-02-30sec,30402
L2,L2_equality,Randoop,55.56,NC,2,run-02-30sec,30396
L2,L2_equalityIgnoreCase,Randoop,55.56,NC,2,run-02-30sec,30450
L2,L2_indexOf,Randoop,50.00,NC,2,run-02-30sec,30426
L2,L2_length,Randoop,57.14,NC,2,run-02-30sec,30464
L2,L2_regionEquality,Randoop,50.00,NC,2,run-02-30sec,30465
L2,L2_startsEnds,Randoop,42.86,NC,2,run-02-30sec,30480
L2,L2_substring,Randoop,57.14,NC,2,run-02-30sec,30461
L2,L2_switchString,Randoop,50.00,NC,2,run-02-30sec,30416
L3,L3_guessDouble,Randoop,80.00,NC,6,run-02-30sec,30467
L3,L3_guessInteger,Randoop,80.00,NC,6,run-02-30sec,30459
L3,L3_integerOverflow,Randoop,100.00,C,4999,run-02-30sec,6511
L4,L4_guessElementAndIndex,Randoop,100.00,C,25,run-02-30sec,30455
L4,L4_guessElements,Randoop,83.33,NC,25,run-02-30sec,30451
L4,L4_guessGenericListWithElement,Randoop,0.00,NC,1,run-02-30sec,30467
L4,L4_guessGenericListWithSize,Randoop,0.00,NC,1,run-02-30sec,30468
L4,L4_guessGenericVectorWithElement,Randoop,0.00,NC,1,run-02-30sec,30368
L4,L4_guessGenericVectorWithSize,Randoop,0.00,NC,1,run-02-30sec,30456
L4,L4_guessIndices,Randoop,88.89,NC,25,run-02-30sec,30460
L4,L4_guessListWithSize,Randoop,0.00,NC,1,run-02-30sec,30451
L4,L4_guessSize,Randoop,83.33,NC,5,run-02-30sec,30476
L4,L4_guessSizeAndElements,Randoop,83.33,NC,125,run-02-30sec,30549
L4,L4_guessVectorWithSize,Randoop,0.00,NC,1,run-02-30sec,30405
LO,LO_associatesAPIGuessDate,Randoop,43.75,NC,2,run-02-30sec,30460
LO,LO_associatesAPIGuessValidDateFormat,Randoop,50.00,NC,2,run-02-30sec,30385
LO,LO_guessUUID,Randoop,33.33,NC,2,run-02-30sec,30458
LO,LO_guessValidUUID,Randoop,50.00,NC,2,run-02-30sec,30467
LO,LO_inheritsAPIGuessOneObject,Randoop,28.57,NC,1,run-02-30sec,30419
LO,LO_inheritsAPIGuessOnePrimitive,Randoop,66.67,NC,5,run-02-30sec,30458
LO,LO_inheritsAPIGuessTwoObjects,Randoop,16.67,NC,1,run-02-30sec,30381
LO,LO_inheritsAPIGuessTwoPrimitives,Randoop,83.33,NC,25,run-02-30sec,30454
LO,LO_regexCaseInsensitive,Randoop,71.43,NC,2,run-02-30sec,30446
LO,LO_regexCaseSensitive,Randoop,60.00,NC,2,run-02-30sec,30458
Others,Others_guess,Randoop,,EX,,run-02-30sec,400
Others,Others_guessEnum,Randoop,18.18,NC,1,run-02-30sec,30468
Others,Others_guessEnumOrdinal,Randoop,18.18,NC,1,run-02-30sec,30465
Others,Others_guessEnumString,Randoop,18.18,NC,1,run-02-30sec,30462
Others,Others_guessWithLength,Randoop,,EX,,run-02-30sec,400
Others,Others_iterateWithFor,Randoop,,EX,,run-02-30sec,400
Others,Others_iterateWithForeach,Randoop,,EX,,run-02-30sec,400
Others,Others_minMax,Randoop,66.67,NC,25,run-02-30sec,30456
Others,Others_minMaxImpossible,Randoop,66.67,C,25,run-02-30sec,30463
Others,Others_minMaxWithOrder,Randoop,66.67,NC,25,run-02-30sec,30461
Others,Others_switchEnum,Randoop,25.00,NC,1,run-02-30sec,30457
Others,Others_test,Randoop,100.00,C,5,run-02-30sec,30447
B1a,B1a_oneParamBoolean,Randoop,100.00,C,2,run-03-30sec,30436
B1a,B1a_oneParamByte,Randoop,100.00,C,256,run-03-30sec,30553
B1a,B1a_oneParamChar,Randoop,100.00,C,3093,run-03-30sec,31208
B1a,B1a_oneParamDouble,Randoop,100.00,C,2866,run-03-30sec,31106
B1a,B1a_oneParamFloat,Randoop,100.00,C,2917,run-03-30sec,31142
B1a,B1a_oneParamInt,Randoop,100.00,C,3004,run-03-30sec,31095
B1a,B1a_oneParamLong,Randoop,100.00,C,2950,run-03-30sec,31085
B1a,B1a_oneParamShort,Randoop,100.00,C,2917,run-03-30sec,31076
B1a,B1a_twoParamBoolean,Randoop,100.00,C,4,run-03-30sec,30467
B1a,B1a_twoParamByte,Randoop,100.00,C,4999,run-03-30sec,4812
B1a,B1a_twoParamChar,Randoop,100.00,C,4999,run-03-30sec,5112
B1a,B1a_twoParamDouble,Randoop,100.00,C,4999,run-03-30sec,4808
B1a,B1a_twoParamFloat,Randoop,100.00,C,4999,run-03-30sec,4816
B1a,B1a_twoParamInt,Randoop,100.00,C,4999,run-03-30sec,4814
B1a,B1a_twoParamLong,Randoop,100.00,C,4999,run-03-30sec,5009
B1a,B1a_twoParamShort,Randoop,100.00,C,4999,run-03-30sec,4913
B1b,B1b_constBoolean,Randoop,100.00,C,1,run-03-30sec,30393
B1b,B1b_constByte,Randoop,100.00,C,1,run-03-30sec,30456
B1b,B1b_constChar,Randoop,100.00,C,1,run-03-30sec,30456
B1b,B1b_constDouble,Randoop,100.00,C,1,run-03-30sec,30451
B1b,B1b_constFloat,Randoop,100.00,C,1,run-03-30sec,30462
B1b,B1b_constInt,Randoop,100.00,C,1,run-03-30sec,30457
B1b,B1b_constLong,Randoop,100.00,C,1,run-03-30sec,30456
B1b,B1b_constShort,Randoop,100.00,C,1,run-03-30sec,30457
B1c,B1c_add,Randoop,100.00,C,4999,run-03-30sec,4712
B1c,B1c_addAssignment,Randoop,100.00,C,4999,run-03-30sec,4709
B1c,B1c_divide,Randoop,100.00,C,49,run-03-30sec,30460
B1c,B1c_divideAssignment,Randoop,100.00,C,49,run-03-30sec,30503
B1c,B1c_modulo,Randoop,100.00,C,25,run-03-30sec,30464
B1c,B1c_moduloAssignment,Randoop,100.00,C,25,run-03-30sec,30478
B1c,B1c_multiply,Randoop,100.00,C,4096,run-03-30sec,31217
B1c,B1c_multiplyAssignment,Randoop,100.00,C,4096,run-03-30sec,31281
B1c,B1c_postfixMinusMinus,Randoop,100.00,C,2895,run-03-30sec,31097
B1c,B1c_postfixPlusplus,Randoop,100.00,C,2965,run-03-30sec,31096
B1c,B1c_substract,Randoop,100.00,C,4999,run-03-30sec,4807
B1c,B1c_substractAssignment,Randoop,100.00,C,4999,run-03-30sec,4713
B1c,B1c_unaryMinus,Randoop,100.00,C,7,run-03-30sec,30468
B1c,B1c_unaryMinusMinus,Randoop,100.00,C,2998,run-03-30sec,31110
B1c,B1c_unaryPlus,Randoop,100.00,C,5,run-03-30sec,30465
B1c,B1c_unaryPlusPlus,Randoop,100.00,C,2961,run-03-30sec,31015
B1d,B1d_and,Randoop,100.00,C,4,run-03-30sec,30466
B1d,B1d_equal,Randoop,100.00,C,25,run-03-30sec,30465
B1d,B1d_greater,Randoop,100.00,C,25,run-03-30sec,30499
B1d,B1d_greaterOrEqual,Randoop,100.00,C,25,run-03-30sec,30470
B1d,B1d_negate,Randoop,100.00,C,2,run-03-30sec,30376
B1d,B1d_notEqual,Randoop,100.00,C,25,run-03-30sec,30463
B1d,B1d_or,Randoop,100.00,C,4,run-03-30sec,30462
B1d,B1d_smaller,Randoop,100.00,C,25,run-03-30sec,30469
B1d,B1d_smallerOrEqual,Randoop,100.00,C,25,run-03-30sec,30462
B1e,B1e_and,Randoop,100.00,C,25,run-03-30sec,30406
B1e,B1e_andAssignment,Randoop,100.00,C,25,run-03-30sec,30411
B1e,B1e_negate,Randoop,100.00,C,8,run-03-30sec,30468
B1e,B1e_or,Randoop,100.00,C,81,run-03-30sec,30458
B1e,B1e_orAssignment,Randoop,100.00,C,81,run-03-30sec,30460
B1e,B1e_shiftLeft,Randoop,100.00,C,4999,run-03-30sec,4915
B1e,B1e_shiftLeftAssignment,Randoop,100.00,C,4999,run-03-30sec,5009
B1e,B1e_shiftRight,Randoop,100.00,C,144,run-03-30sec,30496
B1e,B1e_shiftRightAssignment,Randoop,100.00,C,144,run-03-30sec,30571
B1e,B1e_shiftRightUnsigned,Randoop,100.00,C,1681,run-03-30sec,30867
B1e,B1e_shiftRightUnsignedAssignment,Randoop,100.00,C,1681,run-03-30sec,30873
B1e,B1e_xor,Randoop,100.00,C,256,run-03-30sec,30563
B1e,B1e_xorAssignment,Randoop,100.00,C,256,run-03-30sec,30614
B2a,B2a_oneParamBoolean,Randoop,100.00,C,2,run-03-30sec,30465
B2a,B2a_oneParamDouble,Randoop,85.71,NC,5,run-03-30sec,30464
B2a,B2a_oneParamInt,Randoop,85.71,NC,5,run-03-30sec,30461
B2a,B2a_twoParamsBoolean,Randoop,72.73,C,4,run-03-30sec,30376
B2a,B2a_twoParamsDouble,Randoop,84.62,C,25,run-03-30sec,30455
B2a,B2a_twoParamsInt,Randoop,84.62,C,64,run-03-30sec,30517
B2b,B2b_oneParamBoolean,Randoop,100.00,C,2,run-03-30sec,30462
B2b,B2b_oneParamInt,Randoop,100.00,C,5,run-03-30sec,30460
B2b,B2b_twoParamsBoolean,Randoop,100.00,C,4,run-03-30sec,30468
B2b,B2b_twoParamsInt,Randoop,100.00,C,25,run-03-30sec,30485
B2c,B2c_missingBreaks,Randoop,85.71,NC,5,run-03-30sec,30469
B2c,B2c_simple,Randoop,77.78,NC,5,run-03-30sec,30467
B2c,B2c_withReturn,Randoop,71.43,NC,5,run-03-30sec,30424
B2d,B2d_oneParamDouble,Randoop,66.67,NC,5,run-03-30sec,30466
B2d,B2d_oneParamFloat,Randoop,66.67,NC,5,run-03-30sec,30465
B2d,B2d_oneParamInt,Randoop,66.67,NC,5,run-03-30sec,30472
B2d,B2d_oneParamIntNoSolution,Randoop,66.67,C,5,run-03-30sec,30467
B2d,B2d_quadraticDouble,Randoop,80.00,NC,25,run-03-30sec,30465
B2d,B2d_quadraticDoubleNoSolution,Randoop,80.00,C,25,run-03-30sec,30492
B2d,B2d_quadraticFloat,Randoop,80.00,NC,25,run-03-30sec,30472
B2d,B2d_quadraticFloatNoSolution,Randoop,80.00,C,25,run-03-30sec,30466
B2d,B2d_quadraticInt,Randoop,80.00,NC,25,run-03-30sec,30459
B2d,B2d_quadraticIntNoSolution,Randoop,80.00,C,25,run-03-30sec,30460
B2d,B2d_threeParamsDouble,Randoop,83.33,NC,125,run-03-30sec,30486
B2d,B2d_threeParamsFloat,Randoop,83.33,NC,125,run-03-30sec,30555
B2d,B2d_threeParamsInt,Randoop,83.33,NC,125,run-03-30sec,30572
B2d,B2d_threeParamsIntNoSolution,Randoop,83.33,C,125,run-03-30sec,30562
B2d,B2d_twoParamsDouble,Randoop,80.00,NC,25,run-03-30sec,30412
B2d,B2d_twoParamsFloat,Randoop,80.00,NC,25,run-03-30sec,30461
B2d,B2d_twoParamsInt,Randoop,80.00,NC,25,run-03-30sec,30461
B2d,B2d_twoParamsIntNoSolution,Randoop,80.00,C,25,run-03-30sec,30406
B3a,B3a_complex,Randoop,94.12,C,4999,run-03-30sec,4511
B3a,B3a_infinite,Randoop,0.00,C,0,run-03-30sec,30429
B3a,B3a_infiniteNotOptimalizable,Randoop,0.00,C,0,run-03-30sec,30429
B3a,B3a_nestedLoop,Randoop,100.00,C,61,run-03-30sec,30724
B3a,B3a_nestedLoopWithLabel,Randoop,85.71,NC,30,run-03-30sec,31024
B3a,B3a_withConditionAndLimit,Randoop,100.00,C,6,run-03-30sec,30465
B3a,B3a_withConditionNoLimit,Randoop,100.00,C,8,run-03-30sec,30468
B3a,B3a_withContinueBreak,Randoop,100.00,C,8,run-03-30sec,30425
B3a,B3a_withLimit,Randoop,100.00,C,6,run-03-30sec,30460
B3b,B3b_complex,Randoop,92.86,C,4999,run-03-30sec,4510
B3b,B3b_infinite,Randoop,0.00,C,0,run-03-30sec,30427
B3b,B3b_infiniteNotOptimalizable,Randoop,0.00,C,0,run-03-30sec,30427
B3b,B3b_nestedLoop,Randoop,100.00,C,73,run-03-30sec,50338
B3b,B3b_nestedLoopWithLabel,Randoop,81.82,NC,31,run-03-30sec,32732
B3b,B3b_withConditionAndLimit,Randoop,100.00,C,6,run-03-30sec,30477
B3b,B3b_withConditionNoLimit,Randoop,100.00,C,8,run-03-30sec,30472
B3b,B3b_withContinueBreak,Randoop,100.00,C,8,run-03-30sec,30460
B3b,B3b_withLimit,Randoop,100.00,C,6,run-03-30sec,30460
B3c,B3c_complex,Randoop,94.12,C,4999,run-03-30sec,4607
B3c,B3c_infinite,Randoop,0.00,C,0,run-03-30sec,30433
B3c,B3c_infiniteNotOptimalizable,Randoop,0.00,C,0,run-03-30sec,30367
B3c,B3c_nestedLoop,Randoop,100.00,C,70,run-03-30sec,30827
B3c,B3c_nestedLoopWithLabel,Randoop,85.71,NC,49,run-03-30sec,31523
B3c,B3c_withConditionAndLimit,Randoop,100.00,C,6,run-03-30sec,30462
B3c,B3c_withConditionNoLimit,Randoop,100.00,C,8,run-03-30sec,30468
B3c,B3c_withContinueBreak,Randoop,100.00,C,8,run-03-30sec,30467
B3c,B3c_withLimit,Randoop,100.00,C,6,run-03-30sec,30450
B4a,B4a_fromParams,Randoop,75.00,NC,125,run-03-30sec,30560
B4a,B4a_fromParamsWithIndex,Randoop,83.33,NC,625,run-03-30sec,30655
B4a,B4a_guessLength,Randoop,100.00,C,5,run-03-30sec,30398
B4a,B4a_guessOneArray,Randoop,,EX,,run-03-30sec,401
B4a,B4a_guessOneArrayWithLength,Randoop,,EX,,run-03-30sec,401
B4a,B4a_indexParam,Randoop,83.33,NC,5,run-03-30sec,30428
B4a,B4a_iterateWithFor,Randoop,,EX,,run-03-30sec,401
B4a,B4a_iterateWithForeach,Randoop,,EX,,run-03-30sec,401
B4a,B4a_twoArrays,Randoop,,EX,,run-03-30sec,403
B4b,B4b_fromParams,Randoop,75.00,NC,125,run-03-30sec,30562
B4b,B4b_fromParamsWithIndex,Randoop,75.00,NC,625,run-03-30sec,30655
B4b,B4b_guessLength,Randoop,100.00,C,5,run-03-30sec,30393
B4b,B4b_guessOneArray,Randoop,,EX,,run-03-30sec,401
B4b,B4b_guessOneArrayWithLength,Randoop,,EX,,run-03-30sec,401
B4b,B4b_indexParam,Randoop,75.00,NC,5,run-03-30sec,30463
B4b,B4b_iterateWithFor,Randoop,,EX,,run-03-30sec,401
B4b,B4b_iterateWithForeach,Randoop,,EX,,run-03-30sec,401
B4b,B4b_twoArrays,Randoop,,EX,,run-03-30sec,401
B5a1,B5a1_conditionalCall,Randoop,100.00,C,162,run-03-30sec,30564
B5a1,B5a1_simple,Randoop,100.00,C,64,run-03-30sec,30455
B5a1,B5a1_useReturnValue,Randoop,100.00,C,25,run-03-30sec,30454
B5a2,B5a2_conditionalCall,Randoop,100.00,C,162,run-03-30sec,30549
B5a2,B5a2_simple,Randoop,100.00,C,64,run-03-30sec,30459
B5a2,B5a2_useReturnValue,Randoop,100.00,C,25,run-03-30sec,30453
B5b1,B5b1_fibonacci,Randoop,100.00,C,6,run-03-30sec,30463
B5b1,B5b1_simple,Randoop,100.00,C,5,run-03-30sec,30463
B5b2,B5b2_fibonacci,Randoop,100.00,C,4,run-03-30sec,30427
B5b2,B5b2_simple,Randoop,100.00,C,6,run-03-30sec,30461
B6a,B6a_always,Randoop,100.00,C,1,run-03-30sec,30454
B6a,B6a_call,Randoop,100.00,C,64,run-03-30sec,30559
B6a,B6a_conditionalAndLoop,Randoop,100.00,C,5,run-03-30sec,30463
B6a,B6a_recursive,Randoop,100.00,C,5,run-03-30sec,30387
B6a,B6a_tryCatch,Randoop,100.00,C,64,run-03-30sec,30461
B6a,B6a_tryCatchFinally,Randoop,100.00,C,729,run-03-30sec,30671
B6b,B6b_always,Randoop,100.00,C,1,run-03-30sec,30454
B6b,B6b_call,Randoop,100.00,C,64,run-03-30sec,30529
B6b,B6b_conditionalAndLoop,Randoop,100.00,C,5,run-03-30sec,30473
B6b,B6b_recursive,Randoop,100.00,C,5,run-03-30sec,30458
B6b,B6b_tryCatch,Randoop,100.00,C,64,run-03-30sec,30455
B6b,B6b_tryCatchFinally,Randoop,100.00,C,729,run-03-30sec,30671
B6c,B6c_arithmeticException,Randoop,100.00,C,2,run-03-30sec,30461
B6c,B6c_arrayIndexOutOfBoundsException,Randoop,100.00,C,2,run-03-30sec,30486
B6c,B6c_classCastException,Randoop,100.00,C,2,run-03-30sec,30460
B6c,B6c_illegalArgumentException,Randoop,100.00,C,2,run-03-30sec,30376
B6c,B6c_illegalStateException,Randoop,100.00,C,2,run-03-30sec,30460
B6c,B6c_indexOutOfBoundsException,Randoop,100.00,C,2,run-03-30sec,30453
B6c,B6c_nullPointerException,Randoop,100.00,C,2,run-03-30sec,30457
B6c,B6c_securityException,Randoop,100.00,C,2,run-03-30sec,30467
B6c,B6c_unsupportedOperationException,Randoop,100.00,C,2,run-03-30sec,30456
S1,S1_returnStructure,Randoop,40.00,NC,1,run-03-30sec,30468
S1,S1_returnStructureParams,Randoop,100.00,C,25,run-03-30sec,30478
S1,S1_useStructure,Randoop,66.67,NC,1,run-03-30sec,30464
S1,S1_useStructureParams,Randoop,100.00,C,4999,run-03-30sec,4815
S2,S2_oneStructure,Randoop,18.18,NC,1,run-03-30sec,30473
S2,S2_oneStructureParams,Randoop,100.00,C,64,run-03-30sec,30454
S2,S2_twoStructures,Randoop,14.29,NC,1,run-03-30sec,30409
S2,S2_twoStructuresParams,Randoop,100.00,C,4096,run-03-30sec,31270
S3,S3_arrayOfStructures,Randoop,,EX,,run-03-30sec,401
S3,S3_arrayOfStructuresParams,Randoop,,EX,,run-03-30sec,401
S3,S3_noLimit,Randoop,25.00,NC,5,run-03-30sec,30463
S3,S3_noLimitParams,Randoop,100.00,C,343,run-03-30sec,30562
S3,S3_withLimit,Randoop,25.00,NC,5,run-03-30sec,30453
S3,S3_withLimitParams,Randoop,100.00,C,216,run-03-30sec,30592
S4,S4_guess,Randoop,22.22,NC,1,run-03-30sec,30466
S4,S4_guessCoordinates,Randoop,16.67,NC,1,run-03-30sec,30382
S4,S4_guessParams,Randoop,66.67,NC,1296,run-03-30sec,30864
O1,O1_fullCoverage,Randoop,13.33,NC,125,run-03-30sec,30560
O1,O1_guessImpossibleObject,Randoop,40.00,NC,1,run-03-30sec,30485
O1,O1_guessImpossibleOperationCount,Randoop,28.57,NC,5,run-03-30sec,30400
O1,O1_guessImpossibleOperationCountParams,Randoop,83.33,C,5,run-03-30sec,30459
O1,O1_guessImpossibleResult,Randoop,15.38,NC,125,run-03-30sec,30551
O1,O1_guessImpossibleResultAndOperationCount,Randoop,28.57,NC,25,run-03-30sec,30467
O1,O1_guessImpossibleResultAndOperationCountParams,Randoop,83.33,C,25,run-03-30sec,30458
O1,O1_guessImpossibleResultParams,Randoop,91.67,C,125,run-03-30sec,30558
O1,O1_guessObject,Randoop,40.00,NC,1,run-03-30sec,30458
O1,O1_guessOperationCount,Randoop,28.57,NC,5,run-03-30sec,30454
O1,O1_guessOperationCountParams,Randoop,83.33,NC,5,run-03-30sec,30376
O1,O1_guessResult,Randoop,15.38,NC,125,run-03-30sec,30559
O1,O1_guessResultAndOperationCount,Randoop,28.57,NC,25,run-03-30sec,30457
O1,O1_guessResultAndOperationCountParams,Randoop,83.33,NC,25,run-03-30sec,30456
O1,O1_guessResultParams,Randoop,100.00,C,125,run-03-30sec,30522
O1,O1_oneOperationNoCheck,Randoop,0.00,NC,5,run-03-30sec,30404
O1,O1_oneOperationParams,Randoop,100.00,C,5,run-03-30sec,30462
O1,O1_oneOperationWithCheck,Randoop,22.22,NC,5,run-03-30sec,30470
O1,O1_twoOperationsParams,Randoop,100.00,C,4999,run-03-30sec,5013
O1,O1_twoOperationsWithCheck,Randoop,18.18,NC,25,run-03-30sec,30458
O1,O1_twoOperationsWithNocheck,Randoop,0.00,NC,25,run-03-30sec,30396
O2,O2_guessResult,Randoop,13.33,NC,125,run-03-30sec,30557
O2,O2_guessResultParams,Randoop,100.00,C,125,run-03-30sec,30560
O3a,O3a_guessResult,Randoop,11.11,NC,125,run-03-30sec,30553
O3a,O3a_guessResultParams,Randoop,100.00,C,125,run-03-30sec,30554
O3b,O3b_guess,Randoop,33.33,NC,5,run-03-30sec,30494
O3b,O3b_guessImpossible,Randoop,33.33,NC,5,run-03-30sec,30449
O3b,O3b_validate,Randoop,33.33,NC,5,run-03-30sec,30450
O3c,O3c_guess,Randoop,33.33,NC,5,run-03-30sec,30450
O3c,O3c_guessImpossible,Randoop,33.33,NC,5,run-03-30sec,30455
O3c,O3c_validate,Randoop,33.33,NC,5,run-03-30sec,30397
O4,O4_guessImpossible,Randoop,11.76,NC,125,run-03-30sec,30552
O4,O4_guessImpossibleParams,Randoop,87.50,C,125,run-03-30sec,30554
O4,O4_guessResult,Randoop,11.76,NC,125,run-03-30sec,30560
O4,O4_guessResultParams,Randoop,87.50,NC,125,run-03-30sec,30550
G1,G1_guessType,Randoop,88.89,C,140,run-03-30sec,31036
G1,G1_guessTypeAndUse,Randoop,93.33,C,141,run-03-30sec,31042
G1,G1_guessTypeWithExtends,Randoop,88.89,C,32,run-03-30sec,30449
G1,G1_guessTypeWithExtendsAndUse,Randoop,93.33,C,33,run-03-30sec,30455
G2,G2_guessDescendant,Randoop,0.00,NC,1,run-03-30sec,30385
G2,G2_guessImpossible,Randoop,0.00,NC,1,run-03-30sec,30396
G2,G2_guessInteger,Randoop,0.00,NC,1,run-03-30sec,30462
G2,G2_guessIntegerNoHelp,Randoop,0.00,NC,1,run-03-30sec,30468
G2,G2_guessSafe,Randoop,0.00,NC,1,run-03-30sec,30382
G2,G2_guessSafeNoHelp,Randoop,0.00,NC,1,run-03-30sec,30375
L1,L1_abs,Randoop,100.00,C,25,run-03-30sec,30455
L1,L1_absImpossible,Randoop,66.67,C,25,run-03-30sec,30452
L1,L1_cbrt,Randoop,75.00,NC,5,run-03-30sec,30459
L1,L1_cos,Randoop,75.00,NC,5,run-03-30sec,30457
L1,L1_cosImpossible,Randoop,66.67,C,5,run-03-30sec,30452
L1,L1_log10GuessArgument,Randoop,100.00,C,5,run-03-30sec,30457
L1,L1_logGuessArgument,Randoop,100.00,C,5,run-03-30sec,30457
L1,L1_logGuessBase,Randoop,100.00,C,5,run-03-30sec,30391
L1,L1_logGuessBaseAndArgument,Randoop,100.00,C,25,run-03-30sec,30462
L1,L1_minMax,Randoop,66.67,NC,25,run-03-30sec,30455
L1,L1_minMaxImpossible,Randoop,66.67,C,25,run-03-30sec,30486
L1,L1_minMaxWithOrder,Randoop,66.67,NC,25,run-03-30sec,30417
L1,L1_powGuessBase,Randoop,75.00,NC,5,run-03-30sec,30459
L1,L1_powGuessBaseAndExponent,Randoop,75.00,NC,25,run-03-30sec,30454
L1,L1_powGuessExponent,Randoop,100.00,C,5,run-03-30sec,30454
L1,L1_sin,Randoop,75.00,NC,5,run-03-30sec,30460
L1,L1_sinImpossible,Randoop,66.67,C,5,run-03-30sec,30461
L1,L1_sqrt,Randoop,75.00,NC,5,run-03-30sec,30458
L1,L1_sqrtImpossible,Randoop,66.67,C,5,run-03-30sec,30471
L1,L1_tan,Randoop,75.00,NC,5,run-03-30sec,30453
L2,L2_add,Randoop,57.14,NC,289,run-03-30sec,30563
L2,L2_addWithCondition,Randoop,53.85,NC,4,run-03-30sec,30455
L2,L2_charAt,Randoop,0.00,NC,2,run-03-30sec,30456
L2,L2_compareTo,Randoop,55.56,NC,2,run-03-30sec,30463
L2,L2_compareToIgnoreCase,Randoop,55.56,NC,2,run-03-30sec,30464
L2,L2_equality,Randoop,55.56,NC,2,run-03-30sec,30465
L2,L2_equalityIgnoreCase,Randoop,55.56,NC,2,run-03-30sec,30455
L2,L2_indexOf,Randoop,50.00,NC,2,run-03-30sec,30450
L2,L2_length,Randoop,57.14,NC,2,run-03-30sec,30396
L2,L2_regionEquality,Randoop,50.00,NC,2,run-03-30sec,30457
L2,L2_startsEnds,Randoop,42.86,NC,2,run-03-30sec,30447
L2,L2_substring,Randoop,57.14,NC,2,run-03-30sec,30457
L2,L2_switchString,Randoop,50.00,NC,2,run-03-30sec,30464
L3,L3_guessDouble,Randoop,80.00,NC,6,run-03-30sec,30462
L3,L3_guessInteger,Randoop,80.00,NC,6,run-03-30sec,30486
L3,L3_integerOverflow,Randoop,100.00,C,4999,run-03-30sec,6418
L4,L4_guessElementAndIndex,Randoop,100.00,C,25,run-03-30sec,30466
L4,L4_guessElements,Randoop,83.33,NC,25,run-03-30sec,30460
L4,L4_guessGenericListWithElement,Randoop,0.00,NC,1,run-03-30sec,30458
L4,L4_guessGenericListWithSize,Randoop,0.00,NC,1,run-03-30sec,30369
L4,L4_guessGenericVectorWithElement,Randoop,0.00,NC,1,run-03-30sec,30374
L4,L4_guessGenericVectorWithSize,Randoop,0.00,NC,1,run-03-30sec,30460
L4,L4_guessIndices,Randoop,88.89,NC,25,run-03-30sec,30396
L4,L4_guessListWithSize,Randoop,0.00,NC,1,run-03-30sec,30370
L4,L4_guessSize,Randoop,83.33,NC,5,run-03-30sec,30466
L4,L4_guessSizeAndElements,Randoop,83.33,NC,125,run-03-30sec,30457
L4,L4_guessVectorWithSize,Randoop,0.00,NC,1,run-03-30sec,30462
LO,LO_associatesAPIGuessDate,Randoop,43.75,NC,2,run-03-30sec,30400
LO,LO_associatesAPIGuessValidDateFormat,Randoop,50.00,NC,2,run-03-30sec,30463
LO,LO_guessUUID,Randoop,33.33,NC,2,run-03-30sec,30453
LO,LO_guessValidUUID,Randoop,50.00,NC,2,run-03-30sec,30461
LO,LO_inheritsAPIGuessOneObject,Randoop,28.57,NC,1,run-03-30sec,30466
LO,LO_inheritsAPIGuessOnePrimitive,Randoop,66.67,NC,5,run-03-30sec,30456
LO,LO_inheritsAPIGuessTwoObjects,Randoop,16.67,NC,1,run-03-30sec,30466
LO,LO_inheritsAPIGuessTwoPrimitives,Randoop,83.33,NC,25,run-03-30sec,30455
LO,LO_regexCaseInsensitive,Randoop,71.43,NC,2,run-03-30sec,30464
LO,LO_regexCaseSensitive,Randoop,60.00,NC,2,run-03-30sec,30395
Others,Others_guess,Randoop,,EX,,run-03-30sec,401
Others,Others_guessEnum,Randoop,18.18,NC,1,run-03-30sec,30464
Others,Others_guessEnumOrdinal,Randoop,18.18,NC,1,run-03-30sec,30381
Others,Others_guessEnumString,Randoop,18.18,NC,1,run-03-30sec,30457
Others,Others_guessWithLength,Randoop,,EX,,run-03-30sec,401
Others,Others_iterateWithFor,Randoop,,EX,,run-03-30sec,401
Others,Others_iterateWithForeach,Randoop,,EX,,run-03-30sec,401
Others,Others_minMax,Randoop,66.67,NC,25,run-03-30sec,30484
Others,Others_minMaxImpossible,Randoop,66.67,C,25,run-03-30sec,30459
Others,Others_minMaxWithOrder,Randoop,66.67,NC,25,run-03-30sec,30446
Others,Others_switchEnum,Randoop,25.00,NC,1,run-03-30sec,30432
Others,Others_test,Randoop,100.00,C,5,run-03-30sec,30398
B1a,B1a_oneParamBoolean,Randoop,100.00,C,2,run-04-30sec,30416
B1a,B1a_oneParamByte,Randoop,100.00,C,256,run-04-30sec,30570
B1a,B1a_oneParamChar,Randoop,100.00,C,2973,run-04-30sec,31187
B1a,B1a_oneParamDouble,Randoop,100.00,C,2871,run-04-30sec,31107
B1a,B1a_oneParamFloat,Randoop,100.00,C,3024,run-04-30sec,31079
B1a,B1a_oneParamInt,Randoop,100.00,C,2986,run-04-30sec,31002
B1a,B1a_oneParamLong,Randoop,100.00,C,2961,run-04-30sec,31106
B1a,B1a_oneParamShort,Randoop,100.00,C,2750,run-04-30sec,31050
B1a,B1a_twoParamBoolean,Randoop,100.00,C,4,run-04-30sec,30468
B1a,B1a_twoParamByte,Randoop,100.00,C,4999,run-04-30sec,4910
B1a,B1a_twoParamChar,Randoop,100.00,C,4999,run-04-30sec,5011
B1a,B1a_twoParamDouble,Randoop,100.00,C,4999,run-04-30sec,4717
B1a,B1a_twoParamFloat,Randoop,100.00,C,4999,run-04-30sec,4908
B1a,B1a_twoParamInt,Randoop,100.00,C,4999,run-04-30sec,4710
B1a,B1a_twoParamLong,Randoop,100.00,C,4999,run-04-30sec,4807
B1a,B1a_twoParamShort,Randoop,100.00,C,4999,run-04-30sec,4710
B1b,B1b_constBoolean,Randoop,100.00,C,1,run-04-30sec,30458
B1b,B1b_constByte,Randoop,100.00,C,1,run-04-30sec,30408
B1b,B1b_constChar,Randoop,100.00,C,1,run-04-30sec,30457
B1b,B1b_constDouble,Randoop,100.00,C,1,run-04-30sec,30451
B1b,B1b_constFloat,Randoop,100.00,C,1,run-04-30sec,30458
B1b,B1b_constInt,Randoop,100.00,C,1,run-04-30sec,30457
B1b,B1b_constLong,Randoop,100.00,C,1,run-04-30sec,30461
B1b,B1b_constShort,Randoop,100.00,C,1,run-04-30sec,30453
B1c,B1c_add,Randoop,100.00,C,4999,run-04-30sec,5011
B1c,B1c_addAssignment,Randoop,100.00,C,4999,run-04-30sec,4813
B1c,B1c_divide,Randoop,100.00,C,49,run-04-30sec,30460
B1c,B1c_divideAssignment,Randoop,100.00,C,49,run-04-30sec,30456
B1c,B1c_modulo,Randoop,100.00,C,25,run-04-30sec,30466
B1c,B1c_moduloAssignment,Randoop,100.00,C,25,run-04-30sec,30455
B1c,B1c_multiply,Randoop,100.00,C,4096,run-04-30sec,31257
B1c,B1c_multiplyAssignment,Randoop,100.00,C,4096,run-04-30sec,31266
B1c,B1c_postfixMinusMinus,Randoop,100.00,C,2894,run-04-30sec,31095
B1c,B1c_postfixPlusplus,Randoop,100.00,C,2963,run-04-30sec,31094
B1c,B1c_substract,Randoop,100.00,C,4999,run-04-30sec,4708
B1c,B1c_substractAssignment,Randoop,100.00,C,4999,run-04-30sec,4809
B1c,B1c_unaryMinus,Randoop,100.00,C,7,run-04-30sec,30390
B1c,B1c_unaryMinusMinus,Randoop,100.00,C,3062,run-04-30sec,31114
B1c,B1c_unaryPlus,Randoop,100.00,C,5,run-04-30sec,30470
B1c,B1c_unaryPlusPlus,Randoop,100.00,C,3051,run-04-30sec,31093
B1d,B1d_and,Randoop,100.00,C,4,run-04-30sec,30469
B1d,B1d_equal,Randoop,100.00,C,25,run-04-30sec,30462
B1d,B1d_greater,Randoop,100.00,C,25,run-04-30sec,30458
B1d,B1d_greaterOrEqual,Randoop,100.00,C,25,run-04-30sec,30470
B1d,B1d_negate,Randoop,100.00,C,2,run-04-30sec,30463
B1d,B1d_notEqual,Randoop,100.00,C,25,run-04-30sec,30466
B1d,B1d_or,Randoop,100.00,C,4,run-04-30sec,30459
B1d,B1d_smaller,Randoop,100.00,C,25,run-04-30sec,30465
B1d,B1d_smallerOrEqual,Randoop,100.00,C,25,run-04-30sec,30464
B1e,B1e_and,Randoop,100.00,C,25,run-04-30sec,30462
B1e,B1e_andAssignment,Randoop,100.00,C,25,run-04-30sec,30479
B1e,B1e_negate,Randoop,100.00,C,8,run-04-30sec,30451
B1e,B1e_or,Randoop,100.00,C,81,run-04-30sec,30458
B1e,B1e_orAssignment,Randoop,100.00,C,81,run-04-30sec,30468
B1e,B1e_shiftLeft,Randoop,100.00,C,4999,run-04-30sec,4817
B1e,B1e_shiftLeftAssignment,Randoop,100.00,C,4999,run-04-30sec,5014
B1e,B1e_shiftRight,Randoop,100.00,C,144,run-04-30sec,30557
B1e,B1e_shiftRightAssignment,Randoop,100.00,C,144,run-04-30sec,30501
B1e,B1e_shiftRightUnsigned,Randoop,100.00,C,1681,run-04-30sec,30883
B1e,B1e_shiftRightUnsignedAssignment,Randoop,100.00,C,1681,run-04-30sec,30872
B1e,B1e_xor,Randoop,100.00,C,256,run-04-30sec,30586
B1e,B1e_xorAssignment,Randoop,100.00,C,256,run-04-30sec,30564
B2a,B2a_oneParamBoolean,Randoop,100.00,C,2,run-04-30sec,30465
B2a,B2a_oneParamDouble,Randoop,85.71,NC,5,run-04-30sec,30464
B2a,B2a_oneParamInt,Randoop,85.71,NC,5,run-04-30sec,30464
B2a,B2a_twoParamsBoolean,Randoop,72.73,C,4,run-04-30sec,30401
B2a,B2a_twoParamsDouble,Randoop,84.62,C,25,run-04-30sec,30469
B2a,B2a_twoParamsInt,Randoop,84.62,C,64,run-04-30sec,30465
B2b,B2b_oneParamBoolean,Randoop,100.00,C,2,run-04-30sec,30462
B2b,B2b_oneParamInt,Randoop,100.00,C,5,run-04-30sec,30465
B2b,B2b_twoParamsBoolean,Randoop,100.00,C,4,run-04-30sec,30474
B2b,B2b_twoParamsInt,Randoop,100.00,C,25,run-04-30sec,30472
B2c,B2c_missingBreaks,Randoop,85.71,NC,5,run-04-30sec,30467
B2c,B2c_simple,Randoop,77.78,NC,5,run-04-30sec,30431
B2c,B2c_withReturn,Randoop,71.43,NC,5,run-04-30sec,30370
B2d,B2d_oneParamDouble,Randoop,66.67,NC,5,run-04-30sec,30485
B2d,B2d_oneParamFloat,Randoop,66.67,NC,5,run-04-30sec,30474
B2d,B2d_oneParamInt,Randoop,66.67,NC,5,run-04-30sec,30476
B2d,B2d_oneParamIntNoSolution,Randoop,66.67,C,5,run-04-30sec,30489
B2d,B2d_quadraticDouble,Randoop,80.00,NC,25,run-04-30sec,30456
B2d,B2d_quadraticDoubleNoSolution,Randoop,80.00,C,25,run-04-30sec,30457
B2d,B2d_quadraticFloat,Randoop,80.00,NC,25,run-04-30sec,30460
B2d,B2d_quadraticFloatNoSolution,Randoop,80.00,C,25,run-04-30sec,30496
B2d,B2d_quadraticInt,Randoop,80.00,NC,25,run-04-30sec,30481
B2d,B2d_quadraticIntNoSolution,Randoop,80.00,C,25,run-04-30sec,30461
B2d,B2d_threeParamsDouble,Randoop,83.33,NC,125,run-04-30sec,30484
B2d,B2d_threeParamsFloat,Randoop,83.33,NC,125,run-04-30sec,30479
B2d,B2d_threeParamsInt,Randoop,83.33,NC,125,run-04-30sec,30570
B2d,B2d_threeParamsIntNoSolution,Randoop,83.33,C,125,run-04-30sec,30536
B2d,B2d_twoParamsDouble,Randoop,80.00,NC,25,run-04-30sec,30464
B2d,B2d_twoParamsFloat,Randoop,80.00,NC,25,run-04-30sec,30460
B2d,B2d_twoParamsInt,Randoop,80.00,NC,25,run-04-30sec,30463
B2d,B2d_twoParamsIntNoSolution,Randoop,80.00,C,25,run-04-30sec,30461
B3a,B3a_complex,Randoop,94.12,C,4999,run-04-30sec,4609
B3a,B3a_infinite,Randoop,0.00,C,0,run-04-30sec,30428
B3a,B3a_infiniteNotOptimalizable,Randoop,0.00,C,0,run-04-30sec,30437
B3a,B3a_nestedLoop,Randoop,100.00,C,61,run-04-30sec,32724
B3a,B3a_nestedLoopWithLabel,Randoop,85.71,NC,43,run-04-30sec,33430
B3a,B3a_withConditionAndLimit,Randoop,100.00,C,6,run-04-30sec,30498
B3a,B3a_withConditionNoLimit,Randoop,100.00,C,8,run-04-30sec,30471
B3a,B3a_withContinueBreak,Randoop,100.00,C,8,run-04-30sec,30485
B3a,B3a_withLimit,Randoop,100.00,C,6,run-04-30sec,30461
B3b,B3b_complex,Randoop,92.86,C,4999,run-04-30sec,4608
B3b,B3b_infinite,Randoop,0.00,C,0,run-04-30sec,30370
B3b,B3b_infiniteNotOptimalizable,Randoop,0.00,C,0,run-04-30sec,30427
B3b,B3b_nestedLoop,Randoop,100.00,C,33,run-04-30sec,69250
B3b,B3b_nestedLoopWithLabel,Randoop,81.82,NC,20,run-04-30sec,46234
B3b,B3b_withConditionAndLimit,Randoop,100.00,C,6,run-04-30sec,30466
B3b,B3b_withConditionNoLimit,Randoop,100.00,C,8,run-04-30sec,30462
B3b,B3b_withContinueBreak,Randoop,100.00,C,8,run-04-30sec,30465
B3b,B3b_withLimit,Randoop,100.00,C,6,run-04-30sec,30462
B3c,B3c_complex,Randoop,94.12,C,4999,run-04-30sec,4611
B3c,B3c_infinite,Randoop,0.00,C,0,run-04-30sec,30365
B3c,B3c_infiniteNotOptimalizable,Randoop,0.00,C,0,run-04-30sec,30427
B3c,B3c_nestedLoop,Randoop,100.00,C,56,run-04-30sec,31223
B3c,B3c_nestedLoopWithLabel,Randoop,85.71,NC,84,run-04-30sec,33528
B3c,B3c_withConditionAndLimit,Randoop,100.00,C,6,run-04-30sec,30487
B3c,B3c_withConditionNoLimit,Randoop,100.00,C,8,run-04-30sec,30471
B3c,B3c_withContinueBreak,Randoop,100.00,C,8,run-04-30sec,30476
B3c,B3c_withLimit,Randoop,100.00,C,6,run-04-30sec,30463
B4a,B4a_fromParams,Randoop,75.00,NC,125,run-04-30sec,30460
B4a,B4a_fromParamsWithIndex,Randoop,83.33,NC,625,run-04-30sec,30658
B4a,B4a_guessLength,Randoop,100.00,C,5,run-04-30sec,30462
B4a,B4a_guessOneArray,Randoop,,EX,,run-04-30sec,401
B4a,B4a_guessOneArrayWithLength,Randoop,,EX,,run-04-30sec,401
B4a,B4a_indexParam,Randoop,83.33,NC,5,run-04-30sec,30492
B4a,B4a_iterateWithFor,Randoop,,EX,,run-04-30sec,601
B4a,B4a_iterateWithForeach,Randoop,,EX,,run-04-30sec,401
B4a,B4a_twoArrays,Randoop,,EX,,run-04-30sec,401
B4b,B4b_fromParams,Randoop,75.00,NC,125,run-04-30sec,30457
B4b,B4b_fromParamsWithIndex,Randoop,75.00,NC,625,run-04-30sec,30654
B4b,B4b_guessLength,Randoop,100.00,C,5,run-04-30sec,30460
B4b,B4b_guessOneArray,Randoop,,EX,,run-04-30sec,401
B4b,B4b_guessOneArrayWithLength,Randoop,,EX,,run-04-30sec,401
B4b,B4b_indexParam,Randoop,75.00,NC,5,run-04-30sec,30368
B4b,B4b_iterateWithFor,Randoop,,EX,,run-04-30sec,401
B4b,B4b_iterateWithForeach,Randoop,,EX,,run-04-30sec,401
B4b,B4b_twoArrays,Randoop,,EX,,run-04-30sec,401
B5a1,B5a1_conditionalCall,Randoop,100.00,C,162,run-04-30sec,30498
B5a1,B5a1_simple,Randoop,100.00,C,64,run-04-30sec,30506
B5a1,B5a1_useReturnValue,Randoop,100.00,C,25,run-04-30sec,30461
B5a2,B5a2_conditionalCall,Randoop,100.00,C,162,run-04-30sec,30557
B5a2,B5a2_simple,Randoop,100.00,C,64,run-04-30sec,30470
B5a2,B5a2_useReturnValue,Randoop,100.00,C,25,run-04-30sec,30474
B5b1,B5b1_fibonacci,Randoop,100.00,C,6,run-04-30sec,30451
B5b1,B5b1_simple,Randoop,100.00,C,5,run-04-30sec,30468
B5b2,B5b2_fibonacci,Randoop,100.00,C,4,run-04-30sec,30446
B5b2,B5b2_simple,Randoop,100.00,C,6,run-04-30sec,30457
B6a,B6a_always,Randoop,100.00,C,1,run-04-30sec,30453
B6a,B6a_call,Randoop,100.00,C,64,run-04-30sec,30454
B6a,B6a_conditionalAndLoop,Randoop,100.00,C,5,run-04-30sec,30465
B6a,B6a_recursive,Randoop,100.00,C,5,run-04-30sec,30427
B6a,B6a_tryCatch,Randoop,100.00,C,64,run-04-30sec,30468
B6a,B6a_tryCatchFinally,Randoop,100.00,C,729,run-04-30sec,30690
B6b,B6b_always,Randoop,100.00,C,1,run-04-30sec,30451
B6b,B6b_call,Randoop,100.00,C,64,run-04-30sec,30455
B6b,B6b_conditionalAndLoop,Randoop,100.00,C,5,run-04-30sec,30463
B6b,B6b_recursive,Randoop,100.00,C,5,run-04-30sec,30476
B6b,B6b_tryCatch,Randoop,100.00,C,64,run-04-30sec,30471
B6b,B6b_tryCatchFinally,Randoop,100.00,C,729,run-04-30sec,30760
B6c,B6c_arithmeticException,Randoop,100.00,C,2,run-04-30sec,30460
B6c,B6c_arrayIndexOutOfBoundsException,Randoop,100.00,C,2,run-04-30sec,30445
B6c,B6c_classCastException,Randoop,100.00,C,2,run-04-30sec,30474
B6c,B6c_illegalArgumentException,Randoop,100.00,C,2,run-04-30sec,30460
B6c,B6c_illegalStateException,Randoop,100.00,C,2,run-04-30sec,30459
B6c,B6c_indexOutOfBoundsException,Randoop,100.00,C,2,run-04-30sec,30472
B6c,B6c_nullPointerException,Randoop,100.00,C,2,run-04-30sec,30411
B6c,B6c_securityException,Randoop,100.00,C,2,run-04-30sec,30469
B6c,B6c_unsupportedOperationException,Randoop,100.00,C,2,run-04-30sec,30462
S1,S1_returnStructure,Randoop,40.00,NC,1,run-04-30sec,30472
S1,S1_returnStructureParams,Randoop,100.00,C,25,run-04-30sec,30481
S1,S1_useStructure,Randoop,66.67,NC,1,run-04-30sec,30411
S1,S1_useStructureParams,Randoop,100.00,C,4999,run-04-30sec,4707
S2,S2_oneStructure,Randoop,18.18,NC,1,run-04-30sec,30465
S2,S2_oneStructureParams,Randoop,100.00,C,64,run-04-30sec,30493
S2,S2_twoStructures,Randoop,14.29,NC,1,run-04-30sec,30449
S2,S2_twoStructuresParams,Randoop,100.00,C,4096,run-04-30sec,31262
S3,S3_arrayOfStructures,Randoop,,EX,,run-04-30sec,401
S3,S3_arrayOfStructuresParams,Randoop,,EX,,run-04-30sec,401
S3,S3_noLimit,Randoop,25.00,NC,5,run-04-30sec,30458
S3,S3_noLimitParams,Randoop,100.00,C,343,run-04-30sec,30558
S3,S3_withLimit,Randoop,25.00,NC,5,run-04-30sec,30450
S3,S3_withLimitParams,Randoop,100.00,C,216,run-04-30sec,30561
S4,S4_guess,Randoop,22.22,NC,1,run-04-30sec,30471
S4,S4_guessCoordinates,Randoop,16.67,NC,1,run-04-30sec,30455
S4,S4_guessParams,Randoop,66.67,NC,1296,run-04-30sec,30904
O1,O1_fullCoverage,Randoop,13.33,NC,125,run-04-30sec,30554
O1,O1_guessImpossibleObject,Randoop,40.00,NC,1,run-04-30sec,30464
O1,O1_guessImpossibleOperationCount,Randoop,28.57,NC,5,run-04-30sec,30455
O1,O1_guessImpossibleOperationCountParams,Randoop,83.33,C,5,run-04-30sec,30464
O1,O1_guessImpossibleResult,Randoop,15.38,NC,125,run-04-30sec,30571
O1,O1_guessImpossibleResultAndOperationCount,Randoop,28.57,NC,25,run-04-30sec,30463
O1,O1_guessImpossibleResultAndOperationCountParams,Randoop,83.33,C,25,run-04-30sec,30456
O1,O1_guessImpossibleResultParams,Randoop,91.67,C,125,run-04-30sec,30501
O1,O1_guessObject,Randoop,40.00,NC,1,run-04-30sec,30409
O1,O1_guessOperationCount,Randoop,28.57,NC,5,run-04-30sec,30455
O1,O1_guessOperationCountParams,Randoop,83.33,NC,5,run-04-30sec,30457
O1,O1_guessResult,Randoop,15.38,NC,125,run-04-30sec,30592
O1,O1_guessResultAndOperationCount,Randoop,28.57,NC,25,run-04-30sec,30455
O1,O1_guessResultAndOperationCountParams,Randoop,83.33,NC,25,run-04-30sec,30467
O1,O1_guessResultParams,Randoop,100.00,C,125,run-04-30sec,30559
O1,O1_oneOperationNoCheck,Randoop,0.00,NC,5,run-04-30sec,30452
O1,O1_oneOperationParams,Randoop,100.00,C,5,run-04-30sec,30476
O1,O1_oneOperationWithCheck,Randoop,22.22,NC,5,run-04-30sec,30452
O1,O1_twoOperationsParams,Randoop,100.00,C,4999,run-04-30sec,4706
O1,O1_twoOperationsWithCheck,Randoop,18.18,NC,25,run-04-30sec,30446
O1,O1_twoOperationsWithNocheck,Randoop,0.00,NC,25,run-04-30sec,30499
O2,O2_guessResult,Randoop,13.33,NC,125,run-04-30sec,30555
O2,O2_guessResultParams,Randoop,100.00,C,125,run-04-30sec,30567
O3a,O3a_guessResult,Randoop,11.11,NC,125,run-04-30sec,30552
O3a,O3a_guessResultParams,Randoop,100.00,C,125,run-04-30sec,30465
O3b,O3b_guess,Randoop,33.33,NC,5,run-04-30sec,30483
O3b,O3b_guessImpossible,Randoop,33.33,NC,5,run-04-30sec,30448
O3b,O3b_validate,Randoop,33.33,NC,5,run-04-30sec,30460
O3c,O3c_guess,Randoop,33.33,NC,5,run-04-30sec,30447
O3c,O3c_guessImpossible,Randoop,33.33,NC,5,run-04-30sec,30466
O3c,O3c_validate,Randoop,33.33,NC,5,run-04-30sec,30456
O4,O4_guessImpossible,Randoop,11.76,NC,125,run-04-30sec,30556
O4,O4_guessImpossibleParams,Randoop,87.50,C,125,run-04-30sec,30551
O4,O4_guessResult,Randoop,11.76,NC,125,run-04-30sec,30551
O4,O4_guessResultParams,Randoop,87.50,NC,125,run-04-30sec,30558
G1,G1_guessType,Randoop,88.89,C,140,run-04-30sec,31043
G1,G1_guessTypeAndUse,Randoop,93.33,C,141,run-04-30sec,31066
G1,G1_guessTypeWithExtends,Randoop,88.89,C,32,run-04-30sec,30497
G1,G1_guessTypeWithExtendsAndUse,Randoop,93.33,C,33,run-04-30sec,30457
G2,G2_guessDescendant,Randoop,0.00,NC,1,run-04-30sec,30464
G2,G2_guessImpossible,Randoop,0.00,NC,1,run-04-30sec,30463
G2,G2_guessInteger,Randoop,0.00,NC,1,run-04-30sec,30470
G2,G2_guessIntegerNoHelp,Randoop,0.00,NC,1,run-04-30sec,30409
G2,G2_guessSafe,Randoop,0.00,NC,1,run-04-30sec,30371
G2,G2_guessSafeNoHelp,Randoop,0.00,NC,1,run-04-30sec,30447
L1,L1_abs,Randoop,100.00,C,25,run-04-30sec,30463
L1,L1_absImpossible,Randoop,66.67,C,25,run-04-30sec,30468
L1,L1_cbrt,Randoop,75.00,NC,5,run-04-30sec,30468
L1,L1_cos,Randoop,75.00,NC,5,run-04-30sec,30468
L1,L1_cosImpossible,Randoop,66.67,C,5,run-04-30sec,30503
L1,L1_log10GuessArgument,Randoop,100.00,C,5,run-04-30sec,30480
L1,L1_logGuessArgument,Randoop,100.00,C,5,run-04-30sec,30395
L1,L1_logGuessBase,Randoop,100.00,C,5,run-04-30sec,30449
L1,L1_logGuessBaseAndArgument,Randoop,100.00,C,25,run-04-30sec,30458
L1,L1_minMax,Randoop,66.67,NC,25,run-04-30sec,30463
L1,L1_minMaxImpossible,Randoop,66.67,C,25,run-04-30sec,30454
L1,L1_minMaxWithOrder,Randoop,66.67,NC,25,run-04-30sec,30483
L1,L1_powGuessBase,Randoop,75.00,NC,5,run-04-30sec,30406
L1,L1_powGuessBaseAndExponent,Randoop,75.00,NC,25,run-04-30sec,30398
L1,L1_powGuessExponent,Randoop,100.00,C,5,run-04-30sec,30453
L1,L1_sin,Randoop,75.00,NC,5,run-04-30sec,30472
L1,L1_sinImpossible,Randoop,66.67,C,5,run-04-30sec,30459
L1,L1_sqrt,Randoop,75.00,NC,5,run-04-30sec,30460
L1,L1_sqrtImpossible,Randoop,66.67,C,5,run-04-30sec,30447
L1,L1_tan,Randoop,75.00,NC,5,run-04-30sec,30456
L2,L2_add,Randoop,57.14,NC,289,run-04-30sec,30569
L2,L2_addWithCondition,Randoop,53.85,NC,4,run-04-30sec,30461
L2,L2_charAt,Randoop,0.00,NC,2,run-04-30sec,30473
L2,L2_compareTo,Randoop,55.56,NC,2,run-04-30sec,30469
L2,L2_compareToIgnoreCase,Randoop,55.56,NC,2,run-04-30sec,30459
L2,L2_equality,Randoop,55.56,NC,2,run-04-30sec,30458
L2,L2_equalityIgnoreCase,Randoop,55.56,NC,2,run-04-30sec,30469
L2,L2_indexOf,Randoop,50.00,NC,2,run-04-30sec,30480
L2,L2_length,Randoop,57.14,NC,2,run-04-30sec,30462
L2,L2_regionEquality,Randoop,50.00,NC,2,run-04-30sec,30445
L2,L2_startsEnds,Randoop,42.86,NC,2,run-04-30sec,30456
L2,L2_substring,Randoop,57.14,NC,2,run-04-30sec,30455
L2,L2_switchString,Randoop,50.00,NC,2,run-04-30sec,30457
L3,L3_guessDouble,Randoop,80.00,NC,6,run-04-30sec,30463
L3,L3_guessInteger,Randoop,80.00,NC,6,run-04-30sec,30453
L3,L3_integerOverflow,Randoop,100.00,C,4999,run-04-30sec,6512
L4,L4_guessElementAndIndex,Randoop,100.00,C,25,run-04-30sec,30450
L4,L4_guessElements,Randoop,83.33,NC,25,run-04-30sec,30490
L4,L4_guessGenericListWithElement,Randoop,0.00,NC,1,run-04-30sec,30399
L4,L4_guessGenericListWithSize,Randoop,0.00,NC,1,run-04-30sec,30457
L4,L4_guessGenericVectorWithElement,Randoop,0.00,NC,1,run-04-30sec,30476
L4,L4_guessGenericVectorWithSize,Randoop,0.00,NC,1,run-04-30sec,30464
L4,L4_guessIndices,Randoop,88.89,NC,25,run-04-30sec,30469
L4,L4_guessListWithSize,Randoop,0.00,NC,1,run-04-30sec,30465
L4,L4_guessSize,Randoop,83.33,NC,5,run-04-30sec,30464
L4,L4_guessSizeAndElements,Randoop,83.33,NC,125,run-04-30sec,30559
L4,L4_guessVectorWithSize,Randoop,0.00,NC,1,run-04-30sec,30385
LO,LO_associatesAPIGuessDate,Randoop,43.75,NC,2,run-04-30sec,30457
LO,LO_associatesAPIGuessValidDateFormat,Randoop,50.00,NC,2,run-04-30sec,30468
LO,LO_guessUUID,Randoop,33.33,NC,2,run-04-30sec,30392
LO,LO_guessValidUUID,Randoop,50.00,NC,2,run-04-30sec,30461
LO,LO_inheritsAPIGuessOneObject,Randoop,28.57,NC,1,run-04-30sec,30461
LO,LO_inheritsAPIGuessOnePrimitive,Randoop,66.67,NC,5,run-04-30sec,30454
LO,LO_inheritsAPIGuessTwoObjects,Randoop,16.67,NC,1,run-04-30sec,30467
LO,LO_inheritsAPIGuessTwoPrimitives,Randoop,83.33,NC,25,run-04-30sec,30448
LO,LO_regexCaseInsensitive,Randoop,71.43,NC,2,run-04-30sec,30469
LO,LO_regexCaseSensitive,Randoop,60.00,NC,2,run-04-30sec,30459
Others,Others_guess,Randoop,,EX,,run-04-30sec,400
Others,Others_guessEnum,Randoop,18.18,NC,1,run-04-30sec,30397
Others,Others_guessEnumOrdinal,Randoop,18.18,NC,1,run-04-30sec,30464
Others,Others_guessEnumString,Randoop,18.18,NC,1,run-04-30sec,30396
Others,Others_guessWithLength,Randoop,,EX,,run-04-30sec,401
Others,Others_iterateWithFor,Randoop,,EX,,run-04-30sec,401
Others,Others_iterateWithForeach,Randoop,,EX,,run-04-30sec,401
Others,Others_minMax,Randoop,66.67,NC,25,run-04-30sec,30460
Others,Others_minMaxImpossible,Randoop,66.67,C,25,run-04-30sec,30453
Others,Others_minMaxWithOrder,Randoop,66.67,NC,25,run-04-30sec,30466
Others,Others_switchEnum,Randoop,25.00,NC,1,run-04-30sec,30458
Others,Others_test,Randoop,100.00,C,5,run-04-30sec,30465
B1a,B1a_oneParamBoolean,Randoop,100.00,C,2,run-05-30sec,30456
B1a,B1a_oneParamByte,Randoop,100.00,C,256,run-05-30sec,30587
B1a,B1a_oneParamChar,Randoop,100.00,C,3005,run-05-30sec,31944
B1a,B1a_oneParamDouble,Randoop,100.00,C,2881,run-05-30sec,31090
B1a,B1a_oneParamFloat,Randoop,100.00,C,2907,run-05-30sec,31519
B1a,B1a_oneParamInt,Randoop,100.00,C,3048,run-05-30sec,31094
B1a,B1a_oneParamLong,Randoop,100.00,C,3037,run-05-30sec,31102
B1a,B1a_oneParamShort,Randoop,100.00,C,3001,run-05-30sec,31096
B1a,B1a_twoParamBoolean,Randoop,100.00,C,4,run-05-30sec,30467
B1a,B1a_twoParamByte,Randoop,100.00,C,4999,run-05-30sec,4606
B1a,B1a_twoParamChar,Randoop,100.00,C,4999,run-05-30sec,5109
B1a,B1a_twoParamDouble,Randoop,100.00,C,4999,run-05-30sec,4715
B1a,B1a_twoParamFloat,Randoop,100.00,C,4999,run-05-30sec,4909
B1a,B1a_twoParamInt,Randoop,100.00,C,4999,run-05-30sec,4714
B1a,B1a_twoParamLong,Randoop,100.00,C,4999,run-05-30sec,4808
B1a,B1a_twoParamShort,Randoop,100.00,C,4999,run-05-30sec,4807
B1b,B1b_constBoolean,Randoop,100.00,C,1,run-05-30sec,30455
B1b,B1b_constByte,Randoop,100.00,C,1,run-05-30sec,30455
B1b,B1b_constChar,Randoop,100.00,C,1,run-05-30sec,30457
B1b,B1b_constDouble,Randoop,100.00,C,1,run-05-30sec,30457
B1b,B1b_constFloat,Randoop,100.00,C,1,run-05-30sec,30461
B1b,B1b_constInt,Randoop,100.00,C,1,run-05-30sec,30459
B1b,B1b_constLong,Randoop,100.00,C,1,run-05-30sec,30453
B1b,B1b_constShort,Randoop,100.00,C,1,run-05-30sec,30454
B1c,B1c_add,Randoop,100.00,C,4999,run-05-30sec,5017
B1c,B1c_addAssignment,Randoop,100.00,C,4999,run-05-30sec,5013
B1c,B1c_divide,Randoop,100.00,C,49,run-05-30sec,30454
B1c,B1c_divideAssignment,Randoop,100.00,C,49,run-05-30sec,30498
B1c,B1c_modulo,Randoop,100.00,C,25,run-05-30sec,30460
B1c,B1c_moduloAssignment,Randoop,100.00,C,25,run-05-30sec,30461
B1c,B1c_multiply,Randoop,100.00,C,4096,run-05-30sec,31297
B1c,B1c_multiplyAssignment,Randoop,100.00,C,4096,run-05-30sec,31270
B1c,B1c_postfixMinusMinus,Randoop,100.00,C,3032,run-05-30sec,31103
B1c,B1c_postfixPlusplus,Randoop,100.00,C,2923,run-05-30sec,31113
B1c,B1c_substract,Randoop,100.00,C,4999,run-05-30sec,4718
B1c,B1c_substractAssignment,Randoop,100.00,C,4999,run-05-30sec,4609
B1c,B1c_unaryMinus,Randoop,100.00,C,7,run-05-30sec,30478
B1c,B1c_unaryMinusMinus,Randoop,100.00,C,3033,run-05-30sec,31095
B1c,B1c_unaryPlus,Randoop,100.00,C,5,run-05-30sec,30473
B1c,B1c_unaryPlusPlus,Randoop,100.00,C,3081,run-05-30sec,31091
B1d,B1d_and,Randoop,100.00,C,4,run-05-30sec,30471
B1d,B1d_equal,Randoop,100.00,C,25,run-05-30sec,30465
B1d,B1d_greater,Randoop,100.00,C,25,run-05-30sec,30461
B1d,B1d_greaterOrEqual,Randoop,100.00,C,25,run-05-30sec,30436
B1d,B1d_negate,Randoop,100.00,C,2,run-05-30sec,30467
B1d,B1d_notEqual,Randoop,100.00,C,25,run-05-30sec,30502
B1d,B1d_or,Randoop,100.00,C,4,run-05-30sec,30464
B1d,B1d_smaller,Randoop,100.00,C,25,run-05-30sec,30465
B1d,B1d_smallerOrEqual,Randoop,100.00,C,25,run-05-30sec,30454
B1e,B1e_and,Randoop,100.00,C,25,run-05-30sec,30484
B1e,B1e_andAssignment,Randoop,100.00,C,25,run-05-30sec,30459
B1e,B1e_negate,Randoop,100.00,C,8,run-05-30sec,30408
B1e,B1e_or,Randoop,100.00,C,81,run-05-30sec,30462
B1e,B1e_orAssignment,Randoop,100.00,C,81,run-05-30sec,30559
B1e,B1e_shiftLeft,Randoop,100.00,C,4999,run-05-30sec,4907
B1e,B1e_shiftLeftAssignment,Randoop,100.00,C,4999,run-05-30sec,4806
B1e,B1e_shiftRight,Randoop,100.00,C,144,run-05-30sec,30561
B1e,B1e_shiftRightAssignment,Randoop,100.00,C,144,run-05-30sec,30563
B1e,B1e_shiftRightUnsigned,Randoop,100.00,C,1681,run-05-30sec,30861
B1e,B1e_shiftRightUnsignedAssignment,Randoop,100.00,C,1681,run-05-30sec,30954
B1e,B1e_xor,Randoop,100.00,C,256,run-05-30sec,30584
B1e,B1e_xorAssignment,Randoop,100.00,C,256,run-05-30sec,30570
B2a,B2a_oneParamBoolean,Randoop,100.00,C,2,run-05-30sec,30456
B2a,B2a_oneParamDouble,Randoop,85.71,NC,5,run-05-30sec,30464
B2a,B2a_oneParamInt,Randoop,85.71,NC,5,run-05-30sec,30478
B2a,B2a_twoParamsBoolean,Randoop,72.73,C,4,run-05-30sec,30466
B2a,B2a_twoParamsDouble,Randoop,84.62,C,25,run-05-30sec,30461
B2a,B2a_twoParamsInt,Randoop,84.62,C,64,run-05-30sec,30466
B2b,B2b_oneParamBoolean,Randoop,100.00,C,2,run-05-30sec,30465
B2b,B2b_oneParamInt,Randoop,100.00,C,5,run-05-30sec,30465
B2b,B2b_twoParamsBoolean,Randoop,100.00,C,4,run-05-30sec,30466
B2b,B2b_twoParamsInt,Randoop,100.00,C,25,run-05-30sec,30774
B2c,B2c_missingBreaks,Randoop,85.71,NC,5,run-05-30sec,30471
B2c,B2c_simple,Randoop,77.78,NC,5,run-05-30sec,30460
B2c,B2c_withReturn,Randoop,71.43,NC,5,run-05-30sec,30475
B2d,B2d_oneParamDouble,Randoop,66.67,NC,5,run-05-30sec,30456
B2d,B2d_oneParamFloat,Randoop,66.67,NC,5,run-05-30sec,30514
B2d,B2d_oneParamInt,Randoop,66.67,NC,5,run-05-30sec,30472
B2d,B2d_oneParamIntNoSolution,Randoop,66.67,C,5,run-05-30sec,30479
B2d,B2d_quadraticDouble,Randoop,80.00,NC,25,run-05-30sec,30452
B2d,B2d_quadraticDoubleNoSolution,Randoop,80.00,C,25,run-05-30sec,30459
B2d,B2d_quadraticFloat,Randoop,80.00,NC,25,run-05-30sec,30496
B2d,B2d_quadraticFloatNoSolution,Randoop,80.00,C,25,run-05-30sec,30487
B2d,B2d_quadraticInt,Randoop,80.00,NC,25,run-05-30sec,30462
B2d,B2d_quadraticIntNoSolution,Randoop,80.00,C,25,run-05-30sec,30461
B2d,B2d_threeParamsDouble,Randoop,83.33,NC,125,run-05-30sec,30587
B2d,B2d_threeParamsFloat,Randoop,83.33,NC,125,run-05-30sec,30564
B2d,B2d_threeParamsInt,Randoop,83.33,NC,125,run-05-30sec,30571
B2d,B2d_threeParamsIntNoSolution,Randoop,83.33,C,125,run-05-30sec,30488
B2d,B2d_twoParamsDouble,Randoop,80.00,NC,25,run-05-30sec,30462
B2d,B2d_twoParamsFloat,Randoop,80.00,NC,25,run-05-30sec,30462
B2d,B2d_twoParamsInt,Randoop,80.00,NC,25,run-05-30sec,30462
B2d,B2d_twoParamsIntNoSolution,Randoop,80.00,C,25,run-05-30sec,30454
B3a,B3a_complex,Randoop,94.12,C,4999,run-05-30sec,4706
B3a,B3a_infinite,Randoop,0.00,C,0,run-05-30sec,30428
B3a,B3a_infiniteNotOptimalizable,Randoop,0.00,C,0,run-05-30sec,30441
B3a,B3a_nestedLoop,Randoop,100.00,C,49,run-05-30sec,32925
B3a,B3a_nestedLoopWithLabel,Randoop,85.71,NC,27,run-05-30sec,31524
B3a,B3a_withConditionAndLimit,Randoop,100.00,C,6,run-05-30sec,30458
B3a,B3a_withConditionNoLimit,Randoop,100.00,C,8,run-05-30sec,30454
B3a,B3a_withContinueBreak,Randoop,100.00,C,8,run-05-30sec,30401
B3a,B3a_withLimit,Randoop,100.00,C,6,run-05-30sec,30468
B3b,B3b_complex,Randoop,92.86,C,4999,run-05-30sec,4910
B3b,B3b_infinite,Randoop,0.00,C,0,run-05-30sec,30429
B3b,B3b_infiniteNotOptimalizable,Randoop,0.00,C,0,run-05-30sec,30430
B3b,B3b_nestedLoop,Randoop,100.00,C,61,run-05-30sec,64948
B3b,B3b_nestedLoopWithLabel,Randoop,81.82,NC,69,run-05-30sec,74689
B3b,B3b_withConditionAndLimit,Randoop,100.00,C,6,run-05-30sec,30460
B3b,B3b_withConditionNoLimit,Randoop,100.00,C,8,run-05-30sec,30463
B3b,B3b_withContinueBreak,Randoop,100.00,C,8,run-05-30sec,30456
B3b,B3b_withLimit,Randoop,100.00,C,6,run-05-30sec,30469
B3c,B3c_complex,Randoop,94.12,C,4999,run-05-30sec,5327
B3c,B3c_infinite,Randoop,0.00,C,0,run-05-30sec,30448
B3c,B3c_infiniteNotOptimalizable,Randoop,0.00,C,0,run-05-30sec,30427
B3c,B3c_nestedLoop,Randoop,100.00,C,49,run-05-30sec,31131
B3c,B3c_nestedLoopWithLabel,Randoop,85.71,NC,77,run-05-30sec,31927
B3c,B3c_withConditionAndLimit,Randoop,100.00,C,6,run-05-30sec,30462
B3c,B3c_withConditionNoLimit,Randoop,100.00,C,8,run-05-30sec,30462
B3c,B3c_withContinueBreak,Randoop,100.00,C,8,run-05-30sec,30497
B3c,B3c_withLimit,Randoop,100.00,C,6,run-05-30sec,30470
B4a,B4a_fromParams,Randoop,75.00,NC,125,run-05-30sec,30486
B4a,B4a_fromParamsWithIndex,Randoop,83.33,NC,625,run-05-30sec,30659
B4a,B4a_guessLength,Randoop,100.00,C,5,run-05-30sec,30375
B4a,B4a_guessOneArray,Randoop,,EX,,run-05-30sec,401
B4a,B4a_guessOneArrayWithLength,Randoop,,EX,,run-05-30sec,401
B4a,B4a_indexParam,Randoop,83.33,NC,5,run-05-30sec,30466
B4a,B4a_iterateWithFor,Randoop,,EX,,run-05-30sec,701
B4a,B4a_iterateWithForeach,Randoop,,EX,,run-05-30sec,400
B4a,B4a_twoArrays,Randoop,,EX,,run-05-30sec,400
B4b,B4b_fromParams,Randoop,75.00,NC,125,run-05-30sec,30564
B4b,B4b_fromParamsWithIndex,Randoop,75.00,NC,625,run-05-30sec,30687
B4b,B4b_guessLength,Randoop,100.00,C,5,run-05-30sec,30539
B4b,B4b_guessOneArray,Randoop,,EX,,run-05-30sec,400
B4b,B4b_guessOneArrayWithLength,Randoop,,EX,,run-05-30sec,400
B4b,B4b_indexParam,Randoop,75.00,NC,5,run-05-30sec,30470
B4b,B4b_iterateWithFor,Randoop,,EX,,run-05-30sec,400
B4b,B4b_iterateWithForeach,Randoop,,EX,,run-05-30sec,400
B4b,B4b_twoArrays,Randoop,,EX,,run-05-30sec,400
B5a1,B5a1_conditionalCall,Randoop,100.00,C,162,run-05-30sec,30560
B5a1,B5a1_simple,Randoop,100.00,C,64,run-05-30sec,30488
B5a1,B5a1_useReturnValue,Randoop,100.00,C,25,run-05-30sec,30491
B5a2,B5a2_conditionalCall,Randoop,100.00,C,162,run-05-30sec,30585
B5a2,B5a2_simple,Randoop,100.00,C,64,run-05-30sec,30502
B5a2,B5a2_useReturnValue,Randoop,100.00,C,25,run-05-30sec,30459
B5b1,B5b1_fibonacci,Randoop,100.00,C,6,run-05-30sec,30417
B5b1,B5b1_simple,Randoop,100.00,C,5,run-05-30sec,30460
B5b2,B5b2_fibonacci,Randoop,100.00,C,4,run-05-30sec,30445
B5b2,B5b2_simple,Randoop,100.00,C,6,run-05-30sec,30457
B6a,B6a_always,Randoop,100.00,C,1,run-05-30sec,30455
B6a,B6a_call,Randoop,100.00,C,64,run-05-30sec,30459
B6a,B6a_conditionalAndLoop,Randoop,100.00,C,5,run-05-30sec,30471
B6a,B6a_recursive,Randoop,100.00,C,5,run-05-30sec,30459
B6a,B6a_tryCatch,Randoop,100.00,C,64,run-05-30sec,30461
B6a,B6a_tryCatchFinally,Randoop,100.00,C,729,run-05-30sec,30698
B6b,B6b_always,Randoop,100.00,C,1,run-05-30sec,30458
B6b,B6b_call,Randoop,100.00,C,64,run-05-30sec,30461
B6b,B6b_conditionalAndLoop,Randoop,100.00,C,5,run-05-30sec,30461
B6b,B6b_recursive,Randoop,100.00,C,5,run-05-30sec,30484
B6b,B6b_tryCatch,Randoop,100.00,C,64,run-05-30sec,30455
B6b,B6b_tryCatchFinally,Randoop,100.00,C,729,run-05-30sec,30749
B6c,B6c_arithmeticException,Randoop,100.00,C,2,run-05-30sec,30467
B6c,B6c_arrayIndexOutOfBoundsException,Randoop,100.00,C,2,run-05-30sec,30461
B6c,B6c_classCastException,Randoop,100.00,C,2,run-05-30sec,30459
B6c,B6c_illegalArgumentException,Randoop,100.00,C,2,run-05-30sec,30459
B6c,B6c_illegalStateException,Randoop,100.00,C,2,run-05-30sec,30461
B6c,B6c_indexOutOfBoundsException,Randoop,100.00,C,2,run-05-30sec,30469
B6c,B6c_nullPointerException,Randoop,100.00,C,2,run-05-30sec,30474
B6c,B6c_securityException,Randoop,100.00,C,2,run-05-30sec,30449
B6c,B6c_unsupportedOperationException,Randoop,100.00,C,2,run-05-30sec,30459
S1,S1_returnStructure,Randoop,40.00,NC,1,run-05-30sec,30468
S1,S1_returnStructureParams,Randoop,100.00,C,25,run-05-30sec,30496
S1,S1_useStructure,Randoop,66.67,NC,1,run-05-30sec,30462
S1,S1_useStructureParams,Randoop,100.00,C,4999,run-05-30sec,5108
S2,S2_oneStructure,Randoop,18.18,NC,1,run-05-30sec,30475
S2,S2_oneStructureParams,Randoop,100.00,C,64,run-05-30sec,30456
S2,S2_twoStructures,Randoop,14.29,NC,1,run-05-30sec,30460
S2,S2_twoStructuresParams,Randoop,100.00,C,4096,run-05-30sec,31275
S3,S3_arrayOfStructures,Randoop,,EX,,run-05-30sec,400
S3,S3_arrayOfStructuresParams,Randoop,,EX,,run-05-30sec,400
S3,S3_noLimit,Randoop,25.00,NC,5,run-05-30sec,30455
S3,S3_noLimitParams,Randoop,100.00,C,343,run-05-30sec,30567
S3,S3_withLimit,Randoop,25.00,NC,5,run-05-30sec,30456
S3,S3_withLimitParams,Randoop,100.00,C,216,run-05-30sec,30558
S4,S4_guess,Randoop,22.22,NC,1,run-05-30sec,30778
S4,S4_guessCoordinates,Randoop,16.67,NC,1,run-05-30sec,30461
S4,S4_guessParams,Randoop,66.67,NC,1296,run-05-30sec,31204
O1,O1_fullCoverage,Randoop,13.33,NC,125,run-05-30sec,30556
O1,O1_guessImpossibleObject,Randoop,40.00,NC,1,run-05-30sec,30484
O1,O1_guessImpossibleOperationCount,Randoop,28.57,NC,5,run-05-30sec,30451
O1,O1_guessImpossibleOperationCountParams,Randoop,83.33,C,5,run-05-30sec,30463
O1,O1_guessImpossibleResult,Randoop,15.38,NC,125,run-05-30sec,30567
O1,O1_guessImpossibleResultAndOperationCount,Randoop,28.57,NC,25,run-05-30sec,30452
O1,O1_guessImpossibleResultAndOperationCountParams,Randoop,83.33,C,25,run-05-30sec,30458
O1,O1_guessImpossibleResultParams,Randoop,91.67,C,125,run-05-30sec,30476
O1,O1_guessObject,Randoop,40.00,NC,1,run-05-30sec,30385
O1,O1_guessOperationCount,Randoop,28.57,NC,5,run-05-30sec,30450
O1,O1_guessOperationCountParams,Randoop,83.33,NC,5,run-05-30sec,30469
O1,O1_guessResult,Randoop,15.38,NC,125,run-05-30sec,30583
O1,O1_guessResultAndOperationCount,Randoop,28.57,NC,25,run-05-30sec,30443
O1,O1_guessResultAndOperationCountParams,Randoop,83.33,NC,25,run-05-30sec,30511
O1,O1_guessResultParams,Randoop,100.00,C,125,run-05-30sec,30557
O1,O1_oneOperationNoCheck,Randoop,0.00,NC,5,run-05-30sec,30472
O1,O1_oneOperationParams,Randoop,100.00,C,5,run-05-30sec,30488
O1,O1_oneOperationWithCheck,Randoop,22.22,NC,5,run-05-30sec,30451
O1,O1_twoOperationsParams,Randoop,100.00,C,4999,run-05-30sec,4813
O1,O1_twoOperationsWithCheck,Randoop,18.18,NC,25,run-05-30sec,30453
O1,O1_twoOperationsWithNocheck,Randoop,0.00,NC,25,run-05-30sec,30443
O2,O2_guessResult,Randoop,13.33,NC,125,run-05-30sec,30551
O2,O2_guessResultParams,Randoop,100.00,C,125,run-05-30sec,30561
O3a,O3a_guessResult,Randoop,11.11,NC,125,run-05-30sec,30555
O3a,O3a_guessResultParams,Randoop,100.00,C,125,run-05-30sec,30479
O3b,O3b_guess,Randoop,33.33,NC,5,run-05-30sec,30454
O3b,O3b_guessImpossible,Randoop,33.33,NC,5,run-05-30sec,30451
O3b,O3b_validate,Randoop,33.33,NC,5,run-05-30sec,30406
O3c,O3c_guess,Randoop,33.33,NC,5,run-05-30sec,30452
O3c,O3c_guessImpossible,Randoop,33.33,NC,5,run-05-30sec,30443
O3c,O3c_validate,Randoop,33.33,NC,5,run-05-30sec,30448
O4,O4_guessImpossible,Randoop,11.76,NC,125,run-05-30sec,30556
O4,O4_guessImpossibleParams,Randoop,87.50,C,125,run-05-30sec,30554
O4,O4_guessResult,Randoop,11.76,NC,125,run-05-30sec,30506
O4,O4_guessResultParams,Randoop,87.50,NC,125,run-05-30sec,30579
G1,G1_guessType,Randoop,88.89,C,140,run-05-30sec,31048
G1,G1_guessTypeAndUse,Randoop,93.33,C,141,run-05-30sec,31346
G1,G1_guessTypeWithExtends,Randoop,88.89,C,32,run-05-30sec,30768
G1,G1_guessTypeWithExtendsAndUse,Randoop,93.33,C,33,run-05-30sec,30465
G2,G2_guessDescendant,Randoop,0.00,NC,1,run-05-30sec,30462
G2,G2_guessImpossible,Randoop,0.00,NC,1,run-05-30sec,30466
G2,G2_guessInteger,Randoop,0.00,NC,1,run-05-30sec,30449
G2,G2_guessIntegerNoHelp,Randoop,0.00,NC,1,run-05-30sec,30466
G2,G2_guessSafe,Randoop,0.00,NC,1,run-05-30sec,30470
G2,G2_guessSafeNoHelp,Randoop,0.00,NC,1,run-05-30sec,30467
L1,L1_abs,Randoop,100.00,C,25,run-05-30sec,30463
L1,L1_absImpossible,Randoop,66.67,C,25,run-05-30sec,30493
L1,L1_cbrt,Randoop,75.00,NC,5,run-05-30sec,30449
L1,L1_cos,Randoop,75.00,NC,5,run-05-30sec,30464
L1,L1_cosImpossible,Randoop,66.67,C,5,run-05-30sec,30451
L1,L1_log10GuessArgument,Randoop,100.00,C,5,run-05-30sec,30472
L1,L1_logGuessArgument,Randoop,100.00,C,5,run-05-30sec,30371
L1,L1_logGuessBase,Randoop,100.00,C,5,run-05-30sec,30452
L1,L1_logGuessBaseAndArgument,Randoop,100.00,C,25,run-05-30sec,30463
L1,L1_minMax,Randoop,66.67,NC,25,run-05-30sec,30449
L1,L1_minMaxImpossible,Randoop,66.67,C,25,run-05-30sec,30462
L1,L1_minMaxWithOrder,Randoop,66.67,NC,25,run-05-30sec,30454
L1,L1_powGuessBase,Randoop,75.00,NC,5,run-05-30sec,30459
L1,L1_powGuessBaseAndExponent,Randoop,75.00,NC,25,run-05-30sec,30457
L1,L1_powGuessExponent,Randoop,100.00,C,5,run-05-30sec,30458
L1,L1_sin,Randoop,75.00,NC,5,run-05-30sec,30455
L1,L1_sinImpossible,Randoop,66.67,C,5,run-05-30sec,30457
L1,L1_sqrt,Randoop,75.00,NC,5,run-05-30sec,30462
L1,L1_sqrtImpossible,Randoop,66.67,C,5,run-05-30sec,30462
L1,L1_tan,Randoop,75.00,NC,5,run-05-30sec,30466
L2,L2_add,Randoop,57.14,NC,289,run-05-30sec,30865
L2,L2_addWithCondition,Randoop,53.85,NC,4,run-05-30sec,30467
L2,L2_charAt,Randoop,0.00,NC,2,run-05-30sec,30462
L2,L2_compareTo,Randoop,55.56,NC,2,run-05-30sec,30466
L2,L2_compareToIgnoreCase,Randoop,55.56,NC,2,run-05-30sec,30457
L2,L2_equality,Randoop,55.56,NC,2,run-05-30sec,30451
L2,L2_equalityIgnoreCase,Randoop,55.56,NC,2,run-05-30sec,30463
L2,L2_indexOf,Randoop,50.00,NC,2,run-05-30sec,30459
L2,L2_length,Randoop,57.14,NC,2,run-05-30sec,30457
L2,L2_regionEquality,Randoop,50.00,NC,2,run-05-30sec,30723
L2,L2_startsEnds,Randoop,42.86,NC,2,run-05-30sec,30460
L2,L2_substring,Randoop,57.14,NC,2,run-05-30sec,30398
L2,L2_switchString,Randoop,50.00,NC,2,run-05-30sec,30462
L3,L3_guessDouble,Randoop,80.00,NC,6,run-05-30sec,30463
L3,L3_guessInteger,Randoop,80.00,NC,6,run-05-30sec,30463
L3,L3_integerOverflow,Randoop,100.00,C,4999,run-05-30sec,6510
L4,L4_guessElementAndIndex,Randoop,100.00,C,25,run-05-30sec,30454
L4,L4_guessElements,Randoop,83.33,NC,25,run-05-30sec,30458
L4,L4_guessGenericListWithElement,Randoop,0.00,NC,1,run-05-30sec,30460
L4,L4_guessGenericListWithSize,Randoop,0.00,NC,1,run-05-30sec,30377
L4,L4_guessGenericVectorWithElement,Randoop,0.00,NC,1,run-05-30sec,30419
L4,L4_guessGenericVectorWithSize,Randoop,0.00,NC,1,run-05-30sec,30466
L4,L4_guessIndices,Randoop,88.89,NC,25,run-05-30sec,30459
L4,L4_guessListWithSize,Randoop,0.00,NC,1,run-05-30sec,30454
L4,L4_guessSize,Randoop,83.33,NC,5,run-05-30sec,30464
L4,L4_guessSizeAndElements,Randoop,83.33,NC,125,run-05-30sec,30558
L4,L4_guessVectorWithSize,Randoop,0.00,NC,1,run-05-30sec,30405
LO,LO_associatesAPIGuessDate,Randoop,43.75,NC,2,run-05-30sec,30410
LO,LO_associatesAPIGuessValidDateFormat,Randoop,50.00,NC,2,run-05-30sec,30444
LO,LO_guessUUID,Randoop,33.33,NC,2,run-05-30sec,30457
LO,LO_guessValidUUID,Randoop,50.00,NC,2,run-05-30sec,30399
LO,LO_inheritsAPIGuessOneObject,Randoop,28.57,NC,1,run-05-30sec,30375
LO,LO_inheritsAPIGuessOnePrimitive,Randoop,66.67,NC,5,run-05-30sec,30448
LO,LO_inheritsAPIGuessTwoObjects,Randoop,16.67,NC,1,run-05-30sec,30459
LO,LO_inheritsAPIGuessTwoPrimitives,Randoop,83.33,NC,25,run-05-30sec,30464
LO,LO_regexCaseInsensitive,Randoop,71.43,NC,2,run-05-30sec,30478
LO,LO_regexCaseSensitive,Randoop,60.00,NC,2,run-05-30sec,30465
Others,Others_guess,Randoop,,EX,,run-05-30sec,400
Others,Others_guessEnum,Randoop,18.18,NC,1,run-05-30sec,30417
Others,Others_guessEnumOrdinal,Randoop,18.18,NC,1,run-05-30sec,30465
Others,Others_guessEnumString,Randoop,18.18,NC,1,run-05-30sec,30394
Others,Others_guessWithLength,Randoop,,EX,,run-05-30sec,400
Others,Others_iterateWithFor,Randoop,,EX,,run-05-30sec,401
Others,Others_iterateWithForeach,Randoop,,EX,,run-05-30sec,400
Others,Others_minMax,Randoop,66.67,NC,25,run-05-30sec,30481
Others,Others_minMaxImpossible,Randoop,66.67,C,25,run-05-30sec,30462
Others,Others_minMaxWithOrder,Randoop,66.67,NC,25,run-05-30sec,30461
Others,Others_switchEnum,Randoop,25.00,NC,1,run-05-30sec,30464
Others,Others_test,Randoop,100.00,C,5,run-05-30sec,30459
B1a,B1a_oneParamBoolean,Randoop,100.00,C,2,run-06-30sec,30480
B1a,B1a_oneParamByte,Randoop,100.00,C,256,run-06-30sec,30572
B1a,B1a_oneParamChar,Randoop,100.00,C,3071,run-06-30sec,31200
B1a,B1a_oneParamDouble,Randoop,100.00,C,2885,run-06-30sec,31104
B1a,B1a_oneParamFloat,Randoop,100.00,C,2962,run-06-30sec,31110
B1a,B1a_oneParamInt,Randoop,100.00,C,2724,run-06-30sec,31100
B1a,B1a_oneParamLong,Randoop,100.00,C,2987,run-06-30sec,31081
B1a,B1a_oneParamShort,Randoop,100.00,C,3013,run-06-30sec,31114
B1a,B1a_twoParamBoolean,Randoop,100.00,C,4,run-06-30sec,30464
B1a,B1a_twoParamByte,Randoop,100.00,C,4999,run-06-30sec,4717
B1a,B1a_twoParamChar,Randoop,100.00,C,4999,run-06-30sec,5115
B1a,B1a_twoParamDouble,Randoop,100.00,C,4999,run-06-30sec,4707
B1a,B1a_twoParamFloat,Randoop,100.00,C,4999,run-06-30sec,4807
B1a,B1a_twoParamInt,Randoop,100.00,C,4999,run-06-30sec,4710
B1a,B1a_twoParamLong,Randoop,100.00,C,4999,run-06-30sec,4711
B1a,B1a_twoParamShort,Randoop,100.00,C,4999,run-06-30sec,4808
B1b,B1b_constBoolean,Randoop,100.00,C,1,run-06-30sec,30434
B1b,B1b_constByte,Randoop,100.00,C,1,run-06-30sec,30455
B1b,B1b_constChar,Randoop,100.00,C,1,run-06-30sec,30455
B1b,B1b_constDouble,Randoop,100.00,C,1,run-06-30sec,30468
B1b,B1b_constFloat,Randoop,100.00,C,1,run-06-30sec,30386
B1b,B1b_constInt,Randoop,100.00,C,1,run-06-30sec,30456
B1b,B1b_constLong,Randoop,100.00,C,1,run-06-30sec,30457
B1b,B1b_constShort,Randoop,100.00,C,1,run-06-30sec,30451
B1c,B1c_add,Randoop,100.00,C,4999,run-06-30sec,4610
B1c,B1c_addAssignment,Randoop,100.00,C,4999,run-06-30sec,4713
B1c,B1c_divide,Randoop,100.00,C,49,run-06-30sec,30458
B1c,B1c_divideAssignment,Randoop,100.00,C,49,run-06-30sec,30465
B1c,B1c_modulo,Randoop,100.00,C,25,run-06-30sec,30464
B1c,B1c_moduloAssignment,Randoop,100.00,C,25,run-06-30sec,30461
B1c,B1c_multiply,Randoop,100.00,C,4096,run-06-30sec,31270
B1c,B1c_multiplyAssignment,Randoop,100.00,C,4096,run-06-30sec,31265
B1c,B1c_postfixMinusMinus,Randoop,100.00,C,3041,run-06-30sec,31098
B1c,B1c_postfixPlusplus,Randoop,100.00,C,2921,run-06-30sec,31089
B1c,B1c_substract,Randoop,100.00,C,4999,run-06-30sec,4751
B1c,B1c_substractAssignment,Randoop,100.00,C,4999,run-06-30sec,4712
B1c,B1c_unaryMinus,Randoop,100.00,C,7,run-06-30sec,30469
B1c,B1c_unaryMinusMinus,Randoop,100.00,C,2994,run-06-30sec,31403
B1c,B1c_unaryPlus,Randoop,100.00,C,5,run-06-30sec,30785
B1c,B1c_unaryPlusPlus,Randoop,100.00,C,3096,run-06-30sec,31105
B1d,B1d_and,Randoop,100.00,C,4,run-06-30sec,30477
B1d,B1d_equal,Randoop,100.00,C,25,run-06-30sec,30463
B1d,B1d_greater,Randoop,100.00,C,25,run-06-30sec,30466
B1d,B1d_greaterOrEqual,Randoop,100.00,C,25,run-06-30sec,30463
B1d,B1d_negate,Randoop,100.00,C,2,run-06-30sec,30466
B1d,B1d_notEqual,Randoop,100.00,C,25,run-06-30sec,30466
B1d,B1d_or,Randoop,100.00,C,4,run-06-30sec,30463
B1d,B1d_smaller,Randoop,100.00,C,25,run-06-30sec,30393
B1d,B1d_smallerOrEqual,Randoop,100.00,C,25,run-06-30sec,30465
B1e,B1e_and,Randoop,100.00,C,25,run-06-30sec,30460
B1e,B1e_andAssignment,Randoop,100.00,C,25,run-06-30sec,30474
B1e,B1e_negate,Randoop,100.00,C,8,run-06-30sec,30468
B1e,B1e_or,Randoop,100.00,C,81,run-06-30sec,30513
B1e,B1e_orAssignment,Randoop,100.00,C,81,run-06-30sec,30496
B1e,B1e_shiftLeft,Randoop,100.00,C,4999,run-06-30sec,4911
B1e,B1e_shiftLeftAssignment,Randoop,100.00,C,4999,run-06-30sec,4911
B1e,B1e_shiftRight,Randoop,100.00,C,144,run-06-30sec,30573
B1e,B1e_shiftRightAssignment,Randoop,100.00,C,144,run-06-30sec,30514
B1e,B1e_shiftRightUnsigned,Randoop,100.00,C,1681,run-06-30sec,30970
B1e,B1e_shiftRightUnsignedAssignment,Randoop,100.00,C,1681,run-06-30sec,30868
B1e,B1e_xor,Randoop,100.00,C,256,run-06-30sec,30570
B1e,B1e_xorAssignment,Randoop,100.00,C,256,run-06-30sec,30557
B2a,B2a_oneParamBoolean,Randoop,100.00,C,2,run-06-30sec,30470
B2a,B2a_oneParamDouble,Randoop,85.71,NC,5,run-06-30sec,30465
B2a,B2a_oneParamInt,Randoop,85.71,NC,5,run-06-30sec,30480
B2a,B2a_twoParamsBoolean,Randoop,72.73,C,4,run-06-30sec,30466
B2a,B2a_twoParamsDouble,Randoop,84.62,C,25,run-06-30sec,30456
B2a,B2a_twoParamsInt,Randoop,84.62,C,64,run-06-30sec,30483
B2b,B2b_oneParamBoolean,Randoop,100.00,C,2,run-06-30sec,30478
B2b,B2b_oneParamInt,Randoop,100.00,C,5,run-06-30sec,30466
B2b,B2b_twoParamsBoolean,Randoop,100.00,C,4,run-06-30sec,30562
B2b,B2b_twoParamsInt,Randoop,100.00,C,25,run-06-30sec,30462
B2c,B2c_missingBreaks,Randoop,85.71,NC,5,run-06-30sec,30391
B2c,B2c_simple,Randoop,77.78,NC,5,run-06-30sec,30464
B2c,B2c_withReturn,Randoop,71.43,NC,5,run-06-30sec,30467
B2d,B2d_oneParamDouble,Randoop,66.67,NC,5,run-06-30sec,30468
B2d,B2d_oneParamFloat,Randoop,66.67,NC,5,run-06-30sec,30460
B2d,B2d_oneParamInt,Randoop,66.67,NC,5,run-06-30sec,30407
B2d,B2d_oneParamIntNoSolution,Randoop,66.67,C,5,run-06-30sec,30406
B2d,B2d_quadraticDouble,Randoop,80.00,NC,25,run-06-30sec,30470
B2d,B2d_quadraticDoubleNoSolution,Randoop,80.00,C,25,run-06-30sec,30459
B2d,B2d_quadraticFloat,Randoop,80.00,NC,25,run-06-30sec,30460
B2d,B2d_quadraticFloatNoSolution,Randoop,80.00,C,25,run-06-30sec,30488
B2d,B2d_quadraticInt,Randoop,80.00,NC,25,run-06-30sec,30501
B2d,B2d_quadraticIntNoSolution,Randoop,80.00,C,25,run-06-30sec,30485
B2d,B2d_threeParamsDouble,Randoop,83.33,NC,125,run-06-30sec,30568
B2d,B2d_threeParamsFloat,Randoop,83.33,NC,125,run-06-30sec,30551
B2d,B2d_threeParamsInt,Randoop,83.33,NC,125,run-06-30sec,30507
B2d,B2d_threeParamsIntNoSolution,Randoop,83.33,C,125,run-06-30sec,30493
B2d,B2d_twoParamsDouble,Randoop,80.00,NC,25,run-06-30sec,30472
B2d,B2d_twoParamsFloat,Randoop,80.00,NC,25,run-06-30sec,30461
B2d,B2d_twoParamsInt,Randoop,80.00,NC,25,run-06-30sec,30468
B2d,B2d_twoParamsIntNoSolution,Randoop,80.00,C,25,run-06-30sec,30489
B3a,B3a_complex,Randoop,94.12,C,4999,run-06-30sec,4515
B3a,B3a_infinite,Randoop,0.00,C,0,run-06-30sec,30428
B3a,B3a_infiniteNotOptimalizable,Randoop,0.00,C,0,run-06-30sec,30427
B3a,B3a_nestedLoop,Randoop,100.00,C,50,run-06-30sec,30958
B3a,B3a_nestedLoopWithLabel,Randoop,85.71,NC,32,run-06-30sec,34726
B3a,B3a_withConditionAndLimit,Randoop,100.00,C,6,run-06-30sec,30472
B3a,B3a_withConditionNoLimit,Randoop,100.00,C,8,run-06-30sec,30463
B3a,B3a_withContinueBreak,Randoop,100.00,C,8,run-06-30sec,30471
B3a,B3a_withLimit,Randoop,100.00,C,6,run-06-30sec,30460
B3b,B3b_complex,Randoop,92.86,C,4999,run-06-30sec,4610
B3b,B3b_infinite,Randoop,0.00,C,0,run-06-30sec,30429
B3b,B3b_infiniteNotOptimalizable,Randoop,0.00,C,0,run-06-30sec,30433
B3b,B3b_nestedLoop,Randoop,100.00,C,69,run-06-30sec,89272
B3b,B3b_nestedLoopWithLabel,Randoop,81.82,NC,24,run-06-30sec,69350
B3b,B3b_withConditionAndLimit,Randoop,100.00,C,6,run-06-30sec,30424
B3b,B3b_withConditionNoLimit,Randoop,100.00,C,8,run-06-30sec,30466
B3b,B3b_withContinueBreak,Randoop,100.00,C,8,run-06-30sec,30460
B3b,B3b_withLimit,Randoop,100.00,C,6,run-06-30sec,30467
B3c,B3c_complex,Randoop,94.12,C,4999,run-06-30sec,4909
B3c,B3c_infinite,Randoop,0.00,C,0,run-06-30sec,30435
B3c,B3c_infiniteNotOptimalizable,Randoop,0.00,C,0,run-06-30sec,30428
B3c,B3c_nestedLoop,Randoop,100.00,C,93,run-06-30sec,34834
B3c,B3c_nestedLoopWithLabel,Randoop,85.71,NC,37,run-06-30sec,31723
B3c,B3c_withConditionAndLimit,Randoop,100.00,C,6,run-06-30sec,30412
B3c,B3c_withConditionNoLimit,Randoop,100.00,C,8,run-06-30sec,30457
B3c,B3c_withContinueBreak,Randoop,100.00,C,8,run-06-30sec,30464
B3c,B3c_withLimit,Randoop,100.00,C,6,run-06-30sec,30454
B4a,B4a_fromParams,Randoop,75.00,NC,125,run-06-30sec,30559
B4a,B4a_fromParamsWithIndex,Randoop,83.33,NC,625,run-06-30sec,30679
B4a,B4a_guessLength,Randoop,100.00,C,5,run-06-30sec,30488
B4a,B4a_guessOneArray,Randoop,,EX,,run-06-30sec,400
B4a,B4a_guessOneArrayWithLength,Randoop,,EX,,run-06-30sec,401
B4a,B4a_indexParam,Randoop,83.33,NC,5,run-06-30sec,30462
B4a,B4a_iterateWithFor,Randoop,,EX,,run-06-30sec,402
B4a,B4a_iterateWithForeach,Randoop,,EX,,run-06-30sec,400
B4a,B4a_twoArrays,Randoop,,EX,,run-06-30sec,400
B4b,B4b_fromParams,Randoop,75.00,NC,125,run-06-30sec,30554
B4b,B4b_fromParamsWithIndex,Randoop,75.00,NC,625,run-06-30sec,30663
B4b,B4b_guessLength,Randoop,100.00,C,5,run-06-30sec,30464
B4b,B4b_guessOneArray,Randoop,,EX,,run-06-30sec,400
B4b,B4b_guessOneArrayWithLength,Randoop,,EX,,run-06-30sec,400
B4b,B4b_indexParam,Randoop,75.00,NC,5,run-06-30sec,30473
B4b,B4b_iterateWithFor,Randoop,,EX,,run-06-30sec,400
B4b,B4b_iterateWithForeach,Randoop,,EX,,run-06-30sec,400
B4b,B4b_twoArrays,Randoop,,EX,,run-06-30sec,400
B5a1,B5a1_conditionalCall,Randoop,100.00,C,162,run-06-30sec,30771
B5a1,B5a1_simple,Randoop,100.00,C,64,run-06-30sec,30456
B5a1,B5a1_useReturnValue,Randoop,100.00,C,25,run-06-30sec,30572
B5a2,B5a2_conditionalCall,Randoop,100.00,C,162,run-06-30sec,30504
B5a2,B5a2_simple,Randoop,100.00,C,64,run-06-30sec,30448
B5a2,B5a2_useReturnValue,Randoop,100.00,C,25,run-06-30sec,30471
B5b1,B5b1_fibonacci,Randoop,100.00,C,6,run-06-30sec,30460
B5b1,B5b1_simple,Randoop,100.00,C,5,run-06-30sec,30461
B5b2,B5b2_fibonacci,Randoop,100.00,C,4,run-06-30sec,30456
B5b2,B5b2_simple,Randoop,100.00,C,6,run-06-30sec,30458
B6a,B6a_always,Randoop,100.00,C,1,run-06-30sec,30382
B6a,B6a_call,Randoop,100.00,C,64,run-06-30sec,30414
B6a,B6a_conditionalAndLoop,Randoop,100.00,C,5,run-06-30sec,30462
B6a,B6a_recursive,Randoop,100.00,C,5,run-06-30sec,30455
B6a,B6a_tryCatch,Randoop,100.00,C,64,run-06-30sec,30463
B6a,B6a_tryCatchFinally,Randoop,100.00,C,729,run-06-30sec,30696
B6b,B6b_always,Randoop,100.00,C,1,run-06-30sec,30450
B6b,B6b_call,Randoop,100.00,C,64,run-06-30sec,30453
B6b,B6b_conditionalAndLoop,Randoop,100.00,C,5,run-06-30sec,30403
B6b,B6b_recursive,Randoop,100.00,C,5,run-06-30sec,30462
B6b,B6b_tryCatch,Randoop,100.00,C,64,run-06-30sec,30452
B6b,B6b_tryCatchFinally,Randoop,100.00,C,729,run-06-30sec,30763
B6c,B6c_arithmeticException,Randoop,100.00,C,2,run-06-30sec,30458
B6c,B6c_arrayIndexOutOfBoundsException,Randoop,100.00,C,2,run-06-30sec,30461
B6c,B6c_classCastException,Randoop,100.00,C,2,run-06-30sec,30460
B6c,B6c_illegalArgumentException,Randoop,100.00,C,2,run-06-30sec,30465
B6c,B6c_illegalStateException,Randoop,100.00,C,2,run-06-30sec,30448
B6c,B6c_indexOutOfBoundsException,Randoop,100.00,C,2,run-06-30sec,30410
B6c,B6c_nullPointerException,Randoop,100.00,C,2,run-06-30sec,30464
B6c,B6c_securityException,Randoop,100.00,C,2,run-06-30sec,30467
B6c,B6c_unsupportedOperationException,Randoop,100.00,C,2,run-06-30sec,30455
S1,S1_returnStructure,Randoop,40.00,NC,1,run-06-30sec,30403
S1,S1_returnStructureParams,Randoop,100.00,C,25,run-06-30sec,30478
S1,S1_useStructure,Randoop,66.67,NC,1,run-06-30sec,30468
S1,S1_useStructureParams,Randoop,100.00,C,4999,run-06-30sec,4713
S2,S2_oneStructure,Randoop,18.18,NC,1,run-06-30sec,30394
S2,S2_oneStructureParams,Randoop,100.00,C,64,run-06-30sec,30474
S2,S2_twoStructures,Randoop,14.29,NC,1,run-06-30sec,30461
S2,S2_twoStructuresParams,Randoop,100.00,C,4096,run-06-30sec,31260
S3,S3_arrayOfStructures,Randoop,,EX,,run-06-30sec,400
S3,S3_arrayOfStructuresParams,Randoop,,EX,,run-06-30sec,400
S3,S3_noLimit,Randoop,25.00,NC,5,run-06-30sec,30457
S3,S3_noLimitParams,Randoop,100.00,C,343,run-06-30sec,30562
S3,S3_withLimit,Randoop,25.00,NC,5,run-06-30sec,30489
S3,S3_withLimitParams,Randoop,100.00,C,216,run-06-30sec,30556
S4,S4_guess,Randoop,22.22,NC,1,run-06-30sec,30470
S4,S4_guessCoordinates,Randoop,16.67,NC,1,run-06-30sec,30462
S4,S4_guessParams,Randoop,66.67,NC,1296,run-06-30sec,30868
O1,O1_fullCoverage,Randoop,13.33,NC,125,run-06-30sec,30550
O1,O1_guessImpossibleObject,Randoop,40.00,NC,1,run-06-30sec,30468
O1,O1_guessImpossibleOperationCount,Randoop,28.57,NC,5,run-06-30sec,30461
O1,O1_guessImpossibleOperationCountParams,Randoop,83.33,C,5,run-06-30sec,30468
O1,O1_guessImpossibleResult,Randoop,15.38,NC,125,run-06-30sec,30680
O1,O1_guessImpossibleResultAndOperationCount,Randoop,28.57,NC,25,run-06-30sec,30456
O1,O1_guessImpossibleResultAndOperationCountParams,Randoop,83.33,C,25,run-06-30sec,30478
O1,O1_guessImpossibleResultParams,Randoop,91.67,C,125,run-06-30sec,30562
O1,O1_guessObject,Randoop,40.00,NC,1,run-06-30sec,30453
O1,O1_guessOperationCount,Randoop,28.57,NC,5,run-06-30sec,30771
O1,O1_guessOperationCountParams,Randoop,83.33,NC,5,run-06-30sec,30388
O1,O1_guessResult,Randoop,15.38,NC,125,run-06-30sec,30567
O1,O1_guessResultAndOperationCount,Randoop,28.57,NC,25,run-06-30sec,30458
O1,O1_guessResultAndOperationCountParams,Randoop,83.33,NC,25,run-06-30sec,30418
O1,O1_guessResultParams,Randoop,100.00,C,125,run-06-30sec,30561
O1,O1_oneOperationNoCheck,Randoop,0.00,NC,5,run-06-30sec,30398
O1,O1_oneOperationParams,Randoop,100.00,C,5,run-06-30sec,30451
O1,O1_oneOperationWithCheck,Randoop,22.22,NC,5,run-06-30sec,30456
O1,O1_twoOperationsParams,Randoop,100.00,C,4999,run-06-30sec,4708
O1,O1_twoOperationsWithCheck,Randoop,18.18,NC,25,run-06-30sec,30483
O1,O1_twoOperationsWithNocheck,Randoop,0.00,NC,25,run-06-30sec,30456
O2,O2_guessResult,Randoop,13.33,NC,125,run-06-30sec,30564
O2,O2_guessResultParams,Randoop,100.00,C,125,run-06-30sec,30594
O3a,O3a_guessResult,Randoop,11.11,NC,125,run-06-30sec,30565
O3a,O3a_guessResultParams,Randoop,100.00,C,125,run-06-30sec,30555
O3b,O3b_guess,Randoop,33.33,NC,5,run-06-30sec,30459
O3b,O3b_guessImpossible,Randoop,33.33,NC,5,run-06-30sec,30451
O3b,O3b_validate,Randoop,33.33,NC,5,run-06-30sec,30448
O3c,O3c_guess,Randoop,33.33,NC,5,run-06-30sec,30475
O3c,O3c_guessImpossible,Randoop,33.33,NC,5,run-06-30sec,30454
O3c,O3c_validate,Randoop,33.33,NC,5,run-06-30sec,30453
O4,O4_guessImpossible,Randoop,11.76,NC,125,run-06-30sec,30765
O4,O4_guessImpossibleParams,Randoop,87.50,C,125,run-06-30sec,30554
O4,O4_guessResult,Randoop,11.76,NC,125,run-06-30sec,30555
O4,O4_guessResultParams,Randoop,87.50,NC,125,run-06-30sec,30575
G1,G1_guessType,Randoop,88.89,C,140,run-06-30sec,31043
G1,G1_guessTypeAndUse,Randoop,93.33,C,141,run-06-30sec,31054
G1,G1_guessTypeWithExtends,Randoop,88.89,C,32,run-06-30sec,30454
G1,G1_guessTypeWithExtendsAndUse,Randoop,93.33,C,33,run-06-30sec,30457
G2,G2_guessDescendant,Randoop,0.00,NC,1,run-06-30sec,30452
G2,G2_guessImpossible,Randoop,0.00,NC,1,run-06-30sec,30467
G2,G2_guessInteger,Randoop,0.00,NC,1,run-06-30sec,30470
G2,G2_guessIntegerNoHelp,Randoop,0.00,NC,1,run-06-30sec,30471
G2,G2_guessSafe,Randoop,0.00,NC,1,run-06-30sec,30493
G2,G2_guessSafeNoHelp,Randoop,0.00,NC,1,run-06-30sec,30726
L1,L1_abs,Randoop,100.00,C,25,run-06-30sec,30462
L1,L1_absImpossible,Randoop,66.67,C,25,run-06-30sec,30447
L1,L1_cbrt,Randoop,75.00,NC,5,run-06-30sec,30455
L1,L1_cos,Randoop,75.00,NC,5,run-06-30sec,30483
L1,L1_cosImpossible,Randoop,66.67,C,5,run-06-30sec,30462
L1,L1_log10GuessArgument,Randoop,100.00,C,5,run-06-30sec,30456
L1,L1_logGuessArgument,Randoop,100.00,C,5,run-06-30sec,30457
L1,L1_logGuessBase,Randoop,100.00,C,5,run-06-30sec,30398
L1,L1_logGuessBaseAndArgument,Randoop,100.00,C,25,run-06-30sec,30452
L1,L1_minMax,Randoop,66.67,NC,25,run-06-30sec,30461
L1,L1_minMaxImpossible,Randoop,66.67,C,25,run-06-30sec,30460
L1,L1_minMaxWithOrder,Randoop,66.67,NC,25,run-06-30sec,30457
L1,L1_powGuessBase,Randoop,75.00,NC,5,run-06-30sec,30455
L1,L1_powGuessBaseAndExponent,Randoop,75.00,NC,25,run-06-30sec,30462
L1,L1_powGuessExponent,Randoop,100.00,C,5,run-06-30sec,30465
L1,L1_sin,Randoop,75.00,NC,5,run-06-30sec,30461
L1,L1_sinImpossible,Randoop,66.67,C,5,run-06-30sec,30465
L1,L1_sqrt,Randoop,75.00,NC,5,run-06-30sec,30461
L1,L1_sqrtImpossible,Randoop,66.67,C,5,run-06-30sec,30459
L1,L1_tan,Randoop,75.00,NC,5,run-06-30sec,30454
L2,L2_add,Randoop,57.14,NC,289,run-06-30sec,30556
L2,L2_addWithCondition,Randoop,53.85,NC,4,run-06-30sec,30464
L2,L2_charAt,Randoop,0.00,NC,2,run-06-30sec,30468
L2,L2_compareTo,Randoop,55.56,NC,2,run-06-30sec,30463
L2,L2_compareToIgnoreCase,Randoop,55.56,NC,2,run-06-30sec,30458
L2,L2_equality,Randoop,55.56,NC,2,run-06-30sec,30466
L2,L2_equalityIgnoreCase,Randoop,55.56,NC,2,run-06-30sec,30397
L2,L2_indexOf,Randoop,50.00,NC,2,run-06-30sec,30392
L2,L2_length,Randoop,57.14,NC,2,run-06-30sec,30395
L2,L2_regionEquality,Randoop,50.00,NC,2,run-06-30sec,30468
L2,L2_startsEnds,Randoop,42.86,NC,2,run-06-30sec,30496
L2,L2_substring,Randoop,57.14,NC,2,run-06-30sec,30458
L2,L2_switchString,Randoop,50.00,NC,2,run-06-30sec,30465
L3,L3_guessDouble,Randoop,80.00,NC,6,run-06-30sec,30667
L3,L3_guessInteger,Randoop,80.00,NC,6,run-06-30sec,30484
L3,L3_integerOverflow,Randoop,100.00,C,4999,run-06-30sec,6215
L4,L4_guessElementAndIndex,Randoop,100.00,C,25,run-06-30sec,30466
L4,L4_guessElements,Randoop,83.33,NC,25,run-06-30sec,30459
L4,L4_guessGenericListWithElement,Randoop,0.00,NC,1,run-06-30sec,30451
L4,L4_guessGenericListWithSize,Randoop,0.00,NC,1,run-06-30sec,30454
L4,L4_guessGenericVectorWithElement,Randoop,0.00,NC,1,run-06-30sec,30370
L4,L4_guessGenericVectorWithSize,Randoop,0.00,NC,1,run-06-30sec,30366
L4,L4_guessIndices,Randoop,88.89,NC,25,run-06-30sec,30459
L4,L4_guessListWithSize,Randoop,0.00,NC,1,run-06-30sec,30481
L4,L4_guessSize,Randoop,83.33,NC,5,run-06-30sec,30465
L4,L4_guessSizeAndElements,Randoop,83.33,NC,125,run-06-30sec,30496
L4,L4_guessVectorWithSize,Randoop,0.00,NC,1,run-06-30sec,30460
LO,LO_associatesAPIGuessDate,Randoop,43.75,NC,2,run-06-30sec,30453
LO,LO_associatesAPIGuessValidDateFormat,Randoop,50.00,NC,2,run-06-30sec,30445
LO,LO_guessUUID,Randoop,33.33,NC,2,run-06-30sec,30456
LO,LO_guessValidUUID,Randoop,50.00,NC,2,run-06-30sec,30457
LO,LO_inheritsAPIGuessOneObject,Randoop,28.57,NC,1,run-06-30sec,30463
LO,LO_inheritsAPIGuessOnePrimitive,Randoop,66.67,NC,5,run-06-30sec,30403
LO,LO_inheritsAPIGuessTwoObjects,Randoop,16.67,NC,1,run-06-30sec,30452
LO,LO_inheritsAPIGuessTwoPrimitives,Randoop,83.33,NC,25,run-06-30sec,30464
LO,LO_regexCaseInsensitive,Randoop,71.43,NC,2,run-06-30sec,30458
LO,LO_regexCaseSensitive,Randoop,60.00,NC,2,run-06-30sec,30462
Others,Others_guess,Randoop,,EX,,run-06-30sec,400
Others,Others_guessEnum,Randoop,18.18,NC,1,run-06-30sec,30473
Others,Others_guessEnumOrdinal,Randoop,18.18,NC,1,run-06-30sec,30468
Others,Others_guessEnumString,Randoop,18.18,NC,1,run-06-30sec,30462
Others,Others_guessWithLength,Randoop,,EX,,run-06-30sec,400
Others,Others_iterateWithFor,Randoop,,EX,,run-06-30sec,400
Others,Others_iterateWithForeach,Randoop,,EX,,run-06-30sec,400
Others,Others_minMax,Randoop,66.67,NC,25,run-06-30sec,30409
Others,Others_minMaxImpossible,Randoop,66.67,C,25,run-06-30sec,30456
Others,Others_minMaxWithOrder,Randoop,66.67,NC,25,run-06-30sec,30476
Others,Others_switchEnum,Randoop,25.00,NC,1,run-06-30sec,30457
Others,Others_test,Randoop,100.00,C,5,run-06-30sec,30454
B1a,B1a_oneParamBoolean,Randoop,100.00,C,2,run-07-30sec,30442
B1a,B1a_oneParamByte,Randoop,100.00,C,256,run-07-30sec,30572
B1a,B1a_oneParamChar,Randoop,100.00,C,2969,run-07-30sec,31259
B1a,B1a_oneParamDouble,Randoop,100.00,C,2857,run-07-30sec,31094
B1a,B1a_oneParamFloat,Randoop,100.00,C,2655,run-07-30sec,31298
B1a,B1a_oneParamInt,Randoop,100.00,C,2945,run-07-30sec,31091
B1a,B1a_oneParamLong,Randoop,100.00,C,2985,run-07-30sec,31195
B1a,B1a_oneParamShort,Randoop,100.00,C,2990,run-07-30sec,31092
B1a,B1a_twoParamBoolean,Randoop,100.00,C,4,run-07-30sec,30468
B1a,B1a_twoParamByte,Randoop,100.00,C,4999,run-07-30sec,5113
B1a,B1a_twoParamChar,Randoop,100.00,C,4999,run-07-30sec,5110
B1a,B1a_twoParamDouble,Randoop,100.00,C,4999,run-07-30sec,4813
B1a,B1a_twoParamFloat,Randoop,100.00,C,4999,run-07-30sec,4908
B1a,B1a_twoParamInt,Randoop,100.00,C,4999,run-07-30sec,4812
B1a,B1a_twoParamLong,Randoop,100.00,C,4999,run-07-30sec,4811
B1a,B1a_twoParamShort,Randoop,100.00,C,4999,run-07-30sec,4812
B1b,B1b_constBoolean,Randoop,100.00,C,1,run-07-30sec,30458
B1b,B1b_constByte,Randoop,100.00,C,1,run-07-30sec,30459
B1b,B1b_constChar,Randoop,100.00,C,1,run-07-30sec,30447
B1b,B1b_constDouble,Randoop,100.00,C,1,run-07-30sec,30469
B1b,B1b_constFloat,Randoop,100.00,C,1,run-07-30sec,30466
B1b,B1b_constInt,Randoop,100.00,C,1,run-07-30sec,30460
B1b,B1b_constLong,Randoop,100.00,C,1,run-07-30sec,30458
B1b,B1b_constShort,Randoop,100.00,C,1,run-07-30sec,30460
B1c,B1c_add,Randoop,100.00,C,4999,run-07-30sec,5008
B1c,B1c_addAssignment,Randoop,100.00,C,4999,run-07-30sec,4909
B1c,B1c_divide,Randoop,100.00,C,49,run-07-30sec,30547
B1c,B1c_divideAssignment,Randoop,100.00,C,49,run-07-30sec,30467
B1c,B1c_modulo,Randoop,100.00,C,25,run-07-30sec,30465
B1c,B1c_moduloAssignment,Randoop,100.00,C,25,run-07-30sec,30463
B1c,B1c_multiply,Randoop,100.00,C,4096,run-07-30sec,31271
B1c,B1c_multiplyAssignment,Randoop,100.00,C,4096,run-07-30sec,31267
B1c,B1c_postfixMinusMinus,Randoop,100.00,C,2913,run-07-30sec,31134
B1c,B1c_postfixPlusplus,Randoop,100.00,C,2987,run-07-30sec,31101
B1c,B1c_substract,Randoop,100.00,C,4999,run-07-30sec,4810
B1c,B1c_substractAssignment,Randoop,100.00,C,4999,run-07-30sec,4910
B1c,B1c_unaryMinus,Randoop,100.00,C,7,run-07-30sec,30464
B1c,B1c_unaryMinusMinus,Randoop,100.00,C,2903,run-07-30sec,31197
B1c,B1c_unaryPlus,Randoop,100.00,C,5,run-07-30sec,30478
B1c,B1c_unaryPlusPlus,Randoop,100.00,C,2872,run-07-30sec,31085
B1d,B1d_and,Randoop,100.00,C,4,run-07-30sec,30403
B1d,B1d_equal,Randoop,100.00,C,25,run-07-30sec,30478
B1d,B1d_greater,Randoop,100.00,C,25,run-07-30sec,30513
B1d,B1d_greaterOrEqual,Randoop,100.00,C,25,run-07-30sec,30480
B1d,B1d_negate,Randoop,100.00,C,2,run-07-30sec,30473
B1d,B1d_notEqual,Randoop,100.00,C,25,run-07-30sec,30476
B1d,B1d_or,Randoop,100.00,C,4,run-07-30sec,30459
B1d,B1d_smaller,Randoop,100.00,C,25,run-07-30sec,30465
B1d,B1d_smallerOrEqual,Randoop,100.00,C,25,run-07-30sec,30403
B1e,B1e_and,Randoop,100.00,C,25,run-07-30sec,30484
B1e,B1e_andAssignment,Randoop,100.00,C,25,run-07-30sec,30493
B1e,B1e_negate,Randoop,100.00,C,8,run-07-30sec,30403
B1e,B1e_or,Randoop,100.00,C,81,run-07-30sec,30570
B1e,B1e_orAssignment,Randoop,100.00,C,81,run-07-30sec,30466
B1e,B1e_shiftLeft,Randoop,100.00,C,4999,run-07-30sec,5210
B1e,B1e_shiftLeftAssignment,Randoop,100.00,C,4999,run-07-30sec,4813
B1e,B1e_shiftRight,Randoop,100.00,C,144,run-07-30sec,30572
B1e,B1e_shiftRightAssignment,Randoop,100.00,C,144,run-07-30sec,30566
B1e,B1e_shiftRightUnsigned,Randoop,100.00,C,1681,run-07-30sec,30980
B1e,B1e_shiftRightUnsignedAssignment,Randoop,100.00,C,1681,run-07-30sec,30954
B1e,B1e_xor,Randoop,100.00,C,256,run-07-30sec,30669
B1e,B1e_xorAssignment,Randoop,100.00,C,256,run-07-30sec,30590
B2a,B2a_oneParamBoolean,Randoop,100.00,C,2,run-07-30sec,30473
B2a,B2a_oneParamDouble,Randoop,85.71,NC,5,run-07-30sec,30480
B2a,B2a_oneParamInt,Randoop,85.71,NC,5,run-07-30sec,30493
B2a,B2a_twoParamsBoolean,Randoop,72.73,C,4,run-07-30sec,30473
B2a,B2a_twoParamsDouble,Randoop,84.62,C,25,run-07-30sec,30478
B2a,B2a_twoParamsInt,Randoop,84.62,C,64,run-07-30sec,30459
B2b,B2b_oneParamBoolean,Randoop,100.00,C,2,run-07-30sec,30443
B2b,B2b_oneParamInt,Randoop,100.00,C,5,run-07-30sec,30469
B2b,B2b_twoParamsBoolean,Randoop,100.00,C,4,run-07-30sec,30474
B2b,B2b_twoParamsInt,Randoop,100.00,C,25,run-07-30sec,30462
B2c,B2c_missingBreaks,Randoop,85.71,NC,5,run-07-30sec,30474
B2c,B2c_simple,Randoop,77.78,NC,5,run-07-30sec,30464
B2c,B2c_withReturn,Randoop,71.43,NC,5,run-07-30sec,30535
B2d,B2d_oneParamDouble,Randoop,66.67,NC,5,run-07-30sec,30477
B2d,B2d_oneParamFloat,Randoop,66.67,NC,5,run-07-30sec,30465
B2d,B2d_oneParamInt,Randoop,66.67,NC,5,run-07-30sec,30446
B2d,B2d_oneParamIntNoSolution,Randoop,66.67,C,5,run-07-30sec,30473
B2d,B2d_quadraticDouble,Randoop,80.00,NC,25,run-07-30sec,30466
B2d,B2d_quadraticDoubleNoSolution,Randoop,80.00,C,25,run-07-30sec,30559
B2d,B2d_quadraticFloat,Randoop,80.00,NC,25,run-07-30sec,30457
B2d,B2d_quadraticFloatNoSolution,Randoop,80.00,C,25,run-07-30sec,30461
B2d,B2d_quadraticInt,Randoop,80.00,NC,25,run-07-30sec,30475
B2d,B2d_quadraticIntNoSolution,Randoop,80.00,C,25,run-07-30sec,30462
B2d,B2d_threeParamsDouble,Randoop,83.33,NC,125,run-07-30sec,30565
B2d,B2d_threeParamsFloat,Randoop,83.33,NC,125,run-07-30sec,30563
B2d,B2d_threeParamsInt,Randoop,83.33,NC,125,run-07-30sec,30573
B2d,B2d_threeParamsIntNoSolution,Randoop,83.33,C,125,run-07-30sec,30573
B2d,B2d_twoParamsDouble,Randoop,80.00,NC,25,run-07-30sec,30467
B2d,B2d_twoParamsFloat,Randoop,80.00,NC,25,run-07-30sec,30454
B2d,B2d_twoParamsInt,Randoop,80.00,NC,25,run-07-30sec,30487
B2d,B2d_twoParamsIntNoSolution,Randoop,80.00,C,25,run-07-30sec,30479
B3a,B3a_complex,Randoop,94.12,C,4999,run-07-30sec,4611
B3a,B3a_infinite,Randoop,0.00,C,0,run-07-30sec,30383
B3a,B3a_infiniteNotOptimalizable,Randoop,0.00,C,0,run-07-30sec,30435
B3a,B3a_nestedLoop,Randoop,100.00,C,59,run-07-30sec,31730
B3a,B3a_nestedLoopWithLabel,Randoop,85.71,NC,84,run-07-30sec,34229
B3a,B3a_withConditionAndLimit,Randoop,100.00,C,6,run-07-30sec,30375
B3a,B3a_withConditionNoLimit,Randoop,100.00,C,8,run-07-30sec,30464
B3a,B3a_withContinueBreak,Randoop,100.00,C,8,run-07-30sec,30471
B3a,B3a_withLimit,Randoop,100.00,C,6,run-07-30sec,30391
B3b,B3b_complex,Randoop,92.86,C,4999,run-07-30sec,4710
B3b,B3b_infinite,Randoop,0.00,C,0,run-07-30sec,30436
B3b,B3b_infiniteNotOptimalizable,Randoop,0.00,C,0,run-07-30sec,30431
B3b,B3b_nestedLoop,Randoop,100.00,C,51,run-07-30sec,64343
B3b,B3b_nestedLoopWithLabel,Randoop,81.82,NC,94,run-07-30sec,31925
B3b,B3b_withConditionAndLimit,Randoop,100.00,C,6,run-07-30sec,30456
B3b,B3b_withConditionNoLimit,Randoop,100.00,C,8,run-07-30sec,30470
B3b,B3b_withContinueBreak,Randoop,100.00,C,8,run-07-30sec,30413
B3b,B3b_withLimit,Randoop,100.00,C,6,run-07-30sec,30472
B3c,B3c_complex,Randoop,94.12,C,4999,run-07-30sec,5109
B3c,B3c_infinite,Randoop,0.00,C,0,run-07-30sec,30437
B3c,B3c_infiniteNotOptimalizable,Randoop,0.00,C,0,run-07-30sec,30437
B3c,B3c_nestedLoop,Randoop,100.00,C,46,run-07-30sec,32425
B3c,B3c_nestedLoopWithLabel,Randoop,85.71,NC,40,run-07-30sec,30730
B3c,B3c_withConditionAndLimit,Randoop,100.00,C,6,run-07-30sec,30450
B3c,B3c_withConditionNoLimit,Randoop,100.00,C,8,run-07-30sec,30472
B3c,B3c_withContinueBreak,Randoop,100.00,C,8,run-07-30sec,30504
B3c,B3c_withLimit,Randoop,100.00,C,6,run-07-30sec,30463
B4a,B4a_fromParams,Randoop,75.00,NC,125,run-07-30sec,30603
B4a,B4a_fromParamsWithIndex,Randoop,83.33,NC,625,run-07-30sec,30673
B4a,B4a_guessLength,Randoop,100.00,C,5,run-07-30sec,30505
B4a,B4a_guessOneArray,Randoop,,EX,,run-07-30sec,400
B4a,B4a_guessOneArrayWithLength,Randoop,,EX,,run-07-30sec,401
B4a,B4a_indexParam,Randoop,83.33,NC,5,run-07-30sec,30467
B4a,B4a_iterateWithFor,Randoop,,EX,,run-07-30sec,501
B4a,B4a_iterateWithForeach,Randoop,,EX,,run-07-30sec,401
B4a,B4a_twoArrays,Randoop,,EX,,run-07-30sec,400
B4b,B4b_fromParams,Randoop,75.00,NC,125,run-07-30sec,30526
B4b,B4b_fromParamsWithIndex,Randoop,75.00,NC,625,run-07-30sec,30662
B4b,B4b_guessLength,Randoop,100.00,C,5,run-07-30sec,30478
B4b,B4b_guessOneArray,Randoop,,EX,,run-07-30sec,401
B4b,B4b_guessOneArrayWithLength,Randoop,,EX,,run-07-30sec,400
B4b,B4b_indexParam,Randoop,75.00,NC,5,run-07-30sec,30492
B4b,B4b_iterateWithFor,Randoop,,EX,,run-07-30sec,405
B4b,B4b_iterateWithForeach,Randoop,,EX,,run-07-30sec,401
B4b,B4b_twoArrays,Randoop,,EX,,run-07-30sec,400
B5a1,B5a1_conditionalCall,Randoop,100.00,C,162,run-07-30sec,30563
B5a1,B5a1_simple,Randoop,100.00,C,64,run-07-30sec,30474
B5a1,B5a1_useReturnValue,Randoop,100.00,C,25,run-07-30sec,30464
B5a2,B5a2_conditionalCall,Randoop,100.00,C,162,run-07-30sec,30561
B5a2,B5a2_simple,Randoop,100.00,C,64,run-07-30sec,30469
B5a2,B5a2_useReturnValue,Randoop,100.00,C,25,run-07-30sec,30461
B5b1,B5b1_fibonacci,Randoop,100.00,C,6,run-07-30sec,30488
B5b1,B5b1_simple,Randoop,100.00,C,5,run-07-30sec,30469
B5b2,B5b2_fibonacci,Randoop,100.00,C,4,run-07-30sec,30452
B5b2,B5b2_simple,Randoop,100.00,C,6,run-07-30sec,30494
B6a,B6a_always,Randoop,100.00,C,1,run-07-30sec,30451
B6a,B6a_call,Randoop,100.00,C,64,run-07-30sec,30478
B6a,B6a_conditionalAndLoop,Randoop,100.00,C,5,run-07-30sec,30454
B6a,B6a_recursive,Randoop,100.00,C,5,run-07-30sec,30418
B6a,B6a_tryCatch,Randoop,100.00,C,64,run-07-30sec,30461
B6a,B6a_tryCatchFinally,Randoop,100.00,C,729,run-07-30sec,30859
B6b,B6b_always,Randoop,100.00,C,1,run-07-30sec,30474
B6b,B6b_call,Randoop,100.00,C,64,run-07-30sec,30571
B6b,B6b_conditionalAndLoop,Randoop,100.00,C,5,run-07-30sec,30472
B6b,B6b_recursive,Randoop,100.00,C,5,run-07-30sec,30472
B6b,B6b_tryCatch,Randoop,100.00,C,64,run-07-30sec,30462
B6b,B6b_tryCatchFinally,Randoop,100.00,C,729,run-07-30sec,30763
B6c,B6c_arithmeticException,Randoop,100.00,C,2,run-07-30sec,30422
B6c,B6c_arrayIndexOutOfBoundsException,Randoop,100.00,C,2,run-07-30sec,30471
B6c,B6c_classCastException,Randoop,100.00,C,2,run-07-30sec,30470
B6c,B6c_illegalArgumentException,Randoop,100.00,C,2,run-07-30sec,30478
B6c,B6c_illegalStateException,Randoop,100.00,C,2,run-07-30sec,30462
B6c,B6c_indexOutOfBoundsException,Randoop,100.00,C,2,run-07-30sec,30469
B6c,B6c_nullPointerException,Randoop,100.00,C,2,run-07-30sec,30468
B6c,B6c_securityException,Randoop,100.00,C,2,run-07-30sec,30474
B6c,B6c_unsupportedOperationException,Randoop,100.00,C,2,run-07-30sec,30398
S1,S1_returnStructure,Randoop,40.00,NC,1,run-07-30sec,30468
S1,S1_returnStructureParams,Randoop,100.00,C,25,run-07-30sec,30461
S1,S1_useStructure,Randoop,66.67,NC,1,run-07-30sec,30466
S1,S1_useStructureParams,Randoop,100.00,C,4999,run-07-30sec,4917
S2,S2_oneStructure,Randoop,18.18,NC,1,run-07-30sec,30465
S2,S2_oneStructureParams,Randoop,100.00,C,64,run-07-30sec,30497
S2,S2_twoStructures,Randoop,14.29,NC,1,run-07-30sec,30468
S2,S2_twoStructuresParams,Randoop,100.00,C,4096,run-07-30sec,31381
S3,S3_arrayOfStructures,Randoop,,EX,,run-07-30sec,404
S3,S3_arrayOfStructuresParams,Randoop,,EX,,run-07-30sec,400
S3,S3_noLimit,Randoop,25.00,NC,5,run-07-30sec,30473
S3,S3_noLimitParams,Randoop,100.00,C,343,run-07-30sec,30590
S3,S3_withLimit,Randoop,25.00,NC,5,run-07-30sec,30462
S3,S3_withLimitParams,Randoop,100.00,C,216,run-07-30sec,30568
S4,S4_guess,Randoop,22.22,NC,1,run-07-30sec,30496
S4,S4_guessCoordinates,Randoop,16.67,NC,1,run-07-30sec,30554
S4,S4_guessParams,Randoop,66.67,NC,1296,run-07-30sec,30868
O1,O1_fullCoverage,Randoop,13.33,NC,125,run-07-30sec,30607
O1,O1_guessImpossibleObject,Randoop,40.00,NC,1,run-07-30sec,30469
O1,O1_guessImpossibleOperationCount,Randoop,28.57,NC,5,run-07-30sec,30929
O1,O1_guessImpossibleOperationCountParams,Randoop,83.33,C,5,run-07-30sec,30422
O1,O1_guessImpossibleResult,Randoop,15.38,NC,125,run-07-30sec,30624
O1,O1_guessImpossibleResultAndOperationCount,Randoop,28.57,NC,25,run-07-30sec,30457
O1,O1_guessImpossibleResultAndOperationCountParams,Randoop,83.33,C,25,run-07-30sec,30466
O1,O1_guessImpossibleResultParams,Randoop,91.67,C,125,run-07-30sec,30563
O1,O1_guessObject,Randoop,40.00,NC,1,run-07-30sec,30465
O1,O1_guessOperationCount,Randoop,28.57,NC,5,run-07-30sec,30551
O1,O1_guessOperationCountParams,Randoop,83.33,NC,5,run-07-30sec,30457
O1,O1_guessResult,Randoop,15.38,NC,125,run-07-30sec,30561
O1,O1_guessResultAndOperationCount,Randoop,28.57,NC,25,run-07-30sec,30456
O1,O1_guessResultAndOperationCountParams,Randoop,83.33,NC,25,run-07-30sec,30470
O1,O1_guessResultParams,Randoop,100.00,C,125,run-07-30sec,30723
O1,O1_oneOperationNoCheck,Randoop,0.00,NC,5,run-07-30sec,30442
O1,O1_oneOperationParams,Randoop,100.00,C,5,run-07-30sec,30476
O1,O1_oneOperationWithCheck,Randoop,22.22,NC,5,run-07-30sec,30559
O1,O1_twoOperationsParams,Randoop,100.00,C,4999,run-07-30sec,4911
O1,O1_twoOperationsWithCheck,Randoop,18.18,NC,25,run-07-30sec,30453
O1,O1_twoOperationsWithNocheck,Randoop,0.00,NC,25,run-07-30sec,30428
O2,O2_guessResult,Randoop,13.33,NC,125,run-07-30sec,30552
O2,O2_guessResultParams,Randoop,100.00,C,125,run-07-30sec,30557
O3a,O3a_guessResult,Randoop,11.11,NC,125,run-07-30sec,30573
O3a,O3a_guessResultParams,Randoop,100.00,C,125,run-07-30sec,30561
O3b,O3b_guess,Randoop,33.33,NC,5,run-07-30sec,30471
O3b,O3b_guessImpossible,Randoop,33.33,NC,5,run-07-30sec,30463
O3b,O3b_validate,Randoop,33.33,NC,5,run-07-30sec,30469
O3c,O3c_guess,Randoop,33.33,NC,5,run-07-30sec,30389
O3c,O3c_guessImpossible,Randoop,33.33,NC,5,run-07-30sec,30488
O3c,O3c_validate,Randoop,33.33,NC,5,run-07-30sec,30460
O4,O4_guessImpossible,Randoop,11.76,NC,125,run-07-30sec,30653
O4,O4_guessImpossibleParams,Randoop,87.50,C,125,run-07-30sec,30564
O4,O4_guessResult,Randoop,11.76,NC,125,run-07-30sec,30569
O4,O4_guessResultParams,Randoop,87.50,NC,125,run-07-30sec,30463
G1,G1_guessType,Randoop,88.89,C,140,run-07-30sec,31174
G1,G1_guessTypeAndUse,Randoop,93.33,C,141,run-07-30sec,31025
G1,G1_guessTypeWithExtends,Randoop,88.89,C,32,run-07-30sec,30484
G1,G1_guessTypeWithExtendsAndUse,Randoop,93.33,C,33,run-07-30sec,30456
G2,G2_guessDescendant,Randoop,0.00,NC,1,run-07-30sec,30478
G2,G2_guessImpossible,Randoop,0.00,NC,1,run-07-30sec,30468
G2,G2_guessInteger,Randoop,0.00,NC,1,run-07-30sec,30467
G2,G2_guessIntegerNoHelp,Randoop,0.00,NC,1,run-07-30sec,30420
G2,G2_guessSafe,Randoop,0.00,NC,1,run-07-30sec,30465
G2,G2_guessSafeNoHelp,Randoop,0.00,NC,1,run-07-30sec,30502
L1,L1_abs,Randoop,100.00,C,25,run-07-30sec,30563
L1,L1_absImpossible,Randoop,66.67,C,25,run-07-30sec,30469
L1,L1_cbrt,Randoop,75.00,NC,5,run-07-30sec,30469
L1,L1_cos,Randoop,75.00,NC,5,run-07-30sec,30464
L1,L1_cosImpossible,Randoop,66.67,C,5,run-07-30sec,30465
L1,L1_log10GuessArgument,Randoop,100.00,C,5,run-07-30sec,30468
L1,L1_logGuessArgument,Randoop,100.00,C,5,run-07-30sec,30458
L1,L1_logGuessBase,Randoop,100.00,C,5,run-07-30sec,30468
L1,L1_logGuessBaseAndArgument,Randoop,100.00,C,25,run-07-30sec,30468
L1,L1_minMax,Randoop,66.67,NC,25,run-07-30sec,30564
L1,L1_minMaxImpossible,Randoop,66.67,C,25,run-07-30sec,30464
L1,L1_minMaxWithOrder,Randoop,66.67,NC,25,run-07-30sec,30465
L1,L1_powGuessBase,Randoop,75.00,NC,5,run-07-30sec,30464
L1,L1_powGuessBaseAndExponent,Randoop,75.00,NC,25,run-07-30sec,30464
L1,L1_powGuessExponent,Randoop,100.00,C,5,run-07-30sec,30565
L1,L1_sin,Randoop,75.00,NC,5,run-07-30sec,30467
L1,L1_sinImpossible,Randoop,66.67,C,5,run-07-30sec,30475
L1,L1_sqrt,Randoop,75.00,NC,5,run-07-30sec,30494
L1,L1_sqrtImpossible,Randoop,66.67,C,5,run-07-30sec,30462
L1,L1_tan,Randoop,75.00,NC,5,run-07-30sec,30386
L2,L2_add,Randoop,57.14,NC,289,run-07-30sec,30676
L2,L2_addWithCondition,Randoop,53.85,NC,4,run-07-30sec,30374
L2,L2_charAt,Randoop,0.00,NC,2,run-07-30sec,30466
L2,L2_compareTo,Randoop,55.56,NC,2,run-07-30sec,30489
L2,L2_compareToIgnoreCase,Randoop,55.56,NC,2,run-07-30sec,30463
L2,L2_equality,Randoop,55.56,NC,2,run-07-30sec,30473
L2,L2_equalityIgnoreCase,Randoop,55.56,NC,2,run-07-30sec,30502
L2,L2_indexOf,Randoop,50.00,NC,2,run-07-30sec,30498
L2,L2_length,Randoop,57.14,NC,2,run-07-30sec,30456
L2,L2_regionEquality,Randoop,50.00,NC,2,run-07-30sec,30478
L2,L2_startsEnds,Randoop,42.86,NC,2,run-07-30sec,30471
L2,L2_substring,Randoop,57.14,NC,2,run-07-30sec,30501
L2,L2_switchString,Randoop,50.00,NC,2,run-07-30sec,30471
L3,L3_guessDouble,Randoop,80.00,NC,6,run-07-30sec,30460
L3,L3_guessInteger,Randoop,80.00,NC,6,run-07-30sec,30462
L3,L3_integerOverflow,Randoop,100.00,C,4999,run-07-30sec,7112
L4,L4_guessElementAndIndex,Randoop,100.00,C,25,run-07-30sec,30492
L4,L4_guessElements,Randoop,83.33,NC,25,run-07-30sec,30402
L4,L4_guessGenericListWithElement,Randoop,0.00,NC,1,run-07-30sec,30484
L4,L4_guessGenericListWithSize,Randoop,0.00,NC,1,run-07-30sec,30385
L4,L4_guessGenericVectorWithElement,Randoop,0.00,NC,1,run-07-30sec,30397
L4,L4_guessGenericVectorWithSize,Randoop,0.00,NC,1,run-07-30sec,30396
L4,L4_guessIndices,Randoop,88.89,NC,25,run-07-30sec,30464
L4,L4_guessListWithSize,Randoop,0.00,NC,1,run-07-30sec,30473
L4,L4_guessSize,Randoop,83.33,NC,5,run-07-30sec,30426
L4,L4_guessSizeAndElements,Randoop,83.33,NC,125,run-07-30sec,30458
L4,L4_guessVectorWithSize,Randoop,0.00,NC,1,run-07-30sec,30476
LO,LO_associatesAPIGuessDate,Randoop,43.75,NC,2,run-07-30sec,30461
LO,LO_associatesAPIGuessValidDateFormat,Randoop,50.00,NC,2,run-07-30sec,30457
LO,LO_guessUUID,Randoop,33.33,NC,2,run-07-30sec,30470
LO,LO_guessValidUUID,Randoop,50.00,NC,2,run-07-30sec,30462
LO,LO_inheritsAPIGuessOneObject,Randoop,28.57,NC,1,run-07-30sec,30408
LO,LO_inheritsAPIGuessOnePrimitive,Randoop,66.67,NC,5,run-07-30sec,30472
LO,LO_inheritsAPIGuessTwoObjects,Randoop,16.67,NC,1,run-07-30sec,30400
LO,LO_inheritsAPIGuessTwoPrimitives,Randoop,83.33,NC,25,run-07-30sec,30485
LO,LO_regexCaseInsensitive,Randoop,71.43,NC,2,run-07-30sec,30480
LO,LO_regexCaseSensitive,Randoop,60.00,NC,2,run-07-30sec,30459
Others,Others_guess,Randoop,,EX,,run-07-30sec,400
Others,Others_guessEnum,Randoop,18.18,NC,1,run-07-30sec,30467
Others,Others_guessEnumOrdinal,Randoop,18.18,NC,1,run-07-30sec,30439
Others,Others_guessEnumString,Randoop,18.18,NC,1,run-07-30sec,30465
Others,Others_guessWithLength,Randoop,,EX,,run-07-30sec,401
Others,Others_iterateWithFor,Randoop,,EX,,run-07-30sec,400
Others,Others_iterateWithForeach,Randoop,,EX,,run-07-30sec,400
Others,Others_minMax,Randoop,66.67,NC,25,run-07-30sec,30512
Others,Others_minMaxImpossible,Randoop,66.67,C,25,run-07-30sec,30464
Others,Others_minMaxWithOrder,Randoop,66.67,NC,25,run-07-30sec,30465
Others,Others_switchEnum,Randoop,25.00,NC,1,run-07-30sec,30466
Others,Others_test,Randoop,100.00,C,5,run-07-30sec,30447
B1a,B1a_oneParamBoolean,Randoop,100.00,C,2,run-08-30sec,30425
B1a,B1a_oneParamByte,Randoop,100.00,C,256,run-08-30sec,30578
B1a,B1a_oneParamChar,Randoop,100.00,C,2923,run-08-30sec,31320
B1a,B1a_oneParamDouble,Randoop,100.00,C,2772,run-08-30sec,31222
B1a,B1a_oneParamFloat,Randoop,100.00,C,2837,run-08-30sec,31119
B1a,B1a_oneParamInt,Randoop,100.00,C,2873,run-08-30sec,31250
B1a,B1a_oneParamLong,Randoop,100.00,C,2916,run-08-30sec,31138
B1a,B1a_oneParamShort,Randoop,100.00,C,2908,run-08-30sec,31086
B1a,B1a_twoParamBoolean,Randoop,100.00,C,4,run-08-30sec,30470
B1a,B1a_twoParamByte,Randoop,100.00,C,4999,run-08-30sec,4811
B1a,B1a_twoParamChar,Randoop,100.00,C,4999,run-08-30sec,5409
B1a,B1a_twoParamDouble,Randoop,100.00,C,4999,run-08-30sec,4708
B1a,B1a_twoParamFloat,Randoop,100.00,C,4999,run-08-30sec,5617
B1a,B1a_twoParamInt,Randoop,100.00,C,4999,run-08-30sec,5020
B1a,B1a_twoParamLong,Randoop,100.00,C,4999,run-08-30sec,4917
B1a,B1a_twoParamShort,Randoop,100.00,C,4999,run-08-30sec,5011
B1b,B1b_constBoolean,Randoop,100.00,C,1,run-08-30sec,30425
B1b,B1b_constByte,Randoop,100.00,C,1,run-08-30sec,30560
B1b,B1b_constChar,Randoop,100.00,C,1,run-08-30sec,30507
B1b,B1b_constDouble,Randoop,100.00,C,1,run-08-30sec,30464
B1b,B1b_constFloat,Randoop,100.00,C,1,run-08-30sec,30459
B1b,B1b_constInt,Randoop,100.00,C,1,run-08-30sec,30605
B1b,B1b_constLong,Randoop,100.00,C,1,run-08-30sec,30931
B1b,B1b_constShort,Randoop,100.00,C,1,run-08-30sec,30561
B1c,B1c_add,Randoop,100.00,C,4999,run-08-30sec,5416
B1c,B1c_addAssignment,Randoop,100.00,C,4999,run-08-30sec,5112
B1c,B1c_divide,Randoop,100.00,C,49,run-08-30sec,30459
B1c,B1c_divideAssignment,Randoop,100.00,C,49,run-08-30sec,30463
B1c,B1c_modulo,Randoop,100.00,C,25,run-08-30sec,30463
B1c,B1c_moduloAssignment,Randoop,100.00,C,25,run-08-30sec,30562
B1c,B1c_multiply,Randoop,100.00,C,4096,run-08-30sec,31273
B1c,B1c_multiplyAssignment,Randoop,100.00,C,4096,run-08-30sec,31417
B1c,B1c_postfixMinusMinus,Randoop,100.00,C,2832,run-08-30sec,31118
B1c,B1c_postfixPlusplus,Randoop,100.00,C,2719,run-08-30sec,31021
B1c,B1c_substract,Randoop,100.00,C,4999,run-08-30sec,4809
B1c,B1c_substractAssignment,Randoop,100.00,C,4999,run-08-30sec,4911
B1c,B1c_unaryMinus,Randoop,100.00,C,7,run-08-30sec,30457
B1c,B1c_unaryMinusMinus,Randoop,100.00,C,2856,run-08-30sec,31246
B1c,B1c_unaryPlus,Randoop,100.00,C,5,run-08-30sec,30496
B1c,B1c_unaryPlusPlus,Randoop,100.00,C,2893,run-08-30sec,31090
B1d,B1d_and,Randoop,100.00,C,4,run-08-30sec,30469
B1d,B1d_equal,Randoop,100.00,C,25,run-08-30sec,30420
B1d,B1d_greater,Randoop,100.00,C,25,run-08-30sec,30467
B1d,B1d_greaterOrEqual,Randoop,100.00,C,25,run-08-30sec,30574
B1d,B1d_negate,Randoop,100.00,C,2,run-08-30sec,30405
B1d,B1d_notEqual,Randoop,100.00,C,25,run-08-30sec,30471
B1d,B1d_or,Randoop,100.00,C,4,run-08-30sec,30475
B1d,B1d_smaller,Randoop,100.00,C,25,run-08-30sec,30486
B1d,B1d_smallerOrEqual,Randoop,100.00,C,25,run-08-30sec,30794
B1e,B1e_and,Randoop,100.00,C,25,run-08-30sec,30472
B1e,B1e_andAssignment,Randoop,100.00,C,25,run-08-30sec,30568
B1e,B1e_negate,Randoop,100.00,C,8,run-08-30sec,30472
B1e,B1e_or,Randoop,100.00,C,81,run-08-30sec,30456
B1e,B1e_orAssignment,Randoop,100.00,C,81,run-08-30sec,30480
B1e,B1e_shiftLeft,Randoop,100.00,C,4999,run-08-30sec,4911
B1e,B1e_shiftLeftAssignment,Randoop,100.00,C,4999,run-08-30sec,5913
B1e,B1e_shiftRight,Randoop,100.00,C,144,run-08-30sec,30560
B1e,B1e_shiftRightAssignment,Randoop,100.00,C,144,run-08-30sec,30587
B1e,B1e_shiftRightUnsigned,Randoop,100.00,C,1681,run-08-30sec,30891
B1e,B1e_shiftRightUnsignedAssignment,Randoop,100.00,C,1681,run-08-30sec,31203
B1e,B1e_xor,Randoop,100.00,C,256,run-08-30sec,30676
B1e,B1e_xorAssignment,Randoop,100.00,C,256,run-08-30sec,30569
B2a,B2a_oneParamBoolean,Randoop,100.00,C,2,run-08-30sec,30464
B2a,B2a_oneParamDouble,Randoop,85.71,NC,5,run-08-30sec,30472
B2a,B2a_oneParamInt,Randoop,85.71,NC,5,run-08-30sec,30465
B2a,B2a_twoParamsBoolean,Randoop,72.73,C,4,run-08-30sec,30461
B2a,B2a_twoParamsDouble,Randoop,84.62,C,25,run-08-30sec,30473
B2a,B2a_twoParamsInt,Randoop,84.62,C,64,run-08-30sec,30498
B2b,B2b_oneParamBoolean,Randoop,100.00,C,2,run-08-30sec,30467
B2b,B2b_oneParamInt,Randoop,100.00,C,5,run-08-30sec,30473
B2b,B2b_twoParamsBoolean,Randoop,100.00,C,4,run-08-30sec,30482
B2b,B2b_twoParamsInt,Randoop,100.00,C,25,run-08-30sec,30469
B2c,B2c_missingBreaks,Randoop,85.71,NC,5,run-08-30sec,30521
B2c,B2c_simple,Randoop,77.78,NC,5,run-08-30sec,30507
B2c,B2c_withReturn,Randoop,71.43,NC,5,run-08-30sec,30462
B2d,B2d_oneParamDouble,Randoop,66.67,NC,5,run-08-30sec,30427
B2d,B2d_oneParamFloat,Randoop,66.67,NC,5,run-08-30sec,30482
B2d,B2d_oneParamInt,Randoop,66.67,NC,5,run-08-30sec,30487
B2d,B2d_oneParamIntNoSolution,Randoop,66.67,C,5,run-08-30sec,30476
B2d,B2d_quadraticDouble,Randoop,80.00,NC,25,run-08-30sec,30471
B2d,B2d_quadraticDoubleNoSolution,Randoop,80.00,C,25,run-08-30sec,30531
B2d,B2d_quadraticFloat,Randoop,80.00,NC,25,run-08-30sec,30461
B2d,B2d_quadraticFloatNoSolution,Randoop,80.00,C,25,run-08-30sec,30476
B2d,B2d_quadraticInt,Randoop,80.00,NC,25,run-08-30sec,30493
B2d,B2d_quadraticIntNoSolution,Randoop,80.00,C,25,run-08-30sec,30470
B2d,B2d_threeParamsDouble,Randoop,83.33,NC,125,run-08-30sec,30521
B2d,B2d_threeParamsFloat,Randoop,83.33,NC,125,run-08-30sec,30567
B2d,B2d_threeParamsInt,Randoop,83.33,NC,125,run-08-30sec,30692
B2d,B2d_threeParamsIntNoSolution,Randoop,83.33,C,125,run-08-30sec,30573
B2d,B2d_twoParamsDouble,Randoop,80.00,NC,25,run-08-30sec,30479
B2d,B2d_twoParamsFloat,Randoop,80.00,NC,25,run-08-30sec,30525
B2d,B2d_twoParamsInt,Randoop,80.00,NC,25,run-08-30sec,30480
B2d,B2d_twoParamsIntNoSolution,Randoop,80.00,C,25,run-08-30sec,30461
B3a,B3a_complex,Randoop,94.12,C,4999,run-08-30sec,5112
B3a,B3a_infinite,Randoop,0.00,C,0,run-08-30sec,30431
B3a,B3a_infiniteNotOptimalizable,Randoop,0.00,C,0,run-08-30sec,30434
B3a,B3a_nestedLoop,Randoop,100.00,C,62,run-08-30sec,34989
B3a,B3a_nestedLoopWithLabel,Randoop,85.71,NC,48,run-08-30sec,33430
B3a,B3a_withConditionAndLimit,Randoop,100.00,C,6,run-08-30sec,30443
B3a,B3a_withConditionNoLimit,Randoop,100.00,C,8,run-08-30sec,30478
B3a,B3a_withContinueBreak,Randoop,100.00,C,8,run-08-30sec,30524
B3a,B3a_withLimit,Randoop,100.00,C,6,run-08-30sec,30451
B3b,B3b_complex,Randoop,92.86,C,4999,run-08-30sec,4810
B3b,B3b_infinite,Randoop,0.00,C,0,run-08-30sec,30437
B3b,B3b_infiniteNotOptimalizable,Randoop,0.00,C,0,run-08-30sec,30433
B3b,B3b_nestedLoop,Randoop,100.00,C,29,run-08-30sec,37129
B3b,B3b_nestedLoopWithLabel,Randoop,81.82,NC,40,run-08-30sec,64025
B3b,B3b_withConditionAndLimit,Randoop,100.00,C,6,run-08-30sec,30471
B3b,B3b_withConditionNoLimit,Randoop,100.00,C,8,run-08-30sec,30462
B3b,B3b_withContinueBreak,Randoop,100.00,C,8,run-08-30sec,30465
B3b,B3b_withLimit,Randoop,100.00,C,6,run-08-30sec,30504
B3c,B3c_complex,Randoop,94.12,C,4999,run-08-30sec,4709
B3c,B3c_infinite,Randoop,0.00,C,0,run-08-30sec,30429
B3c,B3c_infiniteNotOptimalizable,Randoop,0.00,C,0,run-08-30sec,30431
B3c,B3c_nestedLoop,Randoop,100.00,C,67,run-08-30sec,33236
B3c,B3c_nestedLoopWithLabel,Randoop,85.71,NC,27,run-08-30sec,33129
B3c,B3c_withConditionAndLimit,Randoop,100.00,C,6,run-08-30sec,30478
B3c,B3c_withConditionNoLimit,Randoop,100.00,C,8,run-08-30sec,30457
B3c,B3c_withContinueBreak,Randoop,100.00,C,8,run-08-30sec,30457
B3c,B3c_withLimit,Randoop,100.00,C,6,run-08-30sec,30451
B4a,B4a_fromParams,Randoop,75.00,NC,125,run-08-30sec,30512
B4a,B4a_fromParamsWithIndex,Randoop,83.33,NC,625,run-08-30sec,30773
B4a,B4a_guessLength,Randoop,100.00,C,5,run-08-30sec,30469
B4a,B4a_guessOneArray,Randoop,,EX,,run-08-30sec,400
B4a,B4a_guessOneArrayWithLength,Randoop,,EX,,run-08-30sec,401
B4a,B4a_indexParam,Randoop,83.33,NC,5,run-08-30sec,30483
B4a,B4a_iterateWithFor,Randoop,,EX,,run-08-30sec,601
B4a,B4a_iterateWithForeach,Randoop,,EX,,run-08-30sec,400
B4a,B4a_twoArrays,Randoop,,EX,,run-08-30sec,401
B4b,B4b_fromParams,Randoop,75.00,NC,125,run-08-30sec,30560
B4b,B4b_fromParamsWithIndex,Randoop,75.00,NC,625,run-08-30sec,30734
B4b,B4b_guessLength,Randoop,100.00,C,5,run-08-30sec,30468
B4b,B4b_guessOneArray,Randoop,,EX,,run-08-30sec,402
B4b,B4b_guessOneArrayWithLength,Randoop,,EX,,run-08-30sec,400
B4b,B4b_indexParam,Randoop,75.00,NC,5,run-08-30sec,30470
B4b,B4b_iterateWithFor,Randoop,,EX,,run-08-30sec,401
B4b,B4b_iterateWithForeach,Randoop,,EX,,run-08-30sec,400
B4b,B4b_twoArrays,Randoop,,EX,,run-08-30sec,400
B5a1,B5a1_conditionalCall,Randoop,100.00,C,162,run-08-30sec,30560
B5a1,B5a1_simple,Randoop,100.00,C,64,run-08-30sec,30464
B5a1,B5a1_useReturnValue,Randoop,100.00,C,25,run-08-30sec,30457
B5a2,B5a2_conditionalCall,Randoop,100.00,C,162,run-08-30sec,30621
B5a2,B5a2_simple,Randoop,100.00,C,64,run-08-30sec,30564
B5a2,B5a2_useReturnValue,Randoop,100.00,C,25,run-08-30sec,30430
B5b1,B5b1_fibonacci,Randoop,100.00,C,6,run-08-30sec,30567
B5b1,B5b1_simple,Randoop,100.00,C,5,run-08-30sec,30422
B5b2,B5b2_fibonacci,Randoop,100.00,C,4,run-08-30sec,30445
B5b2,B5b2_simple,Randoop,100.00,C,6,run-08-30sec,30465
B6a,B6a_always,Randoop,100.00,C,1,run-08-30sec,30460
B6a,B6a_call,Randoop,100.00,C,64,run-08-30sec,30524
B6a,B6a_conditionalAndLoop,Randoop,100.00,C,5,run-08-30sec,30514
B6a,B6a_recursive,Randoop,100.00,C,5,run-08-30sec,30474
B6a,B6a_tryCatch,Randoop,100.00,C,64,run-08-30sec,30498
B6a,B6a_tryCatchFinally,Randoop,100.00,C,729,run-08-30sec,30803
B6b,B6b_always,Randoop,100.00,C,1,run-08-30sec,30434
B6b,B6b_call,Randoop,100.00,C,64,run-08-30sec,30461
B6b,B6b_conditionalAndLoop,Randoop,100.00,C,5,run-08-30sec,30466
B6b,B6b_recursive,Randoop,100.00,C,5,run-08-30sec,30467
B6b,B6b_tryCatch,Randoop,100.00,C,64,run-08-30sec,30458
B6b,B6b_tryCatchFinally,Randoop,100.00,C,729,run-08-30sec,30774
B6c,B6c_arithmeticException,Randoop,100.00,C,2,run-08-30sec,30466
B6c,B6c_arrayIndexOutOfBoundsException,Randoop,100.00,C,2,run-08-30sec,30469
B6c,B6c_classCastException,Randoop,100.00,C,2,run-08-30sec,30470
B6c,B6c_illegalArgumentException,Randoop,100.00,C,2,run-08-30sec,30466
B6c,B6c_illegalStateException,Randoop,100.00,C,2,run-08-30sec,30473
B6c,B6c_indexOutOfBoundsException,Randoop,100.00,C,2,run-08-30sec,30466
B6c,B6c_nullPointerException,Randoop,100.00,C,2,run-08-30sec,30471
B6c,B6c_securityException,Randoop,100.00,C,2,run-08-30sec,30477
B6c,B6c_unsupportedOperationException,Randoop,100.00,C,2,run-08-30sec,30426
S1,S1_returnStructure,Randoop,40.00,NC,1,run-08-30sec,30443
S1,S1_returnStructureParams,Randoop,100.00,C,25,run-08-30sec,30550
S1,S1_useStructure,Randoop,66.67,NC,1,run-08-30sec,30480
S1,S1_useStructureParams,Randoop,100.00,C,4999,run-08-30sec,5016
S2,S2_oneStructure,Randoop,18.18,NC,1,run-08-30sec,30471
S2,S2_oneStructureParams,Randoop,100.00,C,64,run-08-30sec,30461
S2,S2_twoStructures,Randoop,14.29,NC,1,run-08-30sec,30469
S2,S2_twoStructuresParams,Randoop,100.00,C,4096,run-08-30sec,31373
S3,S3_arrayOfStructures,Randoop,,EX,,run-08-30sec,401
S3,S3_arrayOfStructuresParams,Randoop,,EX,,run-08-30sec,400
S3,S3_noLimit,Randoop,25.00,NC,5,run-08-30sec,30462
S3,S3_noLimitParams,Randoop,100.00,C,343,run-08-30sec,30690
S3,S3_withLimit,Randoop,25.00,NC,5,run-08-30sec,30558
S3,S3_withLimitParams,Randoop,100.00,C,216,run-08-30sec,30592
S4,S4_guess,Randoop,22.22,NC,1,run-08-30sec,30468
S4,S4_guessCoordinates,Randoop,16.67,NC,1,run-08-30sec,30467
S4,S4_guessParams,Randoop,66.67,NC,1296,run-08-30sec,30920
O1,O1_fullCoverage,Randoop,13.33,NC,125,run-08-30sec,30559
O1,O1_guessImpossibleObject,Randoop,40.00,NC,1,run-08-30sec,30416
O1,O1_guessImpossibleOperationCount,Randoop,28.57,NC,5,run-08-30sec,30423
O1,O1_guessImpossibleOperationCountParams,Randoop,83.33,C,5,run-08-30sec,30463
O1,O1_guessImpossibleResult,Randoop,15.38,NC,125,run-08-30sec,30668
O1,O1_guessImpossibleResultAndOperationCount,Randoop,28.57,NC,25,run-08-30sec,30462
O1,O1_guessImpossibleResultAndOperationCountParams,Randoop,83.33,C,25,run-08-30sec,30498
O1,O1_guessImpossibleResultParams,Randoop,91.67,C,125,run-08-30sec,30563
O1,O1_guessObject,Randoop,40.00,NC,1,run-08-30sec,30458
O1,O1_guessOperationCount,Randoop,28.57,NC,5,run-08-30sec,30462
O1,O1_guessOperationCountParams,Randoop,83.33,NC,5,run-08-30sec,30391
O1,O1_guessResult,Randoop,15.38,NC,125,run-08-30sec,30756
O1,O1_guessResultAndOperationCount,Randoop,28.57,NC,25,run-08-30sec,30498
O1,O1_guessResultAndOperationCountParams,Randoop,83.33,NC,25,run-08-30sec,30468
O1,O1_guessResultParams,Randoop,100.00,C,125,run-08-30sec,30508
O1,O1_oneOperationNoCheck,Randoop,0.00,NC,5,run-08-30sec,30449
O1,O1_oneOperationParams,Randoop,100.00,C,5,run-08-30sec,30479
O1,O1_oneOperationWithCheck,Randoop,22.22,NC,5,run-08-30sec,30460
O1,O1_twoOperationsParams,Randoop,100.00,C,4999,run-08-30sec,5206
O1,O1_twoOperationsWithCheck,Randoop,18.18,NC,25,run-08-30sec,30477
O1,O1_twoOperationsWithNocheck,Randoop,0.00,NC,25,run-08-30sec,30454
O2,O2_guessResult,Randoop,13.33,NC,125,run-08-30sec,30637
O2,O2_guessResultParams,Randoop,100.00,C,125,run-08-30sec,30486
O3a,O3a_guessResult,Randoop,11.11,NC,125,run-08-30sec,30613
O3a,O3a_guessResultParams,Randoop,100.00,C,125,run-08-30sec,30581
O3b,O3b_guess,Randoop,33.33,NC,5,run-08-30sec,30457
O3b,O3b_guessImpossible,Randoop,33.33,NC,5,run-08-30sec,30422
O3b,O3b_validate,Randoop,33.33,NC,5,run-08-30sec,30462
O3c,O3c_guess,Randoop,33.33,NC,5,run-08-30sec,30454
O3c,O3c_guessImpossible,Randoop,33.33,NC,5,run-08-30sec,30460
O3c,O3c_validate,Randoop,33.33,NC,5,run-08-30sec,30566
O4,O4_guessImpossible,Randoop,11.76,NC,125,run-08-30sec,30652
O4,O4_guessImpossibleParams,Randoop,87.50,C,125,run-08-30sec,30470
O4,O4_guessResult,Randoop,11.76,NC,125,run-08-30sec,30583
O4,O4_guessResultParams,Randoop,87.50,NC,125,run-08-30sec,30557
G1,G1_guessType,Randoop,88.89,C,140,run-08-30sec,31041
G1,G1_guessTypeAndUse,Randoop,93.33,C,141,run-08-30sec,31071
G1,G1_guessTypeWithExtends,Randoop,88.89,C,32,run-08-30sec,30461
G1,G1_guessTypeWithExtendsAndUse,Randoop,93.33,C,33,run-08-30sec,30458
G2,G2_guessDescendant,Randoop,0.00,NC,1,run-08-30sec,30466
G2,G2_guessImpossible,Randoop,0.00,NC,1,run-08-30sec,30459
G2,G2_guessInteger,Randoop,0.00,NC,1,run-08-30sec,30383
G2,G2_guessIntegerNoHelp,Randoop,0.00,NC,1,run-08-30sec,30459
G2,G2_guessSafe,Randoop,0.00,NC,1,run-08-30sec,30462
G2,G2_guessSafeNoHelp,Randoop,0.00,NC,1,run-08-30sec,30463
L1,L1_abs,Randoop,100.00,C,25,run-08-30sec,30441
L1,L1_absImpossible,Randoop,66.67,C,25,run-08-30sec,30452
L1,L1_cbrt,Randoop,75.00,NC,5,run-08-30sec,30454
L1,L1_cos,Randoop,75.00,NC,5,run-08-30sec,30461
L1,L1_cosImpossible,Randoop,66.67,C,5,run-08-30sec,30457
L1,L1_log10GuessArgument,Randoop,100.00,C,5,run-08-30sec,30458
L1,L1_logGuessArgument,Randoop,100.00,C,5,run-08-30sec,30456
L1,L1_logGuessBase,Randoop,100.00,C,5,run-08-30sec,30461
L1,L1_logGuessBaseAndArgument,Randoop,100.00,C,25,run-08-30sec,30482
L1,L1_minMax,Randoop,66.67,NC,25,run-08-30sec,30460
L1,L1_minMaxImpossible,Randoop,66.67,C,25,run-08-30sec,30452
L1,L1_minMaxWithOrder,Randoop,66.67,NC,25,run-08-30sec,30457
L1,L1_powGuessBase,Randoop,75.00,NC,5,run-08-30sec,30425
L1,L1_powGuessBaseAndExponent,Randoop,75.00,NC,25,run-08-30sec,30453
L1,L1_powGuessExponent,Randoop,100.00,C,5,run-08-30sec,30464
L1,L1_sin,Randoop,75.00,NC,5,run-08-30sec,30398
L1,L1_sinImpossible,Randoop,66.67,C,5,run-08-30sec,30464
L1,L1_sqrt,Randoop,75.00,NC,5,run-08-30sec,30455
L1,L1_sqrtImpossible,Randoop,66.67,C,5,run-08-30sec,30463
L1,L1_tan,Randoop,75.00,NC,5,run-08-30sec,30466
L2,L2_add,Randoop,57.14,NC,289,run-08-30sec,30655
L2,L2_addWithCondition,Randoop,53.85,NC,4,run-08-30sec,30451
L2,L2_charAt,Randoop,0.00,NC,2,run-08-30sec,30458
L2,L2_compareTo,Randoop,55.56,NC,2,run-08-30sec,30484
L2,L2_compareToIgnoreCase,Randoop,55.56,NC,2,run-08-30sec,30460
L2,L2_equality,Randoop,55.56,NC,2,run-08-30sec,30394
L2,L2_equalityIgnoreCase,Randoop,55.56,NC,2,run-08-30sec,30464
L2,L2_indexOf,Randoop,50.00,NC,2,run-08-30sec,30459
L2,L2_length,Randoop,57.14,NC,2,run-08-30sec,30459
L2,L2_regionEquality,Randoop,50.00,NC,2,run-08-30sec,30462
L2,L2_startsEnds,Randoop,42.86,NC,2,run-08-30sec,30462
L2,L2_substring,Randoop,57.14,NC,2,run-08-30sec,30387
L2,L2_switchString,Randoop,50.00,NC,2,run-08-30sec,30456
L3,L3_guessDouble,Randoop,80.00,NC,6,run-08-30sec,30453
L3,L3_guessInteger,Randoop,80.00,NC,6,run-08-30sec,30464
L3,L3_integerOverflow,Randoop,100.00,C,4999,run-08-30sec,6508
L4,L4_guessElementAndIndex,Randoop,100.00,C,25,run-08-30sec,30454
L4,L4_guessElements,Randoop,83.33,NC,25,run-08-30sec,30455
L4,L4_guessGenericListWithElement,Randoop,0.00,NC,1,run-08-30sec,30460
L4,L4_guessGenericListWithSize,Randoop,0.00,NC,1,run-08-30sec,30459
L4,L4_guessGenericVectorWithElement,Randoop,0.00,NC,1,run-08-30sec,30480
L4,L4_guessGenericVectorWithSize,Randoop,0.00,NC,1,run-08-30sec,30420
L4,L4_guessIndices,Randoop,88.89,NC,25,run-08-30sec,30474
L4,L4_guessListWithSize,Randoop,0.00,NC,1,run-08-30sec,30407
L4,L4_guessSize,Randoop,83.33,NC,5,run-08-30sec,30455
L4,L4_guessSizeAndElements,Randoop,83.33,NC,125,run-08-30sec,30547
L4,L4_guessVectorWithSize,Randoop,0.00,NC,1,run-08-30sec,30407
LO,LO_associatesAPIGuessDate,Randoop,43.75,NC,2,run-08-30sec,30458
LO,LO_associatesAPIGuessValidDateFormat,Randoop,50.00,NC,2,run-08-30sec,30467
LO,LO_guessUUID,Randoop,33.33,NC,2,run-08-30sec,30415
LO,LO_guessValidUUID,Randoop,50.00,NC,2,run-08-30sec,30452
LO,LO_inheritsAPIGuessOneObject,Randoop,28.57,NC,1,run-08-30sec,30468
LO,LO_inheritsAPIGuessOnePrimitive,Randoop,66.67,NC,5,run-08-30sec,30465
LO,LO_inheritsAPIGuessTwoObjects,Randoop,16.67,NC,1,run-08-30sec,30396
LO,LO_inheritsAPIGuessTwoPrimitives,Randoop,83.33,NC,25,run-08-30sec,30458
LO,LO_regexCaseInsensitive,Randoop,71.43,NC,2,run-08-30sec,30462
LO,LO_regexCaseSensitive,Randoop,60.00,NC,2,run-08-30sec,30457
Others,Others_guess,Randoop,,EX,,run-08-30sec,401
Others,Others_guessEnum,Randoop,18.18,NC,1,run-08-30sec,30375
Others,Others_guessEnumOrdinal,Randoop,18.18,NC,1,run-08-30sec,30463
Others,Others_guessEnumString,Randoop,18.18,NC,1,run-08-30sec,30460
Others,Others_guessWithLength,Randoop,,EX,,run-08-30sec,400
Others,Others_iterateWithFor,Randoop,,EX,,run-08-30sec,400
Others,Others_iterateWithForeach,Randoop,,EX,,run-08-30sec,401
Others,Others_minMax,Randoop,66.67,NC,25,run-08-30sec,30461
Others,Others_minMaxImpossible,Randoop,66.67,C,25,run-08-30sec,30455
Others,Others_minMaxWithOrder,Randoop,66.67,NC,25,run-08-30sec,30460
Others,Others_switchEnum,Randoop,25.00,NC,1,run-08-30sec,30462
Others,Others_test,Randoop,100.00,C,5,run-08-30sec,30452
B1a,B1a_oneParamBoolean,Randoop,100.00,C,2,run-09-30sec,30455
B1a,B1a_oneParamByte,Randoop,100.00,C,256,run-09-30sec,30570
B1a,B1a_oneParamChar,Randoop,100.00,C,2977,run-09-30sec,31221
B1a,B1a_oneParamDouble,Randoop,100.00,C,2920,run-09-30sec,31087
B1a,B1a_oneParamFloat,Randoop,100.00,C,2988,run-09-30sec,31092
B1a,B1a_oneParamInt,Randoop,100.00,C,3096,run-09-30sec,31097
B1a,B1a_oneParamLong,Randoop,100.00,C,2959,run-09-30sec,31109
B1a,B1a_oneParamShort,Randoop,100.00,C,3070,run-09-30sec,31104
B1a,B1a_twoParamBoolean,Randoop,100.00,C,4,run-09-30sec,30467
B1a,B1a_twoParamByte,Randoop,100.00,C,4999,run-09-30sec,4914
B1a,B1a_twoParamChar,Randoop,100.00,C,4999,run-09-30sec,5117
B1a,B1a_twoParamDouble,Randoop,100.00,C,4999,run-09-30sec,4811
B1a,B1a_twoParamFloat,Randoop,100.00,C,4999,run-09-30sec,4908
B1a,B1a_twoParamInt,Randoop,100.00,C,4999,run-09-30sec,4710
B1a,B1a_twoParamLong,Randoop,100.00,C,4999,run-09-30sec,4709
B1a,B1a_twoParamShort,Randoop,100.00,C,4999,run-09-30sec,4707
B1b,B1b_constBoolean,Randoop,100.00,C,1,run-09-30sec,30462
B1b,B1b_constByte,Randoop,100.00,C,1,run-09-30sec,30462
B1b,B1b_constChar,Randoop,100.00,C,1,run-09-30sec,30455
B1b,B1b_constDouble,Randoop,100.00,C,1,run-09-30sec,30453
B1b,B1b_constFloat,Randoop,100.00,C,1,run-09-30sec,30454
B1b,B1b_constInt,Randoop,100.00,C,1,run-09-30sec,30461
B1b,B1b_constLong,Randoop,100.00,C,1,run-09-30sec,30451
B1b,B1b_constShort,Randoop,100.00,C,1,run-09-30sec,30456
B1c,B1c_add,Randoop,100.00,C,4999,run-09-30sec,5115
B1c,B1c_addAssignment,Randoop,100.00,C,4999,run-09-30sec,4765
B1c,B1c_divide,Randoop,100.00,C,49,run-09-30sec,30483
B1c,B1c_divideAssignment,Randoop,100.00,C,49,run-09-30sec,30462
B1c,B1c_modulo,Randoop,100.00,C,25,run-09-30sec,30480
B1c,B1c_moduloAssignment,Randoop,100.00,C,25,run-09-30sec,30465
B1c,B1c_multiply,Randoop,100.00,C,4096,run-09-30sec,31271
B1c,B1c_multiplyAssignment,Randoop,100.00,C,4096,run-09-30sec,31271
B1c,B1c_postfixMinusMinus,Randoop,100.00,C,2951,run-09-30sec,31129
B1c,B1c_postfixPlusplus,Randoop,100.00,C,3030,run-09-30sec,31085
B1c,B1c_substract,Randoop,100.00,C,4999,run-09-30sec,5011
B1c,B1c_substractAssignment,Randoop,100.00,C,4999,run-09-30sec,4811
B1c,B1c_unaryMinus,Randoop,100.00,C,7,run-09-30sec,30472
B1c,B1c_unaryMinusMinus,Randoop,100.00,C,2931,run-09-30sec,31102
B1c,B1c_unaryPlus,Randoop,100.00,C,5,run-09-30sec,30469
B1c,B1c_unaryPlusPlus,Randoop,100.00,C,2996,run-09-30sec,31097
B1d,B1d_and,Randoop,100.00,C,4,run-09-30sec,30383
B1d,B1d_equal,Randoop,100.00,C,25,run-09-30sec,30459
B1d,B1d_greater,Randoop,100.00,C,25,run-09-30sec,30452
B1d,B1d_greaterOrEqual,Randoop,100.00,C,25,run-09-30sec,30456
B1d,B1d_negate,Randoop,100.00,C,2,run-09-30sec,30462
B1d,B1d_notEqual,Randoop,100.00,C,25,run-09-30sec,30466
B1d,B1d_or,Randoop,100.00,C,4,run-09-30sec,30460
B1d,B1d_smaller,Randoop,100.00,C,25,run-09-30sec,30460
B1d,B1d_smallerOrEqual,Randoop,100.00,C,25,run-09-30sec,30455
B1e,B1e_and,Randoop,100.00,C,25,run-09-30sec,30466
B1e,B1e_andAssignment,Randoop,100.00,C,25,run-09-30sec,30464
B1e,B1e_negate,Randoop,100.00,C,8,run-09-30sec,30456
B1e,B1e_or,Randoop,100.00,C,81,run-09-30sec,30465
B1e,B1e_orAssignment,Randoop,100.00,C,81,run-09-30sec,30480
B1e,B1e_shiftLeft,Randoop,100.00,C,4999,run-09-30sec,5937
B1e,B1e_shiftLeftAssignment,Randoop,100.00,C,4999,run-09-30sec,5018
B1e,B1e_shiftRight,Randoop,100.00,C,144,run-09-30sec,30567
B1e,B1e_shiftRightAssignment,Randoop,100.00,C,144,run-09-30sec,30558
B1e,B1e_shiftRightUnsigned,Randoop,100.00,C,1681,run-09-30sec,30966
B1e,B1e_shiftRightUnsignedAssignment,Randoop,100.00,C,1681,run-09-30sec,30892
B1e,B1e_xor,Randoop,100.00,C,256,run-09-30sec,30572
B1e,B1e_xorAssignment,Randoop,100.00,C,256,run-09-30sec,30574
B2a,B2a_oneParamBoolean,Randoop,100.00,C,2,run-09-30sec,30480
B2a,B2a_oneParamDouble,Randoop,85.71,NC,5,run-09-30sec,30476
B2a,B2a_oneParamInt,Randoop,85.71,NC,5,run-09-30sec,30396
B2a,B2a_twoParamsBoolean,Randoop,72.73,C,4,run-09-30sec,30461
B2a,B2a_twoParamsDouble,Randoop,84.62,C,25,run-09-30sec,30466
B2a,B2a_twoParamsInt,Randoop,84.62,C,64,run-09-30sec,30466
B2b,B2b_oneParamBoolean,Randoop,100.00,C,2,run-09-30sec,30466
B2b,B2b_oneParamInt,Randoop,100.00,C,5,run-09-30sec,30474
B2b,B2b_twoParamsBoolean,Randoop,100.00,C,4,run-09-30sec,30465
B2b,B2b_twoParamsInt,Randoop,100.00,C,25,run-09-30sec,30462
B2c,B2c_missingBreaks,Randoop,85.71,NC,5,run-09-30sec,30472
B2c,B2c_simple,Randoop,77.78,NC,5,run-09-30sec,30476
B2c,B2c_withReturn,Randoop,71.43,NC,5,run-09-30sec,30464
B2d,B2d_oneParamDouble,Randoop,66.67,NC,5,run-09-30sec,30408
B2d,B2d_oneParamFloat,Randoop,66.67,NC,5,run-09-30sec,30477
B2d,B2d_oneParamInt,Randoop,66.67,NC,5,run-09-30sec,30790
B2d,B2d_oneParamIntNoSolution,Randoop,66.67,C,5,run-09-30sec,30490
B2d,B2d_quadraticDouble,Randoop,80.00,NC,25,run-09-30sec,30465
B2d,B2d_quadraticDoubleNoSolution,Randoop,80.00,C,25,run-09-30sec,30479
B2d,B2d_quadraticFloat,Randoop,80.00,NC,25,run-09-30sec,30451
B2d,B2d_quadraticFloatNoSolution,Randoop,80.00,C,25,run-09-30sec,30468
B2d,B2d_quadraticInt,Randoop,80.00,NC,25,run-09-30sec,30463
B2d,B2d_quadraticIntNoSolution,Randoop,80.00,C,25,run-09-30sec,30464
B2d,B2d_threeParamsDouble,Randoop,83.33,NC,125,run-09-30sec,30586
B2d,B2d_threeParamsFloat,Randoop,83.33,NC,125,run-09-30sec,30473
B2d,B2d_threeParamsInt,Randoop,83.33,NC,125,run-09-30sec,30570
B2d,B2d_threeParamsIntNoSolution,Randoop,83.33,C,125,run-09-30sec,30564
B2d,B2d_twoParamsDouble,Randoop,80.00,NC,25,run-09-30sec,30465
B2d,B2d_twoParamsFloat,Randoop,80.00,NC,25,run-09-30sec,30477
B2d,B2d_twoParamsInt,Randoop,80.00,NC,25,run-09-30sec,30402
B2d,B2d_twoParamsIntNoSolution,Randoop,80.00,C,25,run-09-30sec,30464
B3a,B3a_complex,Randoop,94.12,C,4999,run-09-30sec,4616
B3a,B3a_infinite,Randoop,0.00,C,0,run-09-30sec,30372
B3a,B3a_infiniteNotOptimalizable,Randoop,0.00,C,0,run-09-30sec,30431
B3a,B3a_nestedLoop,Randoop,100.00,C,65,run-09-30sec,31727
B3a,B3a_nestedLoopWithLabel,Randoop,85.71,NC,47,run-09-30sec,30826
B3a,B3a_withConditionAndLimit,Randoop,100.00,C,6,run-09-30sec,30469
B3a,B3a_withConditionNoLimit,Randoop,100.00,C,8,run-09-30sec,30395
B3a,B3a_withContinueBreak,Randoop,100.00,C,8,run-09-30sec,30465
B3a,B3a_withLimit,Randoop,100.00,C,6,run-09-30sec,30460
B3b,B3b_complex,Randoop,92.86,C,4999,run-09-30sec,4608
B3b,B3b_infinite,Randoop,0.00,C,0,run-09-30sec,30427
B3b,B3b_infiniteNotOptimalizable,Randoop,0.00,C,0,run-09-30sec,30432
B3b,B3b_nestedLoop,Randoop,100.00,C,47,run-09-30sec,38229
B3b,B3b_nestedLoopWithLabel,Randoop,81.82,NC,43,run-09-30sec,38233
B3b,B3b_withConditionAndLimit,Randoop,100.00,C,6,run-09-30sec,30460
B3b,B3b_withConditionNoLimit,Randoop,100.00,C,8,run-09-30sec,30462
B3b,B3b_withContinueBreak,Randoop,100.00,C,8,run-09-30sec,30402
B3b,B3b_withLimit,Randoop,100.00,C,6,run-09-30sec,30459
B3c,B3c_complex,Randoop,94.12,C,4999,run-09-30sec,4606
B3c,B3c_infinite,Randoop,0.00,C,0,run-09-30sec,30427
B3c,B3c_infiniteNotOptimalizable,Randoop,0.00,C,0,run-09-30sec,30430
B3c,B3c_nestedLoop,Randoop,100.00,C,60,run-09-30sec,30825
B3c,B3c_nestedLoopWithLabel,Randoop,85.71,NC,25,run-09-30sec,31645
B3c,B3c_withConditionAndLimit,Randoop,100.00,C,6,run-09-30sec,30448
B3c,B3c_withConditionNoLimit,Randoop,100.00,C,8,run-09-30sec,30466
B3c,B3c_withContinueBreak,Randoop,100.00,C,8,run-09-30sec,30470
B3c,B3c_withLimit,Randoop,100.00,C,6,run-09-30sec,30465
B4a,B4a_fromParams,Randoop,75.00,NC,125,run-09-30sec,30557
B4a,B4a_fromParamsWithIndex,Randoop,83.33,NC,625,run-09-30sec,30679
B4a,B4a_guessLength,Randoop,100.00,C,5,run-09-30sec,30458
B4a,B4a_guessOneArray,Randoop,,EX,,run-09-30sec,401
B4a,B4a_guessOneArrayWithLength,Randoop,,EX,,run-09-30sec,401
B4a,B4a_indexParam,Randoop,83.33,NC,5,run-09-30sec,30453
B4a,B4a_iterateWithFor,Randoop,,EX,,run-09-30sec,401
B4a,B4a_iterateWithForeach,Randoop,,EX,,run-09-30sec,402
B4a,B4a_twoArrays,Randoop,,EX,,run-09-30sec,401
B4b,B4b_fromParams,Randoop,75.00,NC,125,run-09-30sec,30477
B4b,B4b_fromParamsWithIndex,Randoop,75.00,NC,625,run-09-30sec,30660
B4b,B4b_guessLength,Randoop,100.00,C,5,run-09-30sec,30388
B4b,B4b_guessOneArray,Randoop,,EX,,run-09-30sec,401
B4b,B4b_guessOneArrayWithLength,Randoop,,EX,,run-09-30sec,401
B4b,B4b_indexParam,Randoop,75.00,NC,5,run-09-30sec,30462
B4b,B4b_iterateWithFor,Randoop,,EX,,run-09-30sec,401
B4b,B4b_iterateWithForeach,Randoop,,EX,,run-09-30sec,401
B4b,B4b_twoArrays,Randoop,,EX,,run-09-30sec,401
B5a1,B5a1_conditionalCall,Randoop,100.00,C,162,run-09-30sec,30553
B5a1,B5a1_simple,Randoop,100.00,C,64,run-09-30sec,30462
B5a1,B5a1_useReturnValue,Randoop,100.00,C,25,run-09-30sec,30458
B5a2,B5a2_conditionalCall,Randoop,100.00,C,162,run-09-30sec,30562
B5a2,B5a2_simple,Randoop,100.00,C,64,run-09-30sec,30463
B5a2,B5a2_useReturnValue,Randoop,100.00,C,25,run-09-30sec,30491
B5b1,B5b1_fibonacci,Randoop,100.00,C,6,run-09-30sec,30415
B5b1,B5b1_simple,Randoop,100.00,C,5,run-09-30sec,30460
B5b2,B5b2_fibonacci,Randoop,100.00,C,4,run-09-30sec,30448
B5b2,B5b2_simple,Randoop,100.00,C,6,run-09-30sec,30455
B6a,B6a_always,Randoop,100.00,C,1,run-09-30sec,30452
B6a,B6a_call,Randoop,100.00,C,64,run-09-30sec,30557
B6a,B6a_conditionalAndLoop,Randoop,100.00,C,5,run-09-30sec,30461
B6a,B6a_recursive,Randoop,100.00,C,5,run-09-30sec,30470
B6a,B6a_tryCatch,Randoop,100.00,C,64,run-09-30sec,30456
B6a,B6a_tryCatchFinally,Randoop,100.00,C,729,run-09-30sec,30681
B6b,B6b_always,Randoop,100.00,C,1,run-09-30sec,30475
B6b,B6b_call,Randoop,100.00,C,64,run-09-30sec,30454
B6b,B6b_conditionalAndLoop,Randoop,100.00,C,5,run-09-30sec,30456
B6b,B6b_recursive,Randoop,100.00,C,5,run-09-30sec,30466
B6b,B6b_tryCatch,Randoop,100.00,C,64,run-09-30sec,30553
B6b,B6b_tryCatchFinally,Randoop,100.00,C,729,run-09-30sec,30670
B6c,B6c_arithmeticException,Randoop,100.00,C,2,run-09-30sec,30464
B6c,B6c_arrayIndexOutOfBoundsException,Randoop,100.00,C,2,run-09-30sec,30403
B6c,B6c_classCastException,Randoop,100.00,C,2,run-09-30sec,30365
B6c,B6c_illegalArgumentException,Randoop,100.00,C,2,run-09-30sec,30391
B6c,B6c_illegalStateException,Randoop,100.00,C,2,run-09-30sec,30481
B6c,B6c_indexOutOfBoundsException,Randoop,100.00,C,2,run-09-30sec,30465
B6c,B6c_nullPointerException,Randoop,100.00,C,2,run-09-30sec,30460
B6c,B6c_securityException,Randoop,100.00,C,2,run-09-30sec,30460
B6c,B6c_unsupportedOperationException,Randoop,100.00,C,2,run-09-30sec,30398
S1,S1_returnStructure,Randoop,40.00,NC,1,run-09-30sec,30385
S1,S1_returnStructureParams,Randoop,100.00,C,25,run-09-30sec,30459
S1,S1_useStructure,Randoop,66.67,NC,1,run-09-30sec,30461
S1,S1_useStructureParams,Randoop,100.00,C,4999,run-09-30sec,4810
S2,S2_oneStructure,Randoop,18.18,NC,1,run-09-30sec,30694
S2,S2_oneStructureParams,Randoop,100.00,C,64,run-09-30sec,30580
S2,S2_twoStructures,Randoop,14.29,NC,1,run-09-30sec,30466
S2,S2_twoStructuresParams,Randoop,100.00,C,4096,run-09-30sec,31258
S3,S3_arrayOfStructures,Randoop,,EX,,run-09-30sec,401
S3,S3_arrayOfStructuresParams,Randoop,,EX,,run-09-30sec,401
S3,S3_noLimit,Randoop,25.00,NC,5,run-09-30sec,30458
S3,S3_noLimitParams,Randoop,100.00,C,343,run-09-30sec,30660
S3,S3_withLimit,Randoop,25.00,NC,5,run-09-30sec,30459
S3,S3_withLimitParams,Randoop,100.00,C,216,run-09-30sec,30566
S4,S4_guess,Randoop,22.22,NC,1,run-09-30sec,30480
S4,S4_guessCoordinates,Randoop,16.67,NC,1,run-09-30sec,30391
S4,S4_guessParams,Randoop,66.67,NC,1296,run-09-30sec,30867
O1,O1_fullCoverage,Randoop,13.33,NC,125,run-09-30sec,30568
O1,O1_guessImpossibleObject,Randoop,40.00,NC,1,run-09-30sec,30467
O1,O1_guessImpossibleOperationCount,Randoop,28.57,NC,5,run-09-30sec,30493
O1,O1_guessImpossibleOperationCountParams,Randoop,83.33,C,5,run-09-30sec,30464
O1,O1_guessImpossibleResult,Randoop,15.38,NC,125,run-09-30sec,30564
O1,O1_guessImpossibleResultAndOperationCount,Randoop,28.57,NC,25,run-09-30sec,30487
O1,O1_guessImpossibleResultAndOperationCountParams,Randoop,83.33,C,25,run-09-30sec,30455
O1,O1_guessImpossibleResultParams,Randoop,91.67,C,125,run-09-30sec,30509
O1,O1_guessObject,Randoop,40.00,NC,1,run-09-30sec,30463
O1,O1_guessOperationCount,Randoop,28.57,NC,5,run-09-30sec,30459
O1,O1_guessOperationCountParams,Randoop,83.33,NC,5,run-09-30sec,30449
O1,O1_guessResult,Randoop,15.38,NC,125,run-09-30sec,30549
O1,O1_guessResultAndOperationCount,Randoop,28.57,NC,25,run-09-30sec,30466
O1,O1_guessResultAndOperationCountParams,Randoop,83.33,NC,25,run-09-30sec,30458
O1,O1_guessResultParams,Randoop,100.00,C,125,run-09-30sec,30567
O1,O1_oneOperationNoCheck,Randoop,0.00,NC,5,run-09-30sec,30454
O1,O1_oneOperationParams,Randoop,100.00,C,5,run-09-30sec,30454
O1,O1_oneOperationWithCheck,Randoop,22.22,NC,5,run-09-30sec,30457
O1,O1_twoOperationsParams,Randoop,100.00,C,4999,run-09-30sec,4919
O1,O1_twoOperationsWithCheck,Randoop,18.18,NC,25,run-09-30sec,30459
O1,O1_twoOperationsWithNocheck,Randoop,0.00,NC,25,run-09-30sec,30450
O2,O2_guessResult,Randoop,13.33,NC,125,run-09-30sec,30553
O2,O2_guessResultParams,Randoop,100.00,C,125,run-09-30sec,30559
O3a,O3a_guessResult,Randoop,11.11,NC,125,run-09-30sec,30556
O3a,O3a_guessResultParams,Randoop,100.00,C,125,run-09-30sec,30549
O3b,O3b_guess,Randoop,33.33,NC,5,run-09-30sec,30453
O3b,O3b_guessImpossible,Randoop,33.33,NC,5,run-09-30sec,30456
O3b,O3b_validate,Randoop,33.33,NC,5,run-09-30sec,30456
O3c,O3c_guess,Randoop,33.33,NC,5,run-09-30sec,30452
O3c,O3c_guessImpossible,Randoop,33.33,NC,5,run-09-30sec,30479
O3c,O3c_validate,Randoop,33.33,NC,5,run-09-30sec,30384
O4,O4_guessImpossible,Randoop,11.76,NC,125,run-09-30sec,30539
O4,O4_guessImpossibleParams,Randoop,87.50,C,125,run-09-30sec,30564
O4,O4_guessResult,Randoop,11.76,NC,125,run-09-30sec,30550
O4,O4_guessResultParams,Randoop,87.50,NC,125,run-09-30sec,30554
G1,G1_guessType,Randoop,88.89,C,140,run-09-30sec,31070
G1,G1_guessTypeAndUse,Randoop,93.33,C,141,run-09-30sec,31039
G1,G1_guessTypeWithExtends,Randoop,88.89,C,32,run-09-30sec,30455
G1,G1_guessTypeWithExtendsAndUse,Randoop,93.33,C,33,run-09-30sec,30472
G2,G2_guessDescendant,Randoop,0.00,NC,1,run-09-30sec,30365
G2,G2_guessImpossible,Randoop,0.00,NC,1,run-09-30sec,30468
G2,G2_guessInteger,Randoop,0.00,NC,1,run-09-30sec,30468
G2,G2_guessIntegerNoHelp,Randoop,0.00,NC,1,run-09-30sec,30469
G2,G2_guessSafe,Randoop,0.00,NC,1,run-09-30sec,30456
G2,G2_guessSafeNoHelp,Randoop,0.00,NC,1,run-09-30sec,30365
L1,L1_abs,Randoop,100.00,C,25,run-09-30sec,30455
L1,L1_absImpossible,Randoop,66.67,C,25,run-09-30sec,30461
L1,L1_cbrt,Randoop,75.00,NC,5,run-09-30sec,30460
L1,L1_cos,Randoop,75.00,NC,5,run-09-30sec,30451
L1,L1_cosImpossible,Randoop,66.67,C,5,run-09-30sec,30596
L1,L1_log10GuessArgument,Randoop,100.00,C,5,run-09-30sec,30460
L1,L1_logGuessArgument,Randoop,100.00,C,5,run-09-30sec,30454
L1,L1_logGuessBase,Randoop,100.00,C,5,run-09-30sec,30447
L1,L1_logGuessBaseAndArgument,Randoop,100.00,C,25,run-09-30sec,30456
L1,L1_minMax,Randoop,66.67,NC,25,run-09-30sec,30461
L1,L1_minMaxImpossible,Randoop,66.67,C,25,run-09-30sec,30453
L1,L1_minMaxWithOrder,Randoop,66.67,NC,25,run-09-30sec,30451
L1,L1_powGuessBase,Randoop,75.00,NC,5,run-09-30sec,30465
L1,L1_powGuessBaseAndExponent,Randoop,75.00,NC,25,run-09-30sec,30454
L1,L1_powGuessExponent,Randoop,100.00,C,5,run-09-30sec,30476
L1,L1_sin,Randoop,75.00,NC,5,run-09-30sec,30453
L1,L1_sinImpossible,Randoop,66.67,C,5,run-09-30sec,30457
L1,L1_sqrt,Randoop,75.00,NC,5,run-09-30sec,30389
L1,L1_sqrtImpossible,Randoop,66.67,C,5,run-09-30sec,30461
L1,L1_tan,Randoop,75.00,NC,5,run-09-30sec,30464
L2,L2_add,Randoop,57.14,NC,289,run-09-30sec,30569
L2,L2_addWithCondition,Randoop,53.85,NC,4,run-09-30sec,30487
L2,L2_charAt,Randoop,0.00,NC,2,run-09-30sec,30395
L2,L2_compareTo,Randoop,55.56,NC,2,run-09-30sec,30455
L2,L2_compareToIgnoreCase,Randoop,55.56,NC,2,run-09-30sec,30458
L2,L2_equality,Randoop,55.56,NC,2,run-09-30sec,30468
L2,L2_equalityIgnoreCase,Randoop,55.56,NC,2,run-09-30sec,30467
L2,L2_indexOf,Randoop,50.00,NC,2,run-09-30sec,30461
L2,L2_length,Randoop,57.14,NC,2,run-09-30sec,30445
L2,L2_regionEquality,Randoop,50.00,NC,2,run-09-30sec,30465
L2,L2_startsEnds,Randoop,42.86,NC,2,run-09-30sec,30455
L2,L2_substring,Randoop,57.14,NC,2,run-09-30sec,30466
L2,L2_switchString,Randoop,50.00,NC,2,run-09-30sec,30692
L3,L3_guessDouble,Randoop,80.00,NC,6,run-09-30sec,30459
L3,L3_guessInteger,Randoop,80.00,NC,6,run-09-30sec,30450
L3,L3_integerOverflow,Randoop,100.00,C,4999,run-09-30sec,6510
L4,L4_guessElementAndIndex,Randoop,100.00,C,25,run-09-30sec,30466
L4,L4_guessElements,Randoop,83.33,NC,25,run-09-30sec,30459
L4,L4_guessGenericListWithElement,Randoop,0.00,NC,1,run-09-30sec,30458
L4,L4_guessGenericListWithSize,Randoop,0.00,NC,1,run-09-30sec,30465
L4,L4_guessGenericVectorWithElement,Randoop,0.00,NC,1,run-09-30sec,30460
L4,L4_guessGenericVectorWithSize,Randoop,0.00,NC,1,run-09-30sec,30468
L4,L4_guessIndices,Randoop,88.89,NC,25,run-09-30sec,30472
L4,L4_guessListWithSize,Randoop,0.00,NC,1,run-09-30sec,30378
L4,L4_guessSize,Randoop,83.33,NC,5,run-09-30sec,30464
L4,L4_guessSizeAndElements,Randoop,83.33,NC,125,run-09-30sec,30467
L4,L4_guessVectorWithSize,Randoop,0.00,NC,1,run-09-30sec,30464
LO,LO_associatesAPIGuessDate,Randoop,43.75,NC,2,run-09-30sec,30411
LO,LO_associatesAPIGuessValidDateFormat,Randoop,50.00,NC,2,run-09-30sec,30461
LO,LO_guessUUID,Randoop,33.33,NC,2,run-09-30sec,30457
LO,LO_guessValidUUID,Randoop,50.00,NC,2,run-09-30sec,30471
LO,LO_inheritsAPIGuessOneObject,Randoop,28.57,NC,1,run-09-30sec,30411
LO,LO_inheritsAPIGuessOnePrimitive,Randoop,66.67,NC,5,run-09-30sec,30470
LO,LO_inheritsAPIGuessTwoObjects,Randoop,16.67,NC,1,run-09-30sec,30453
LO,LO_inheritsAPIGuessTwoPrimitives,Randoop,83.33,NC,25,run-09-30sec,30465
LO,LO_regexCaseInsensitive,Randoop,71.43,NC,2,run-09-30sec,30455
LO,LO_regexCaseSensitive,Randoop,60.00,NC,2,run-09-30sec,30458
Others,Others_guess,Randoop,,EX,,run-09-30sec,401
Others,Others_guessEnum,Randoop,18.18,NC,1,run-09-30sec,30472
Others,Others_guessEnumOrdinal,Randoop,18.18,NC,1,run-09-30sec,30396
Others,Others_guessEnumString,Randoop,18.18,NC,1,run-09-30sec,30463
Others,Others_guessWithLength,Randoop,,EX,,run-09-30sec,401
Others,Others_iterateWithFor,Randoop,,EX,,run-09-30sec,401
Others,Others_iterateWithForeach,Randoop,,EX,,run-09-30sec,401
Others,Others_minMax,Randoop,66.67,NC,25,run-09-30sec,30450
Others,Others_minMaxImpossible,Randoop,66.67,C,25,run-09-30sec,30459
Others,Others_minMaxWithOrder,Randoop,66.67,NC,25,run-09-30sec,30455
Others,Others_switchEnum,Randoop,25.00,NC,1,run-09-30sec,30457
Others,Others_test,Randoop,100.00,C,5,run-09-30sec,30468
B1a,B1a_oneParamBoolean,Randoop,100.00,C,2,run-10-30sec,30427
B1a,B1a_oneParamByte,Randoop,100.00,C,256,run-10-30sec,30576
B1a,B1a_oneParamChar,Randoop,100.00,C,2903,run-10-30sec,31093
B1a,B1a_oneParamDouble,Randoop,100.00,C,3035,run-10-30sec,31113
B1a,B1a_oneParamFloat,Randoop,100.00,C,2949,run-10-30sec,31101
B1a,B1a_oneParamInt,Randoop,100.00,C,3048,run-10-30sec,31098
B1a,B1a_oneParamLong,Randoop,100.00,C,2943,run-10-30sec,31108
B1a,B1a_oneParamShort,Randoop,100.00,C,2978,run-10-30sec,31095
B1a,B1a_twoParamBoolean,Randoop,100.00,C,4,run-10-30sec,30472
B1a,B1a_twoParamByte,Randoop,100.00,C,4999,run-10-30sec,4710
B1a,B1a_twoParamChar,Randoop,100.00,C,4999,run-10-30sec,6114
B1a,B1a_twoParamDouble,Randoop,100.00,C,4999,run-10-30sec,4810
B1a,B1a_twoParamFloat,Randoop,100.00,C,4999,run-10-30sec,4811
B1a,B1a_twoParamInt,Randoop,100.00,C,4999,run-10-30sec,4607
B1a,B1a_twoParamLong,Randoop,100.00,C,4999,run-10-30sec,4719
B1a,B1a_twoParamShort,Randoop,100.00,C,4999,run-10-30sec,5114
B1b,B1b_constBoolean,Randoop,100.00,C,1,run-10-30sec,30455
B1b,B1b_constByte,Randoop,100.00,C,1,run-10-30sec,30465
B1b,B1b_constChar,Randoop,100.00,C,1,run-10-30sec,30455
B1b,B1b_constDouble,Randoop,100.00,C,1,run-10-30sec,30460
B1b,B1b_constFloat,Randoop,100.00,C,1,run-10-30sec,30459
B1b,B1b_constInt,Randoop,100.00,C,1,run-10-30sec,30459
B1b,B1b_constLong,Randoop,100.00,C,1,run-10-30sec,30456
B1b,B1b_constShort,Randoop,100.00,C,1,run-10-30sec,30381
B1c,B1c_add,Randoop,100.00,C,4999,run-10-30sec,4807
B1c,B1c_addAssignment,Randoop,100.00,C,4999,run-10-30sec,4823
B1c,B1c_divide,Randoop,100.00,C,49,run-10-30sec,30466
B1c,B1c_divideAssignment,Randoop,100.00,C,49,run-10-30sec,30487
B1c,B1c_modulo,Randoop,100.00,C,25,run-10-30sec,30463
B1c,B1c_moduloAssignment,Randoop,100.00,C,25,run-10-30sec,30463
B1c,B1c_multiply,Randoop,100.00,C,4096,run-10-30sec,31206
B1c,B1c_multiplyAssignment,Randoop,100.00,C,4096,run-10-30sec,31215
B1c,B1c_postfixMinusMinus,Randoop,100.00,C,3053,run-10-30sec,31126
B1c,B1c_postfixPlusplus,Randoop,100.00,C,3061,run-10-30sec,31106
B1c,B1c_substract,Randoop,100.00,C,4999,run-10-30sec,5213
B1c,B1c_substractAssignment,Randoop,100.00,C,4999,run-10-30sec,4712
B1c,B1c_unaryMinus,Randoop,100.00,C,7,run-10-30sec,30470
B1c,B1c_unaryMinusMinus,Randoop,100.00,C,2954,run-10-30sec,31072
B1c,B1c_unaryPlus,Randoop,100.00,C,5,run-10-30sec,30466
B1c,B1c_unaryPlusPlus,Randoop,100.00,C,2985,run-10-30sec,31086
B1d,B1d_and,Randoop,100.00,C,4,run-10-30sec,30462
B1d,B1d_equal,Randoop,100.00,C,25,run-10-30sec,30462
B1d,B1d_greater,Randoop,100.00,C,25,run-10-30sec,30467
B1d,B1d_greaterOrEqual,Randoop,100.00,C,25,run-10-30sec,30466
B1d,B1d_negate,Randoop,100.00,C,2,run-10-30sec,30484
B1d,B1d_notEqual,Randoop,100.00,C,25,run-10-30sec,30470
B1d,B1d_or,Randoop,100.00,C,4,run-10-30sec,30470
B1d,B1d_smaller,Randoop,100.00,C,25,run-10-30sec,30465
B1d,B1d_smallerOrEqual,Randoop,100.00,C,25,run-10-30sec,30389
B1e,B1e_and,Randoop,100.00,C,25,run-10-30sec,30475
B1e,B1e_andAssignment,Randoop,100.00,C,25,run-10-30sec,30462
B1e,B1e_negate,Randoop,100.00,C,8,run-10-30sec,30478
B1e,B1e_or,Randoop,100.00,C,81,run-10-30sec,30466
B1e,B1e_orAssignment,Randoop,100.00,C,81,run-10-30sec,30464
B1e,B1e_shiftLeft,Randoop,100.00,C,4999,run-10-30sec,4911
B1e,B1e_shiftLeftAssignment,Randoop,100.00,C,4999,run-10-30sec,5114
B1e,B1e_shiftRight,Randoop,100.00,C,144,run-10-30sec,30578
B1e,B1e_shiftRightAssignment,Randoop,100.00,C,144,run-10-30sec,30569
B1e,B1e_shiftRightUnsigned,Randoop,100.00,C,1681,run-10-30sec,30900
B1e,B1e_shiftRightUnsignedAssignment,Randoop,100.00,C,1681,run-10-30sec,30872
B1e,B1e_xor,Randoop,100.00,C,256,run-10-30sec,30570
B1e,B1e_xorAssignment,Randoop,100.00,C,256,run-10-30sec,30613
B2a,B2a_oneParamBoolean,Randoop,100.00,C,2,run-10-30sec,30421
B2a,B2a_oneParamDouble,Randoop,85.71,NC,5,run-10-30sec,30464
B2a,B2a_oneParamInt,Randoop,85.71,NC,5,run-10-30sec,30463
B2a,B2a_twoParamsBoolean,Randoop,72.73,C,4,run-10-30sec,30465
B2a,B2a_twoParamsDouble,Randoop,84.62,C,25,run-10-30sec,30466
B2a,B2a_twoParamsInt,Randoop,84.62,C,64,run-10-30sec,30470
B2b,B2b_oneParamBoolean,Randoop,100.00,C,2,run-10-30sec,30479
B2b,B2b_oneParamInt,Randoop,100.00,C,5,run-10-30sec,30383
B2b,B2b_twoParamsBoolean,Randoop,100.00,C,4,run-10-30sec,30464
B2b,B2b_twoParamsInt,Randoop,100.00,C,25,run-10-30sec,30467
B2c,B2c_missingBreaks,Randoop,85.71,NC,5,run-10-30sec,30460
B2c,B2c_simple,Randoop,77.78,NC,5,run-10-30sec,30472
B2c,B2c_withReturn,Randoop,71.43,NC,5,run-10-30sec,30417
B2d,B2d_oneParamDouble,Randoop,66.67,NC,5,run-10-30sec,30452
B2d,B2d_oneParamFloat,Randoop,66.67,NC,5,run-10-30sec,30455
B2d,B2d_oneParamInt,Randoop,66.67,NC,5,run-10-30sec,30493
B2d,B2d_oneParamIntNoSolution,Randoop,66.67,C,5,run-10-30sec,30462
B2d,B2d_quadraticDouble,Randoop,80.00,NC,25,run-10-30sec,30466
B2d,B2d_quadraticDoubleNoSolution,Randoop,80.00,C,25,run-10-30sec,30453
B2d,B2d_quadraticFloat,Randoop,80.00,NC,25,run-10-30sec,30461
B2d,B2d_quadraticFloatNoSolution,Randoop,80.00,C,25,run-10-30sec,30461
B2d,B2d_quadraticInt,Randoop,80.00,NC,25,run-10-30sec,30464
B2d,B2d_quadraticIntNoSolution,Randoop,80.00,C,25,run-10-30sec,30458
B2d,B2d_threeParamsDouble,Randoop,83.33,NC,125,run-10-30sec,30556
B2d,B2d_threeParamsFloat,Randoop,83.33,NC,125,run-10-30sec,30564
B2d,B2d_threeParamsInt,Randoop,83.33,NC,125,run-10-30sec,30564
B2d,B2d_threeParamsIntNoSolution,Randoop,83.33,C,125,run-10-30sec,30490
B2d,B2d_twoParamsDouble,Randoop,80.00,NC,25,run-10-30sec,30400
B2d,B2d_twoParamsFloat,Randoop,80.00,NC,25,run-10-30sec,30453
B2d,B2d_twoParamsInt,Randoop,80.00,NC,25,run-10-30sec,30478
B2d,B2d_twoParamsIntNoSolution,Randoop,80.00,C,25,run-10-30sec,30460
B3a,B3a_complex,Randoop,94.12,C,4999,run-10-30sec,4509
B3a,B3a_infinite,Randoop,0.00,C,0,run-10-30sec,30431
B3a,B3a_infiniteNotOptimalizable,Randoop,0.00,C,0,run-10-30sec,30428
B3a,B3a_nestedLoop,Randoop,100.00,C,58,run-10-30sec,30824
B3a,B3a_nestedLoopWithLabel,Randoop,85.71,NC,64,run-10-30sec,34827
B3a,B3a_withConditionAndLimit,Randoop,100.00,C,6,run-10-30sec,30473
B3a,B3a_withConditionNoLimit,Randoop,100.00,C,8,run-10-30sec,30481
B3a,B3a_withContinueBreak,Randoop,100.00,C,8,run-10-30sec,30467
B3a,B3a_withLimit,Randoop,100.00,C,6,run-10-30sec,30390
B3b,B3b_complex,Randoop,92.86,C,4999,run-10-30sec,4808
B3b,B3b_infinite,Randoop,0.00,C,0,run-10-30sec,30435
B3b,B3b_infiniteNotOptimalizable,Randoop,0.00,C,0,run-10-30sec,30429
B3b,B3b_nestedLoop,Randoop,100.00,C,42,run-10-30sec,70753
B3b,B3b_nestedLoopWithLabel,Randoop,81.82,NC,50,run-10-30sec,34626
B3b,B3b_withConditionAndLimit,Randoop,100.00,C,6,run-10-30sec,30486
B3b,B3b_withConditionNoLimit,Randoop,100.00,C,8,run-10-30sec,30459
B3b,B3b_withContinueBreak,Randoop,100.00,C,8,run-10-30sec,30460
B3b,B3b_withLimit,Randoop,100.00,C,6,run-10-30sec,30459
B3c,B3c_complex,Randoop,94.12,C,4999,run-10-30sec,4614
B3c,B3c_infinite,Randoop,0.00,C,0,run-10-30sec,30430
B3c,B3c_infiniteNotOptimalizable,Randoop,0.00,C,0,run-10-30sec,30426
B3c,B3c_nestedLoop,Randoop,100.00,C,55,run-10-30sec,35027
B3c,B3c_nestedLoopWithLabel,Randoop,85.71,NC,45,run-10-30sec,33027
B3c,B3c_withConditionAndLimit,Randoop,100.00,C,6,run-10-30sec,30402
B3c,B3c_withConditionNoLimit,Randoop,100.00,C,8,run-10-30sec,30464
B3c,B3c_withContinueBreak,Randoop,100.00,C,8,run-10-30sec,30387
B3c,B3c_withLimit,Randoop,100.00,C,6,run-10-30sec,30458
B4a,B4a_fromParams,Randoop,75.00,NC,125,run-10-30sec,30554
B4a,B4a_fromParamsWithIndex,Randoop,83.33,NC,625,run-10-30sec,30668
B4a,B4a_guessLength,Randoop,100.00,C,5,run-10-30sec,30389
B4a,B4a_guessOneArray,Randoop,,EX,,run-10-30sec,401
B4a,B4a_guessOneArrayWithLength,Randoop,,EX,,run-10-30sec,400
B4a,B4a_indexParam,Randoop,83.33,NC,5,run-10-30sec,30459
B4a,B4a_iterateWithFor,Randoop,,EX,,run-10-30sec,701
B4a,B4a_iterateWithForeach,Randoop,,EX,,run-10-30sec,401
B4a,B4a_twoArrays,Randoop,,EX,,run-10-30sec,401
B4b,B4b_fromParams,Randoop,75.00,NC,125,run-10-30sec,30562
B4b,B4b_fromParamsWithIndex,Randoop,75.00,NC,625,run-10-30sec,30672
B4b,B4b_guessLength,Randoop,100.00,C,5,run-10-30sec,30390
B4b,B4b_guessOneArray,Randoop,,EX,,run-10-30sec,401
B4b,B4b_guessOneArrayWithLength,Randoop,,EX,,run-10-30sec,401
B4b,B4b_indexParam,Randoop,75.00,NC,5,run-10-30sec,30460
B4b,B4b_iterateWithFor,Randoop,,EX,,run-10-30sec,464
B4b,B4b_iterateWithForeach,Randoop,,EX,,run-10-30sec,400
B4b,B4b_twoArrays,Randoop,,EX,,run-10-30sec,401
B5a1,B5a1_conditionalCall,Randoop,100.00,C,162,run-10-30sec,30557
B5a1,B5a1_simple,Randoop,100.00,C,64,run-10-30sec,30459
B5a1,B5a1_useReturnValue,Randoop,100.00,C,25,run-10-30sec,30467
B5a2,B5a2_conditionalCall,Randoop,100.00,C,162,run-10-30sec,30691
B5a2,B5a2_simple,Randoop,100.00,C,64,run-10-30sec,30463
B5a2,B5a2_useReturnValue,Randoop,100.00,C,25,run-10-30sec,30467
B5b1,B5b1_fibonacci,Randoop,100.00,C,6,run-10-30sec,30454
B5b1,B5b1_simple,Randoop,100.00,C,5,run-10-30sec,30462
B5b2,B5b2_fibonacci,Randoop,100.00,C,4,run-10-30sec,30448
B5b2,B5b2_simple,Randoop,100.00,C,6,run-10-30sec,30478
B6a,B6a_always,Randoop,100.00,C,1,run-10-30sec,30452
B6a,B6a_call,Randoop,100.00,C,64,run-10-30sec,30506
B6a,B6a_conditionalAndLoop,Randoop,100.00,C,5,run-10-30sec,30399
B6a,B6a_recursive,Randoop,100.00,C,5,run-10-30sec,30456
B6a,B6a_tryCatch,Randoop,100.00,C,64,run-10-30sec,30491
B6a,B6a_tryCatchFinally,Randoop,100.00,C,729,run-10-30sec,30765
B6b,B6b_always,Randoop,100.00,C,1,run-10-30sec,30452
B6b,B6b_call,Randoop,100.00,C,64,run-10-30sec,30467
B6b,B6b_conditionalAndLoop,Randoop,100.00,C,5,run-10-30sec,30469
B6b,B6b_recursive,Randoop,100.00,C,5,run-10-30sec,30462
B6b,B6b_tryCatch,Randoop,100.00,C,64,run-10-30sec,30458
B6b,B6b_tryCatchFinally,Randoop,100.00,C,729,run-10-30sec,30764
B6c,B6c_arithmeticException,Randoop,100.00,C,2,run-10-30sec,30460
B6c,B6c_arrayIndexOutOfBoundsException,Randoop,100.00,C,2,run-10-30sec,30464
B6c,B6c_classCastException,Randoop,100.00,C,2,run-10-30sec,30462
B6c,B6c_illegalArgumentException,Randoop,100.00,C,2,run-10-30sec,30448
B6c,B6c_illegalStateException,Randoop,100.00,C,2,run-10-30sec,30383
B6c,B6c_indexOutOfBoundsException,Randoop,100.00,C,2,run-10-30sec,30459
B6c,B6c_nullPointerException,Randoop,100.00,C,2,run-10-30sec,30461
B6c,B6c_securityException,Randoop,100.00,C,2,run-10-30sec,30471
B6c,B6c_unsupportedOperationException,Randoop,100.00,C,2,run-10-30sec,30474
S1,S1_returnStructure,Randoop,40.00,NC,1,run-10-30sec,30467
S1,S1_returnStructureParams,Randoop,100.00,C,25,run-10-30sec,30453
S1,S1_useStructure,Randoop,66.67,NC,1,run-10-30sec,30488
S1,S1_useStructureParams,Randoop,100.00,C,4999,run-10-30sec,4707
S2,S2_oneStructure,Randoop,18.18,NC,1,run-10-30sec,30462
S2,S2_oneStructureParams,Randoop,100.00,C,64,run-10-30sec,30465
S2,S2_twoStructures,Randoop,14.29,NC,1,run-10-30sec,30468
S2,S2_twoStructuresParams,Randoop,100.00,C,4096,run-10-30sec,31274
S3,S3_arrayOfStructures,Randoop,,EX,,run-10-30sec,401
S3,S3_arrayOfStructuresParams,Randoop,,EX,,run-10-30sec,401
S3,S3_noLimit,Randoop,25.00,NC,5,run-10-30sec,30486
S3,S3_noLimitParams,Randoop,100.00,C,343,run-10-30sec,30566
S3,S3_withLimit,Randoop,25.00,NC,5,run-10-30sec,30454
S3,S3_withLimitParams,Randoop,100.00,C,216,run-10-30sec,30564
S4,S4_guess,Randoop,22.22,NC,1,run-10-30sec,30466
S4,S4_guessCoordinates,Randoop,16.67,NC,1,run-10-30sec,30467
S4,S4_guessParams,Randoop,66.67,NC,1296,run-10-30sec,30861
O1,O1_fullCoverage,Randoop,13.33,NC,125,run-10-30sec,30565
O1,O1_guessImpossibleObject,Randoop,40.00,NC,1,run-10-30sec,30400
O1,O1_guessImpossibleOperationCount,Randoop,28.57,NC,5,run-10-30sec,30486
O1,O1_guessImpossibleOperationCountParams,Randoop,83.33,C,5,run-10-30sec,30481
O1,O1_guessImpossibleResult,Randoop,15.38,NC,125,run-10-30sec,30552
O1,O1_guessImpossibleResultAndOperationCount,Randoop,28.57,NC,25,run-10-30sec,30402
O1,O1_guessImpossibleResultAndOperationCountParams,Randoop,83.33,C,25,run-10-30sec,30469
O1,O1_guessImpossibleResultParams,Randoop,91.67,C,125,run-10-30sec,30458
O1,O1_guessObject,Randoop,40.00,NC,1,run-10-30sec,30464
O1,O1_guessOperationCount,Randoop,28.57,NC,5,run-10-30sec,30456
O1,O1_guessOperationCountParams,Randoop,83.33,NC,5,run-10-30sec,30470
O1,O1_guessResult,Randoop,15.38,NC,125,run-10-30sec,30608
O1,O1_guessResultAndOperationCount,Randoop,28.57,NC,25,run-10-30sec,30462
O1,O1_guessResultAndOperationCountParams,Randoop,83.33,NC,25,run-10-30sec,30471
O1,O1_guessResultParams,Randoop,100.00,C,125,run-10-30sec,30561
O1,O1_oneOperationNoCheck,Randoop,0.00,NC,5,run-10-30sec,30460
O1,O1_oneOperationParams,Randoop,100.00,C,5,run-10-30sec,30463
O1,O1_oneOperationWithCheck,Randoop,22.22,NC,5,run-10-30sec,30456
O1,O1_twoOperationsParams,Randoop,100.00,C,4999,run-10-30sec,4812
O1,O1_twoOperationsWithCheck,Randoop,18.18,NC,25,run-10-30sec,30458
O1,O1_twoOperationsWithNocheck,Randoop,0.00,NC,25,run-10-30sec,30456
O2,O2_guessResult,Randoop,13.33,NC,125,run-10-30sec,30554
O2,O2_guessResultParams,Randoop,100.00,C,125,run-10-30sec,30552
O3a,O3a_guessResult,Randoop,11.11,NC,125,run-10-30sec,30671
O3a,O3a_guessResultParams,Randoop,100.00,C,125,run-10-30sec,30551
O3b,O3b_guess,Randoop,33.33,NC,5,run-10-30sec,30458
O3b,O3b_guessImpossible,Randoop,33.33,NC,5,run-10-30sec,30763
O3b,O3b_validate,Randoop,33.33,NC,5,run-10-30sec,30459
O3c,O3c_guess,Randoop,33.33,NC,5,run-10-30sec,30454
O3c,O3c_guessImpossible,Randoop,33.33,NC,5,run-10-30sec,30459
O3c,O3c_validate,Randoop,33.33,NC,5,run-10-30sec,30478
O4,O4_guessImpossible,Randoop,11.76,NC,125,run-10-30sec,30554
O4,O4_guessImpossibleParams,Randoop,87.50,C,125,run-10-30sec,30454
O4,O4_guessResult,Randoop,11.76,NC,125,run-10-30sec,30549
O4,O4_guessResultParams,Randoop,87.50,NC,125,run-10-30sec,30552
G1,G1_guessType,Randoop,88.89,C,140,run-10-30sec,31065
G1,G1_guessTypeAndUse,Randoop,93.33,C,141,run-10-30sec,31052
G1,G1_guessTypeWithExtends,Randoop,88.89,C,32,run-10-30sec,30459
G1,G1_guessTypeWithExtendsAndUse,Randoop,93.33,C,33,run-10-30sec,30457
G2,G2_guessDescendant,Randoop,0.00,NC,1,run-10-30sec,30434
G2,G2_guessImpossible,Randoop,0.00,NC,1,run-10-30sec,30378
G2,G2_guessInteger,Randoop,0.00,NC,1,run-10-30sec,30495
G2,G2_guessIntegerNoHelp,Randoop,0.00,NC,1,run-10-30sec,30459
G2,G2_guessSafe,Randoop,0.00,NC,1,run-10-30sec,30366
G2,G2_guessSafeNoHelp,Randoop,0.00,NC,1,run-10-30sec,30366
L1,L1_abs,Randoop,100.00,C,25,run-10-30sec,30451
L1,L1_absImpossible,Randoop,66.67,C,25,run-10-30sec,30456
L1,L1_cbrt,Randoop,75.00,NC,5,run-10-30sec,30394
L1,L1_cos,Randoop,75.00,NC,5,run-10-30sec,30473
L1,L1_cosImpossible,Randoop,66.67,C,5,run-10-30sec,30455
L1,L1_log10GuessArgument,Randoop,100.00,C,5,run-10-30sec,30462
L1,L1_logGuessArgument,Randoop,100.00,C,5,run-10-30sec,30461
L1,L1_logGuessBase,Randoop,100.00,C,5,run-10-30sec,30462
L1,L1_logGuessBaseAndArgument,Randoop,100.00,C,25,run-10-30sec,30452
L1,L1_minMax,Randoop,66.67,NC,25,run-10-30sec,30462
L1,L1_minMaxImpossible,Randoop,66.67,C,25,run-10-30sec,30462
L1,L1_minMaxWithOrder,Randoop,66.67,NC,25,run-10-30sec,30456
L1,L1_powGuessBase,Randoop,75.00,NC,5,run-10-30sec,30462
L1,L1_powGuessBaseAndExponent,Randoop,75.00,NC,25,run-10-30sec,30462
L1,L1_powGuessExponent,Randoop,100.00,C,5,run-10-30sec,30396
L1,L1_sin,Randoop,75.00,NC,5,run-10-30sec,30458
L1,L1_sinImpossible,Randoop,66.67,C,5,run-10-30sec,30411
L1,L1_sqrt,Randoop,75.00,NC,5,run-10-30sec,30450
L1,L1_sqrtImpossible,Randoop,66.67,C,5,run-10-30sec,30453
L1,L1_tan,Randoop,75.00,NC,5,run-10-30sec,30461
L2,L2_add,Randoop,57.14,NC,289,run-10-30sec,30559
L2,L2_addWithCondition,Randoop,53.85,NC,4,run-10-30sec,30464
L2,L2_charAt,Randoop,0.00,NC,2,run-10-30sec,30470
L2,L2_compareTo,Randoop,55.56,NC,2,run-10-30sec,30463
L2,L2_compareToIgnoreCase,Randoop,55.56,NC,2,run-10-30sec,30463
L2,L2_equality,Randoop,55.56,NC,2,run-10-30sec,30457
L2,L2_equalityIgnoreCase,Randoop,55.56,NC,2,run-10-30sec,30457
L2,L2_indexOf,Randoop,50.00,NC,2,run-10-30sec,30471
L2,L2_length,Randoop,57.14,NC,2,run-10-30sec,30459
L2,L2_regionEquality,Randoop,50.00,NC,2,run-10-30sec,30463
L2,L2_startsEnds,Randoop,42.86,NC,2,run-10-30sec,30464
L2,L2_substring,Randoop,57.14,NC,2,run-10-30sec,30456
L2,L2_switchString,Randoop,50.00,NC,2,run-10-30sec,30381
L3,L3_guessDouble,Randoop,80.00,NC,6,run-10-30sec,30461
L3,L3_guessInteger,Randoop,80.00,NC,6,run-10-30sec,30459
L3,L3_integerOverflow,Randoop,100.00,C,4999,run-10-30sec,6523
L4,L4_guessElementAndIndex,Randoop,100.00,C,25,run-10-30sec,30458
L4,L4_guessElements,Randoop,83.33,NC,25,run-10-30sec,30455
L4,L4_guessGenericListWithElement,Randoop,0.00,NC,1,run-10-30sec,30485
L4,L4_guessGenericListWithSize,Randoop,0.00,NC,1,run-10-30sec,30468
L4,L4_guessGenericVectorWithElement,Randoop,0.00,NC,1,run-10-30sec,30366
L4,L4_guessGenericVectorWithSize,Randoop,0.00,NC,1,run-10-30sec,30385
L4,L4_guessIndices,Randoop,88.89,NC,25,run-10-30sec,30459
L4,L4_guessListWithSize,Randoop,0.00,NC,1,run-10-30sec,30385
L4,L4_guessSize,Randoop,83.33,NC,5,run-10-30sec,30480
L4,L4_guessSizeAndElements,Randoop,83.33,NC,125,run-10-30sec,30467
L4,L4_guessVectorWithSize,Randoop,0.00,NC,1,run-10-30sec,30470
LO,LO_associatesAPIGuessDate,Randoop,43.75,NC,2,run-10-30sec,30461
LO,LO_associatesAPIGuessValidDateFormat,Randoop,50.00,NC,2,run-10-30sec,30481
LO,LO_guessUUID,Randoop,33.33,NC,2,run-10-30sec,30463
LO,LO_guessValidUUID,Randoop,50.00,NC,2,run-10-30sec,30464
LO,LO_inheritsAPIGuessOneObject,Randoop,28.57,NC,1,run-10-30sec,30469
LO,LO_inheritsAPIGuessOnePrimitive,Randoop,66.67,NC,5,run-10-30sec,30463
LO,LO_inheritsAPIGuessTwoObjects,Randoop,16.67,NC,1,run-10-30sec,30462
LO,LO_inheritsAPIGuessTwoPrimitives,Randoop,83.33,NC,25,run-10-30sec,30456
LO,LO_regexCaseInsensitive,Randoop,71.43,NC,2,run-10-30sec,30468
LO,LO_regexCaseSensitive,Randoop,60.00,NC,2,run-10-30sec,30458
Others,Others_guess,Randoop,,EX,,run-10-30sec,401
Others,Others_guessEnum,Randoop,18.18,NC,1,run-10-30sec,30459
Others,Others_guessEnumOrdinal,Randoop,18.18,NC,1,run-10-30sec,30469
Others,Others_guessEnumString,Randoop,18.18,NC,1,run-10-30sec,30472
Others,Others_guessWithLength,Randoop,,EX,,run-10-30sec,401
Others,Others_iterateWithFor,Randoop,,EX,,run-10-30sec,401
Others,Others_iterateWithForeach,Randoop,,EX,,run-10-30sec,401
Others,Others_minMax,Randoop,66.67,NC,25,run-10-30sec,30461
Others,Others_minMaxImpossible,Randoop,66.67,C,25,run-10-30sec,30464
Others,Others_minMaxWithOrder,Randoop,66.67,NC,25,run-10-30sec,30455
Others,Others_switchEnum,Randoop,25.00,NC,1,run-10-30sec,30459
Others,Others_test,Randoop,100.00,C,5,run-10-30sec,30419
B1a,B1a_oneParamBoolean,SPF,100.00,C,2,run-01-30sec,3009
B1a,B1a_oneParamByte,SPF,100.00,C,1,run-01-30sec,1603
B1a,B1a_oneParamChar,SPF,100.00,C,1,run-01-30sec,1603
B1a,B1a_oneParamDouble,SPF,100.00,C,1,run-01-30sec,1604
B1a,B1a_oneParamFloat,SPF,100.00,C,1,run-01-30sec,1602
B1a,B1a_oneParamInt,SPF,100.00,C,1,run-01-30sec,1602
B1a,B1a_oneParamLong,SPF,100.00,C,1,run-01-30sec,1604
B1a,B1a_oneParamShort,SPF,100.00,C,1,run-01-30sec,1602
B1a,B1a_twoParamBoolean,SPF,100.00,C,1,run-01-30sec,1603
B1a,B1a_twoParamByte,SPF,100.00,C,1,run-01-30sec,1603
B1a,B1a_twoParamChar,SPF,100.00,C,1,run-01-30sec,1602
B1a,B1a_twoParamDouble,SPF,100.00,C,1,run-01-30sec,1678
B1a,B1a_twoParamFloat,SPF,100.00,C,1,run-01-30sec,1605
B1a,B1a_twoParamInt,SPF,100.00,C,1,run-01-30sec,1602
B1a,B1a_twoParamLong,SPF,100.00,C,1,run-01-30sec,1703
B1a,B1a_twoParamShort,SPF,100.00,C,1,run-01-30sec,1602
B1b,B1b_constBoolean,SPF,100.00,C,1,run-01-30sec,1604
B1b,B1b_constByte,SPF,100.00,C,1,run-01-30sec,1603
B1b,B1b_constChar,SPF,100.00,C,1,run-01-30sec,1603
B1b,B1b_constDouble,SPF,100.00,C,1,run-01-30sec,1602
B1b,B1b_constFloat,SPF,100.00,C,1,run-01-30sec,1603
B1b,B1b_constInt,SPF,100.00,C,1,run-01-30sec,1605
B1b,B1b_constLong,SPF,100.00,C,1,run-01-30sec,1503
B1b,B1b_constShort,SPF,100.00,C,1,run-01-30sec,1603
B1c,B1c_add,SPF,100.00,C,1,run-01-30sec,1602
B1c,B1c_addAssignment,SPF,100.00,C,1,run-01-30sec,1602
B1c,B1c_divide,SPF,100.00,C,2,run-01-30sec,2506
B1c,B1c_divideAssignment,SPF,100.00,C,2,run-01-30sec,2408
B1c,B1c_modulo,SPF,,N/A,,run-01-30sec,2404
B1c,B1c_moduloAssignment,SPF,,N/A,,run-01-30sec,2404
B1c,B1c_multiply,SPF,100.00,C,1,run-01-30sec,1503
B1c,B1c_multiplyAssignment,SPF,100.00,C,1,run-01-30sec,1603
B1c,B1c_postfixMinusMinus,SPF,100.00,C,1,run-01-30sec,1605
B1c,B1c_postfixPlusplus,SPF,100.00,C,1,run-01-30sec,1602
B1c,B1c_substract,SPF,100.00,C,1,run-01-30sec,1602
B1c,B1c_substractAssignment,SPF,100.00,C,1,run-01-30sec,1606
B1c,B1c_unaryMinus,SPF,100.00,C,1,run-01-30sec,1602
B1c,B1c_unaryMinusMinus,SPF,100.00,C,1,run-01-30sec,1603
B1c,B1c_unaryPlus,SPF,100.00,C,1,run-01-30sec,1604
B1c,B1c_unaryPlusPlus,SPF,100.00,C,1,run-01-30sec,1602
B1d,B1d_and,SPF,100.00,C,3,run-01-30sec,2605
B1d,B1d_equal,SPF,100.00,C,2,run-01-30sec,2405
B1d,B1d_greater,SPF,100.00,C,2,run-01-30sec,2504
B1d,B1d_greaterOrEqual,SPF,100.00,C,2,run-01-30sec,2504
B1d,B1d_negate,SPF,100.00,C,2,run-01-30sec,2404
B1d,B1d_notEqual,SPF,100.00,C,2,run-01-30sec,2404
B1d,B1d_or,SPF,100.00,C,3,run-01-30sec,2603
B1d,B1d_smaller,SPF,100.00,C,2,run-01-30sec,2403
B1d,B1d_smallerOrEqual,SPF,100.00,C,2,run-01-30sec,2503
B1e,B1e_and,SPF,100.00,C,1,run-01-30sec,1602
B1e,B1e_andAssignment,SPF,100.00,C,1,run-01-30sec,1604
B1e,B1e_negate,SPF,100.00,C,1,run-01-30sec,1602
B1e,B1e_or,SPF,100.00,C,1,run-01-30sec,1604
B1e,B1e_orAssignment,SPF,100.00,C,1,run-01-30sec,1603
B1e,B1e_shiftLeft,SPF,100.00,C,1,run-01-30sec,1606
B1e,B1e_shiftLeftAssignment,SPF,100.00,C,1,run-01-30sec,1603
B1e,B1e_shiftRight,SPF,100.00,C,1,run-01-30sec,1604
B1e,B1e_shiftRightAssignment,SPF,100.00,C,1,run-01-30sec,1604
B1e,B1e_shiftRightUnsigned,SPF,100.00,C,1,run-01-30sec,1606
B1e,B1e_shiftRightUnsignedAssignment,SPF,100.00,C,1,run-01-30sec,1607
B1e,B1e_xor,SPF,100.00,C,1,run-01-30sec,1602
B1e,B1e_xorAssignment,SPF,100.00,C,1,run-01-30sec,1603
B2a,B2a_oneParamBoolean,SPF,100.00,C,2,run-01-30sec,2404
B2a,B2a_oneParamDouble,SPF,100.00,C,4,run-01-30sec,4812
B2a,B2a_oneParamInt,SPF,100.00,C,4,run-01-30sec,2503
B2a,B2a_twoParamsBoolean,SPF,72.73,C,4,run-01-30sec,3907
B2a,B2a_twoParamsDouble,SPF,84.62,C,7,run-01-30sec,14836
B2a,B2a_twoParamsInt,SPF,84.62,C,7,run-01-30sec,8917
B2b,B2b_oneParamBoolean,SPF,100.00,C,2,run-01-30sec,2403
B2b,B2b_oneParamInt,SPF,100.00,C,2,run-01-30sec,2503
B2b,B2b_twoParamsBoolean,SPF,100.00,C,3,run-01-30sec,2505
B2b,B2b_twoParamsInt,SPF,100.00,C,3,run-01-30sec,2506
B2c,B2c_missingBreaks,SPF,100.00,C,4,run-01-30sec,2409
B2c,B2c_simple,SPF,100.00,C,4,run-01-30sec,2306
B2c,B2c_withReturn,SPF,100.00,C,4,run-01-30sec,2403
B2d,B2d_oneParamDouble,SPF,100.00,C,3,run-01-30sec,3209
B2d,B2d_oneParamFloat,SPF,100.00,C,3,run-01-30sec,3206
B2d,B2d_oneParamInt,SPF,100.00,C,2,run-01-30sec,3108
B2d,B2d_oneParamIntNoSolution,SPF,66.67,C,1,run-01-30sec,3704
B2d,B2d_quadraticDouble,SPF,100.00,C,5,run-01-30sec,10720
B2d,B2d_quadraticDoubleNoSolution,SPF,80.00,C,1,run-01-30sec,6911
B2d,B2d_quadraticFloat,SPF,100.00,C,9,run-01-30sec,7311
B2d,B2d_quadraticFloatNoSolution,SPF,,EX,,run-01-30sec,5307
B2d,B2d_quadraticInt,SPF,80.00,NC,3,run-01-30sec,4212
B2d,B2d_quadraticIntNoSolution,SPF,80.00,C,1,run-01-30sec,3813
B2d,B2d_threeParamsDouble,SPF,100.00,C,10,run-01-30sec,7312
B2d,B2d_threeParamsFloat,SPF,100.00,C,13,run-01-30sec,5609
B2d,B2d_threeParamsInt,SPF,83.33,NC,3,run-01-30sec,5210
B2d,B2d_threeParamsIntNoSolution,SPF,83.33,C,3,run-01-30sec,5408
B2d,B2d_twoParamsDouble,SPF,80.00,NC,4,run-01-30sec,4506
B2d,B2d_twoParamsFloat,SPF,80.00,NC,4,run-01-30sec,4714
B2d,B2d_twoParamsInt,SPF,100.00,C,3,run-01-30sec,2803
B2d,B2d_twoParamsIntNoSolution,SPF,80.00,C,2,run-01-30sec,4012
B3a,B3a_complex,SPF,,T/M,,run-01-30sec,30216
B3a,B3a_infinite,SPF,,T/M,,run-01-30sec,30159
B3a,B3a_infiniteNotOptimalizable,SPF,,T/M,,run-01-30sec,30206
B3a,B3a_nestedLoop,SPF,,N/A,,run-01-30sec,2407
B3a,B3a_nestedLoopWithLabel,SPF,,N/A,,run-01-30sec,2404
B3a,B3a_withConditionAndLimit,SPF,100.00,C,12,run-01-30sec,3305
B3a,B3a_withConditionNoLimit,SPF,,N/A,,run-01-30sec,2307
B3a,B3a_withContinueBreak,SPF,100.00,C,103,run-01-30sec,8820
B3a,B3a_withLimit,SPF,100.00,C,12,run-01-30sec,3309
B3b,B3b_complex,SPF,,T/M,,run-01-30sec,30207
B3b,B3b_infinite,SPF,,T/M,,run-01-30sec,30150
B3b,B3b_infiniteNotOptimalizable,SPF,,T/M,,run-01-30sec,30195
B3b,B3b_nestedLoop,SPF,,N/A,,run-01-30sec,2603
B3b,B3b_nestedLoopWithLabel,SPF,,N/A,,run-01-30sec,2305
B3b,B3b_withConditionAndLimit,SPF,100.00,C,12,run-01-30sec,3305
B3b,B3b_withConditionNoLimit,SPF,,N/A,,run-01-30sec,2403
B3b,B3b_withContinueBreak,SPF,100.00,C,103,run-01-30sec,8713
B3b,B3b_withLimit,SPF,100.00,C,12,run-01-30sec,3306
B3c,B3c_complex,SPF,,T/M,,run-01-30sec,30211
B3c,B3c_infinite,SPF,,T/M,,run-01-30sec,30149
B3c,B3c_infiniteNotOptimalizable,SPF,,T/M,,run-01-30sec,30191
B3c,B3c_nestedLoop,SPF,,N/A,,run-01-30sec,1606
B3c,B3c_nestedLoopWithLabel,SPF,,N/A,,run-01-30sec,1602
B3c,B3c_withConditionAndLimit,SPF,100.00,C,11,run-01-30sec,4330
B3c,B3c_withConditionNoLimit,SPF,,N/A,,run-01-30sec,1603
B3c,B3c_withContinueBreak,SPF,100.00,C,102,run-01-30sec,8614
B3c,B3c_withLimit,SPF,100.00,C,11,run-01-30sec,3206
B4a,B4a_fromParams,SPF,100.00,C,4,run-01-30sec,2503
B4a,B4a_fromParamsWithIndex,SPF,83.33,NC,5,run-01-30sec,4109
B4a,B4a_guessLength,SPF,100.00,C,2,run-01-30sec,2403
B4a,B4a_guessOneArray,SPF,40.00,NC,1,run-01-30sec,1603
B4a,B4a_guessOneArrayWithLength,SPF,40.00,NC,1,run-01-30sec,1602
B4a,B4a_indexParam,SPF,83.33,NC,3,run-01-30sec,2606
B4a,B4a_iterateWithFor,SPF,22.22,NC,1,run-01-30sec,1502
B4a,B4a_iterateWithForeach,SPF,18.18,NC,1,run-01-30sec,1602
B4a,B4a_twoArrays,SPF,28.57,NC,1,run-01-30sec,1604
B4b,B4b_fromParams,SPF,100.00,C,4,run-01-30sec,2505
B4b,B4b_fromParamsWithIndex,SPF,75.00,NC,3,run-01-30sec,2404
B4b,B4b_guessLength,SPF,100.00,C,2,run-01-30sec,2406
B4b,B4b_guessOneArray,SPF,0.00,NC,1,run-01-30sec,1603
B4b,B4b_guessOneArrayWithLength,SPF,0.00,NC,1,run-01-30sec,1602
B4b,B4b_indexParam,SPF,75.00,NC,1,run-01-30sec,1602
B4b,B4b_iterateWithFor,SPF,0.00,NC,1,run-01-30sec,1602
B4b,B4b_iterateWithForeach,SPF,0.00,NC,1,run-01-30sec,1606
B4b,B4b_twoArrays,SPF,0.00,NC,1,run-01-30sec,1603
B5a1,B5a1_conditionalCall,SPF,100.00,C,8,run-01-30sec,9426
B5a1,B5a1_simple,SPF,100.00,C,7,run-01-30sec,6614
B5a1,B5a1_useReturnValue,SPF,100.00,C,7,run-01-30sec,6712
B5a2,B5a2_conditionalCall,SPF,100.00,C,8,run-01-30sec,8613
B5a2,B5a2_simple,SPF,100.00,C,7,run-01-30sec,7218
B5a2,B5a2_useReturnValue,SPF,100.00,C,7,run-01-30sec,6512
B5b1,B5b1_fibonacci,SPF,,T/M,,run-01-30sec,30199
B5b1,B5b1_simple,SPF,,N/A,,run-01-30sec,1602
B5b2,B5b2_fibonacci,SPF,,T/M,,run-01-30sec,30179
B5b2,B5b2_simple,SPF,,N/A,,run-01-30sec,1603
B6a,B6a_always,SPF,100.00,C,1,run-01-30sec,1602
B6a,B6a_call,SPF,100.00,C,7,run-01-30sec,6909
B6a,B6a_conditionalAndLoop,SPF,100.00,C,12,run-01-30sec,3305
B6a,B6a_recursive,SPF,,N/A,,run-01-30sec,2452
B6a,B6a_tryCatch,SPF,100.00,C,7,run-01-30sec,7113
B6a,B6a_tryCatchFinally,SPF,100.00,C,21,run-01-30sec,8937
B6b,B6b_always,SPF,100.00,C,1,run-01-30sec,1505
B6b,B6b_call,SPF,100.00,C,7,run-01-30sec,8014
B6b,B6b_conditionalAndLoop,SPF,100.00,C,12,run-01-30sec,3204
B6b,B6b_recursive,SPF,,N/A,,run-01-30sec,1603
B6b,B6b_tryCatch,SPF,100.00,C,7,run-01-30sec,7010
B6b,B6b_tryCatchFinally,SPF,100.00,C,21,run-01-30sec,8813
B6c,B6c_arithmeticException,SPF,100.00,C,2,run-01-30sec,2403
B6c,B6c_arrayIndexOutOfBoundsException,SPF,100.00,C,2,run-01-30sec,2504
B6c,B6c_classCastException,SPF,100.00,C,2,run-01-30sec,2404
B6c,B6c_illegalArgumentException,SPF,100.00,C,2,run-01-30sec,2503
B6c,B6c_illegalStateException,SPF,100.00,C,2,run-01-30sec,2403
B6c,B6c_indexOutOfBoundsException,SPF,100.00,C,2,run-01-30sec,2405
B6c,B6c_nullPointerException,SPF,100.00,C,2,run-01-30sec,2406
B6c,B6c_securityException,SPF,100.00,C,2,run-01-30sec,2409
B6c,B6c_unsupportedOperationException,SPF,100.00,C,2,run-01-30sec,2403
S1,S1_returnStructure,SPF,40.00,NC,1,run-01-30sec,1602
S1,S1_returnStructureParams,SPF,100.00,C,1,run-01-30sec,1602
S1,S1_useStructure,SPF,66.67,NC,1,run-01-30sec,1603
S1,S1_useStructureParams,SPF,100.00,C,1,run-01-30sec,1602
S2,S2_oneStructure,SPF,18.18,NC,1,run-01-30sec,1605
S2,S2_oneStructureParams,SPF,100.00,C,7,run-01-30sec,6612
S2,S2_twoStructures,SPF,14.29,NC,1,run-01-30sec,1602
S2,S2_twoStructuresParams,SPF,100.00,C,7,run-01-30sec,8014
S3,S3_arrayOfStructures,SPF,25.00,NC,1,run-01-30sec,1604
S3,S3_arrayOfStructuresParams,SPF,15.38,NC,1,run-01-30sec,1603
S3,S3_noLimit,SPF,25.00,NC,1,run-01-30sec,1605
S3,S3_noLimitParams,SPF,,N/A,,run-01-30sec,2403
S3,S3_withLimit,SPF,25.00,NC,1,run-01-30sec,1602
S3,S3_withLimitParams,SPF,,N/A,,run-01-30sec,2406
S4,S4_guess,SPF,22.22,NC,1,run-01-30sec,1502
S4,S4_guessCoordinates,SPF,16.67,NC,1,run-01-30sec,1602
S4,S4_guessParams,SPF,100.00,C,9,run-01-30sec,2906
O1,O1_fullCoverage,SPF,13.33,NC,1,run-01-30sec,1603
O1,O1_guessImpossibleObject,SPF,40.00,NC,1,run-01-30sec,1602
O1,O1_guessImpossibleOperationCount,SPF,28.57,NC,1,run-01-30sec,1603
O1,O1_guessImpossibleOperationCountParams,SPF,,T/M,,run-01-30sec,30263
O1,O1_guessImpossibleResult,SPF,15.38,NC,1,run-01-30sec,1601
O1,O1_guessImpossibleResultAndOperationCount,SPF,28.57,NC,1,run-01-30sec,1602
O1,O1_guessImpossibleResultAndOperationCountParams,SPF,,T/M,,run-01-30sec,30216
O1,O1_guessImpossibleResultParams,SPF,91.67,C,8,run-01-30sec,10015
O1,O1_guessObject,SPF,40.00,NC,1,run-01-30sec,1509
O1,O1_guessOperationCount,SPF,28.57,NC,1,run-01-30sec,1603
O1,O1_guessOperationCountParams,SPF,,T/M,,run-01-30sec,30171
O1,O1_guessResult,SPF,15.38,NC,1,run-01-30sec,1603
O1,O1_guessResultAndOperationCount,SPF,28.57,NC,1,run-01-30sec,1602
O1,O1_guessResultAndOperationCountParams,SPF,,T/M,,run-01-30sec,30244
O1,O1_guessResultParams,SPF,100.00,C,16,run-01-30sec,3909
O1,O1_oneOperationNoCheck,SPF,0.00,NC,1,run-01-30sec,1603
O1,O1_oneOperationParams,SPF,100.00,C,2,run-01-30sec,2504
O1,O1_oneOperationWithCheck,SPF,22.22,NC,1,run-01-30sec,1602
O1,O1_twoOperationsParams,SPF,100.00,C,4,run-01-30sec,2705
O1,O1_twoOperationsWithCheck,SPF,18.18,NC,1,run-01-30sec,1602
O1,O1_twoOperationsWithNocheck,SPF,0.00,NC,1,run-01-30sec,1702
O2,O2_guessResult,SPF,13.33,NC,1,run-01-30sec,1602
O2,O2_guessResultParams,SPF,100.00,C,16,run-01-30sec,4007
O3a,O3a_guessResult,SPF,11.11,NC,1,run-01-30sec,1603
O3a,O3a_guessResultParams,SPF,100.00,C,16,run-01-30sec,3812
O3b,O3b_guess,SPF,33.33,NC,1,run-01-30sec,1604
O3b,O3b_guessImpossible,SPF,33.33,NC,1,run-01-30sec,1601
O3b,O3b_validate,SPF,33.33,NC,1,run-01-30sec,1603
O3c,O3c_guess,SPF,33.33,NC,1,run-01-30sec,1509
O3c,O3c_guessImpossible,SPF,33.33,NC,1,run-01-30sec,1606
O3c,O3c_validate,SPF,33.33,NC,1,run-01-30sec,1602
O4,O4_guessImpossible,SPF,11.76,NC,1,run-01-30sec,1602
O4,O4_guessImpossibleParams,SPF,87.50,C,8,run-01-30sec,11319
O4,O4_guessResult,SPF,11.76,NC,1,run-01-30sec,2735
O4,O4_guessResultParams,SPF,93.75,C,15,run-01-30sec,8517
G1,G1_guessType,SPF,22.22,NC,1,run-01-30sec,1612
G1,G1_guessTypeAndUse,SPF,13.33,NC,1,run-01-30sec,1502
G1,G1_guessTypeWithExtends,SPF,22.22,NC,1,run-01-30sec,1606
G1,G1_guessTypeWithExtendsAndUse,SPF,13.33,NC,1,run-01-30sec,1501
G2,G2_guessDescendant,SPF,0.00,NC,1,run-01-30sec,1603
G2,G2_guessImpossible,SPF,0.00,NC,1,run-01-30sec,1602
G2,G2_guessInteger,SPF,0.00,NC,1,run-01-30sec,1602
G2,G2_guessIntegerNoHelp,SPF,0.00,NC,1,run-01-30sec,1603
G2,G2_guessSafe,SPF,0.00,NC,1,run-01-30sec,1602
G2,G2_guessSafeNoHelp,SPF,0.00,NC,1,run-01-30sec,1605
L1,L1_abs,SPF,100.00,C,10,run-01-30sec,3205
L1,L1_absImpossible,SPF,66.67,C,4,run-01-30sec,8011
L1,L1_cbrt,SPF,75.00,NC,1,run-01-30sec,1603
L1,L1_cos,SPF,100.00,C,3,run-01-30sec,5809
L1,L1_cosImpossible,SPF,66.67,C,1,run-01-30sec,5008
L1,L1_log10GuessArgument,SPF,,N/A,,run-01-30sec,1612
L1,L1_logGuessArgument,SPF,100.00,C,2,run-01-30sec,6308
L1,L1_logGuessBase,SPF,100.00,C,4,run-01-30sec,5215
L1,L1_logGuessBaseAndArgument,SPF,100.00,C,4,run-01-30sec,5506
L1,L1_minMax,SPF,100.00,C,7,run-01-30sec,5207
L1,L1_minMaxImpossible,SPF,66.67,C,7,run-01-30sec,5508
L1,L1_minMaxWithOrder,SPF,100.00,C,7,run-01-30sec,5309
L1,L1_powGuessBase,SPF,100.00,C,3,run-01-30sec,5408
L1,L1_powGuessBaseAndExponent,SPF,100.00,C,3,run-01-30sec,6710
L1,L1_powGuessExponent,SPF,100.00,C,3,run-01-30sec,5407
L1,L1_sin,SPF,100.00,C,3,run-01-30sec,5009
L1,L1_sinImpossible,SPF,66.67,C,1,run-01-30sec,4806
L1,L1_sqrt,SPF,100.00,C,3,run-01-30sec,5509
L1,L1_sqrtImpossible,SPF,66.67,C,1,run-01-30sec,4605
L1,L1_tan,SPF,100.00,C,3,run-01-30sec,5410
L2,L2_add,SPF,28.57,NC,1,run-01-30sec,1602
L2,L2_addWithCondition,SPF,0.00,NC,1,run-01-30sec,1706
L2,L2_charAt,SPF,28.57,NC,1,run-01-30sec,1603
L2,L2_compareTo,SPF,22.22,NC,1,run-01-30sec,1603
L2,L2_compareToIgnoreCase,SPF,22.22,NC,1,run-01-30sec,1702
L2,L2_equality,SPF,22.22,NC,1,run-01-30sec,1602
L2,L2_equalityIgnoreCase,SPF,22.22,NC,1,run-01-30sec,1603
L2,L2_indexOf,SPF,25.00,NC,1,run-01-30sec,1602
L2,L2_length,SPF,28.57,NC,1,run-01-30sec,1604
L2,L2_regionEquality,SPF,25.00,NC,1,run-01-30sec,1707
L2,L2_startsEnds,SPF,28.57,NC,1,run-01-30sec,1605
L2,L2_substring,SPF,28.57,NC,1,run-01-30sec,1602
L2,L2_switchString,SPF,33.33,NC,1,run-01-30sec,1602
L3,L3_guessDouble,SPF,40.00,NC,1,run-01-30sec,1603
L3,L3_guessInteger,SPF,40.00,NC,1,run-01-30sec,1605
L3,L3_integerOverflow,SPF,75.00,NC,1,run-01-30sec,1603
L4,L4_guessElementAndIndex,SPF,88.89,NC,3,run-01-30sec,2905
L4,L4_guessElements,SPF,100.00,C,3,run-01-30sec,2504
L4,L4_guessGenericListWithElement,SPF,,EX,,run-01-30sec,1604
L4,L4_guessGenericListWithSize,SPF,,EX,,run-01-30sec,1504
L4,L4_guessGenericVectorWithElement,SPF,0.00,NC,1,run-01-30sec,1605
L4,L4_guessGenericVectorWithSize,SPF,0.00,NC,1,run-01-30sec,1603
L4,L4_guessIndices,SPF,88.89,NC,3,run-01-30sec,2905
L4,L4_guessListWithSize,SPF,,EX,,run-01-30sec,1602
L4,L4_guessSize,SPF,100.00,C,2,run-01-30sec,2603
L4,L4_guessSizeAndElements,SPF,100.00,C,4,run-01-30sec,2604
L4,L4_guessVectorWithSize,SPF,0.00,NC,1,run-01-30sec,1602
LO,LO_associatesAPIGuessDate,SPF,,EX,,run-01-30sec,1606
LO,LO_associatesAPIGuessValidDateFormat,SPF,,EX,,run-01-30sec,1602
LO,LO_guessUUID,SPF,22.22,NC,1,run-01-30sec,1602
LO,LO_guessValidUUID,SPF,33.33,NC,1,run-01-30sec,1602
LO,LO_inheritsAPIGuessOneObject,SPF,28.57,NC,1,run-01-30sec,1602
LO,LO_inheritsAPIGuessOnePrimitive,SPF,83.33,C,4,run-01-30sec,2604
LO,LO_inheritsAPIGuessTwoObjects,SPF,16.67,NC,1,run-01-30sec,1603
LO,LO_inheritsAPIGuessTwoPrimitives,SPF,91.67,C,7,run-01-30sec,6709
LO,LO_regexCaseInsensitive,SPF,,EX,,run-01-30sec,1602
LO,LO_regexCaseSensitive,SPF,40.00,NC,1,run-01-30sec,1604
Others,Others_guess,SPF,40.00,NC,1,run-01-30sec,1602
Others,Others_guessEnum,SPF,18.18,NC,1,run-01-30sec,1603
Others,Others_guessEnumOrdinal,SPF,18.18,NC,1,run-01-30sec,1602
Others,Others_guessEnumString,SPF,18.18,NC,1,run-01-30sec,1604
Others,Others_guessWithLength,SPF,40.00,NC,1,run-01-30sec,1602
Others,Others_iterateWithFor,SPF,22.22,NC,1,run-01-30sec,1603
Others,Others_iterateWithForeach,SPF,18.18,NC,1,run-01-30sec,1605
Others,Others_minMax,SPF,100.00,C,7,run-01-30sec,5509
Others,Others_minMaxImpossible,SPF,66.67,C,7,run-01-30sec,5006
Others,Others_minMaxWithOrder,SPF,100.00,C,7,run-01-30sec,5307
Others,Others_switchEnum,SPF,25.00,NC,1,run-01-30sec,1604
Others,Others_test,SPF,100.00,C,2,run-01-30sec,2506
B1a,B1a_oneParamBoolean,SPF,100.00,C,2,run-02-30sec,2404
B1a,B1a_oneParamByte,SPF,100.00,C,1,run-02-30sec,1603
B1a,B1a_oneParamChar,SPF,100.00,C,1,run-02-30sec,1685
B1a,B1a_oneParamDouble,SPF,100.00,C,1,run-02-30sec,1603
B1a,B1a_oneParamFloat,SPF,100.00,C,1,run-02-30sec,1603
B1a,B1a_oneParamInt,SPF,100.00,C,1,run-02-30sec,1602
B1a,B1a_oneParamLong,SPF,100.00,C,1,run-02-30sec,1604
B1a,B1a_oneParamShort,SPF,100.00,C,1,run-02-30sec,1603
B1a,B1a_twoParamBoolean,SPF,100.00,C,1,run-02-30sec,1603
B1a,B1a_twoParamByte,SPF,100.00,C,1,run-02-30sec,1502
B1a,B1a_twoParamChar,SPF,100.00,C,1,run-02-30sec,1603
B1a,B1a_twoParamDouble,SPF,100.00,C,1,run-02-30sec,1605
B1a,B1a_twoParamFloat,SPF,100.00,C,1,run-02-30sec,1603
B1a,B1a_twoParamInt,SPF,100.00,C,1,run-02-30sec,1603
B1a,B1a_twoParamLong,SPF,100.00,C,1,run-02-30sec,1604
B1a,B1a_twoParamShort,SPF,100.00,C,1,run-02-30sec,1602
B1b,B1b_constBoolean,SPF,100.00,C,1,run-02-30sec,1703
B1b,B1b_constByte,SPF,100.00,C,1,run-02-30sec,1502
B1b,B1b_constChar,SPF,100.00,C,1,run-02-30sec,1604
B1b,B1b_constDouble,SPF,100.00,C,1,run-02-30sec,2433
B1b,B1b_constFloat,SPF,100.00,C,1,run-02-30sec,1603
B1b,B1b_constInt,SPF,100.00,C,1,run-02-30sec,1604
B1b,B1b_constLong,SPF,100.00,C,1,run-02-30sec,1703
B1b,B1b_constShort,SPF,100.00,C,1,run-02-30sec,1507
B1c,B1c_add,SPF,100.00,C,1,run-02-30sec,1605
B1c,B1c_addAssignment,SPF,100.00,C,1,run-02-30sec,1603
B1c,B1c_divide,SPF,100.00,C,2,run-02-30sec,2404
B1c,B1c_divideAssignment,SPF,100.00,C,2,run-02-30sec,2403
B1c,B1c_modulo,SPF,,N/A,,run-02-30sec,2303
B1c,B1c_moduloAssignment,SPF,,N/A,,run-02-30sec,2403
B1c,B1c_multiply,SPF,100.00,C,1,run-02-30sec,1603
B1c,B1c_multiplyAssignment,SPF,100.00,C,1,run-02-30sec,1604
B1c,B1c_postfixMinusMinus,SPF,100.00,C,1,run-02-30sec,1604
B1c,B1c_postfixPlusplus,SPF,100.00,C,1,run-02-30sec,1602
B1c,B1c_substract,SPF,100.00,C,1,run-02-30sec,1604
B1c,B1c_substractAssignment,SPF,100.00,C,1,run-02-30sec,1602
B1c,B1c_unaryMinus,SPF,100.00,C,1,run-02-30sec,1603
B1c,B1c_unaryMinusMinus,SPF,100.00,C,1,run-02-30sec,1603
B1c,B1c_unaryPlus,SPF,100.00,C,1,run-02-30sec,1602
B1c,B1c_unaryPlusPlus,SPF,100.00,C,1,run-02-30sec,1603
B1d,B1d_and,SPF,100.00,C,3,run-02-30sec,2605
B1d,B1d_equal,SPF,100.00,C,2,run-02-30sec,2408
B1d,B1d_greater,SPF,100.00,C,2,run-02-30sec,2405
B1d,B1d_greaterOrEqual,SPF,100.00,C,2,run-02-30sec,2603
B1d,B1d_negate,SPF,100.00,C,2,run-02-30sec,2506
B1d,B1d_notEqual,SPF,100.00,C,2,run-02-30sec,2408
B1d,B1d_or,SPF,100.00,C,3,run-02-30sec,2505
B1d,B1d_smaller,SPF,100.00,C,2,run-02-30sec,2407
B1d,B1d_smallerOrEqual,SPF,100.00,C,2,run-02-30sec,2505
B1e,B1e_and,SPF,100.00,C,1,run-02-30sec,1602
B1e,B1e_andAssignment,SPF,100.00,C,1,run-02-30sec,1603
B1e,B1e_negate,SPF,100.00,C,1,run-02-30sec,1602
B1e,B1e_or,SPF,100.00,C,1,run-02-30sec,1602
B1e,B1e_orAssignment,SPF,100.00,C,1,run-02-30sec,1602
B1e,B1e_shiftLeft,SPF,100.00,C,1,run-02-30sec,1602
B1e,B1e_shiftLeftAssignment,SPF,100.00,C,1,run-02-30sec,1602
B1e,B1e_shiftRight,SPF,100.00,C,1,run-02-30sec,1602
B1e,B1e_shiftRightAssignment,SPF,100.00,C,1,run-02-30sec,1605
B1e,B1e_shiftRightUnsigned,SPF,100.00,C,1,run-02-30sec,1603
B1e,B1e_shiftRightUnsignedAssignment,SPF,100.00,C,1,run-02-30sec,1603
B1e,B1e_xor,SPF,100.00,C,1,run-02-30sec,1603
B1e,B1e_xorAssignment,SPF,100.00,C,1,run-02-30sec,1605
B2a,B2a_oneParamBoolean,SPF,100.00,C,2,run-02-30sec,2503
B2a,B2a_oneParamDouble,SPF,100.00,C,4,run-02-30sec,5313
B2a,B2a_oneParamInt,SPF,100.00,C,4,run-02-30sec,2607
B2a,B2a_twoParamsBoolean,SPF,72.73,C,4,run-02-30sec,3907
B2a,B2a_twoParamsDouble,SPF,84.62,C,7,run-02-30sec,15128
B2a,B2a_twoParamsInt,SPF,84.62,C,7,run-02-30sec,9917
B2b,B2b_oneParamBoolean,SPF,100.00,C,2,run-02-30sec,2406
B2b,B2b_oneParamInt,SPF,100.00,C,2,run-02-30sec,2307
B2b,B2b_twoParamsBoolean,SPF,100.00,C,3,run-02-30sec,2604
B2b,B2b_twoParamsInt,SPF,100.00,C,3,run-02-30sec,2504
B2c,B2c_missingBreaks,SPF,100.00,C,4,run-02-30sec,2403
B2c,B2c_simple,SPF,100.00,C,4,run-02-30sec,2403
B2c,B2c_withReturn,SPF,100.00,C,4,run-02-30sec,2405
B2d,B2d_oneParamDouble,SPF,100.00,C,3,run-02-30sec,3306
B2d,B2d_oneParamFloat,SPF,100.00,C,3,run-02-30sec,3305
B2d,B2d_oneParamInt,SPF,100.00,C,2,run-02-30sec,2407
B2d,B2d_oneParamIntNoSolution,SPF,66.67,C,1,run-02-30sec,3805
B2d,B2d_quadraticDouble,SPF,100.00,C,5,run-02-30sec,8715
B2d,B2d_quadraticDoubleNoSolution,SPF,80.00,C,1,run-02-30sec,5808
B2d,B2d_quadraticFloat,SPF,100.00,C,9,run-02-30sec,7515
B2d,B2d_quadraticFloatNoSolution,SPF,,EX,,run-02-30sec,5415
B2d,B2d_quadraticInt,SPF,80.00,NC,3,run-02-30sec,4308
B2d,B2d_quadraticIntNoSolution,SPF,80.00,C,1,run-02-30sec,3809
B2d,B2d_threeParamsDouble,SPF,100.00,C,10,run-02-30sec,7215
B2d,B2d_threeParamsFloat,SPF,100.00,C,13,run-02-30sec,5709
B2d,B2d_threeParamsInt,SPF,83.33,NC,3,run-02-30sec,5521
B2d,B2d_threeParamsIntNoSolution,SPF,83.33,C,3,run-02-30sec,5708
B2d,B2d_twoParamsDouble,SPF,80.00,NC,4,run-02-30sec,4408
B2d,B2d_twoParamsFloat,SPF,80.00,NC,4,run-02-30sec,4411
B2d,B2d_twoParamsInt,SPF,100.00,C,3,run-02-30sec,2807
B2d,B2d_twoParamsIntNoSolution,SPF,80.00,C,2,run-02-30sec,4111
B3a,B3a_complex,SPF,,T/M,,run-02-30sec,30152
B3a,B3a_infinite,SPF,,T/M,,run-02-30sec,30160
B3a,B3a_infiniteNotOptimalizable,SPF,,T/M,,run-02-30sec,30227
B3a,B3a_nestedLoop,SPF,,N/A,,run-02-30sec,2409
B3a,B3a_nestedLoopWithLabel,SPF,,N/A,,run-02-30sec,2305
B3a,B3a_withConditionAndLimit,SPF,100.00,C,12,run-02-30sec,3304
B3a,B3a_withConditionNoLimit,SPF,,N/A,,run-02-30sec,2303
B3a,B3a_withContinueBreak,SPF,100.00,C,103,run-02-30sec,8715
B3a,B3a_withLimit,SPF,100.00,C,12,run-02-30sec,3409
B3b,B3b_complex,SPF,,T/M,,run-02-30sec,30203
B3b,B3b_infinite,SPF,,T/M,,run-02-30sec,30154
B3b,B3b_infiniteNotOptimalizable,SPF,,T/M,,run-02-30sec,30212
B3b,B3b_nestedLoop,SPF,,N/A,,run-02-30sec,2408
B3b,B3b_nestedLoopWithLabel,SPF,,N/A,,run-02-30sec,2507
B3b,B3b_withConditionAndLimit,SPF,100.00,C,12,run-02-30sec,3409
B3b,B3b_withConditionNoLimit,SPF,,N/A,,run-02-30sec,2404
B3b,B3b_withContinueBreak,SPF,100.00,C,103,run-02-30sec,8713
B3b,B3b_withLimit,SPF,100.00,C,12,run-02-30sec,3307
B3c,B3c_complex,SPF,,T/M,,run-02-30sec,30139
B3c,B3c_infinite,SPF,,T/M,,run-02-30sec,30159
B3c,B3c_infiniteNotOptimalizable,SPF,,T/M,,run-02-30sec,30215
B3c,B3c_nestedLoop,SPF,,N/A,,run-02-30sec,1603
B3c,B3c_nestedLoopWithLabel,SPF,,N/A,,run-02-30sec,1505
B3c,B3c_withConditionAndLimit,SPF,100.00,C,11,run-02-30sec,3204
B3c,B3c_withConditionNoLimit,SPF,,N/A,,run-02-30sec,1603
B3c,B3c_withContinueBreak,SPF,100.00,C,102,run-02-30sec,8914
B3c,B3c_withLimit,SPF,100.00,C,11,run-02-30sec,3205
B4a,B4a_fromParams,SPF,100.00,C,4,run-02-30sec,2505
B4a,B4a_fromParamsWithIndex,SPF,83.33,NC,5,run-02-30sec,4110
B4a,B4a_guessLength,SPF,100.00,C,2,run-02-30sec,3229
B4a,B4a_guessOneArray,SPF,40.00,NC,1,run-02-30sec,1605
B4a,B4a_guessOneArrayWithLength,SPF,40.00,NC,1,run-02-30sec,1603
B4a,B4a_indexParam,SPF,83.33,NC,3,run-02-30sec,2604
B4a,B4a_iterateWithFor,SPF,22.22,NC,1,run-02-30sec,1708
B4a,B4a_iterateWithForeach,SPF,18.18,NC,1,run-02-30sec,1504
B4a,B4a_twoArrays,SPF,28.57,NC,1,run-02-30sec,1603
B4b,B4b_fromParams,SPF,100.00,C,4,run-02-30sec,2608
B4b,B4b_fromParamsWithIndex,SPF,75.00,NC,3,run-02-30sec,2603
B4b,B4b_guessLength,SPF,100.00,C,2,run-02-30sec,2403
B4b,B4b_guessOneArray,SPF,0.00,NC,1,run-02-30sec,1602
B4b,B4b_guessOneArrayWithLength,SPF,0.00,NC,1,run-02-30sec,1512
B4b,B4b_indexParam,SPF,75.00,NC,1,run-02-30sec,1605
B4b,B4b_iterateWithFor,SPF,0.00,NC,1,run-02-30sec,1505
B4b,B4b_iterateWithForeach,SPF,0.00,NC,1,run-02-30sec,1602
B4b,B4b_twoArrays,SPF,0.00,NC,1,run-02-30sec,1606
B5a1,B5a1_conditionalCall,SPF,100.00,C,8,run-02-30sec,9317
B5a1,B5a1_simple,SPF,100.00,C,7,run-02-30sec,7115
B5a1,B5a1_useReturnValue,SPF,100.00,C,7,run-02-30sec,7008
B5a2,B5a2_conditionalCall,SPF,100.00,C,8,run-02-30sec,8512
B5a2,B5a2_simple,SPF,100.00,C,7,run-02-30sec,6609
B5a2,B5a2_useReturnValue,SPF,100.00,C,7,run-02-30sec,7613
B5b1,B5b1_fibonacci,SPF,,T/M,,run-02-30sec,30205
B5b1,B5b1_simple,SPF,,N/A,,run-02-30sec,1605
B5b2,B5b2_fibonacci,SPF,,T/M,,run-02-30sec,30198
B5b2,B5b2_simple,SPF,,N/A,,run-02-30sec,1603
B6a,B6a_always,SPF,100.00,C,1,run-02-30sec,1502
B6a,B6a_call,SPF,100.00,C,7,run-02-30sec,7009
B6a,B6a_conditionalAndLoop,SPF,100.00,C,12,run-02-30sec,3304
B6a,B6a_recursive,SPF,,N/A,,run-02-30sec,1602
B6a,B6a_tryCatch,SPF,100.00,C,7,run-02-30sec,6515
B6a,B6a_tryCatchFinally,SPF,100.00,C,21,run-02-30sec,7511
B6b,B6b_always,SPF,100.00,C,1,run-02-30sec,1602
B6b,B6b_call,SPF,100.00,C,7,run-02-30sec,6610
B6b,B6b_conditionalAndLoop,SPF,100.00,C,12,run-02-30sec,3309
B6b,B6b_recursive,SPF,,N/A,,run-02-30sec,1601
B6b,B6b_tryCatch,SPF,100.00,C,7,run-02-30sec,8412
B6b,B6b_tryCatchFinally,SPF,100.00,C,21,run-02-30sec,7312
B6c,B6c_arithmeticException,SPF,100.00,C,2,run-02-30sec,2506
B6c,B6c_arrayIndexOutOfBoundsException,SPF,100.00,C,2,run-02-30sec,2414
B6c,B6c_classCastException,SPF,100.00,C,2,run-02-30sec,2404
B6c,B6c_illegalArgumentException,SPF,100.00,C,2,run-02-30sec,2405
B6c,B6c_illegalStateException,SPF,100.00,C,2,run-02-30sec,2512
B6c,B6c_indexOutOfBoundsException,SPF,100.00,C,2,run-02-30sec,2410
B6c,B6c_nullPointerException,SPF,100.00,C,2,run-02-30sec,2407
B6c,B6c_securityException,SPF,100.00,C,2,run-02-30sec,2508
B6c,B6c_unsupportedOperationException,SPF,100.00,C,2,run-02-30sec,2403
S1,S1_returnStructure,SPF,40.00,NC,1,run-02-30sec,1503
S1,S1_returnStructureParams,SPF,100.00,C,1,run-02-30sec,1611
S1,S1_useStructure,SPF,66.67,NC,1,run-02-30sec,1608
S1,S1_useStructureParams,SPF,100.00,C,1,run-02-30sec,1602
S2,S2_oneStructure,SPF,18.18,NC,1,run-02-30sec,1604
S2,S2_oneStructureParams,SPF,100.00,C,7,run-02-30sec,7012
S2,S2_twoStructures,SPF,14.29,NC,1,run-02-30sec,1603
S2,S2_twoStructuresParams,SPF,100.00,C,7,run-02-30sec,8713
S3,S3_arrayOfStructures,SPF,25.00,NC,1,run-02-30sec,1602
S3,S3_arrayOfStructuresParams,SPF,15.38,NC,1,run-02-30sec,1603
S3,S3_noLimit,SPF,25.00,NC,1,run-02-30sec,1606
S3,S3_noLimitParams,SPF,,N/A,,run-02-30sec,2403
S3,S3_withLimit,SPF,25.00,NC,1,run-02-30sec,1605
S3,S3_withLimitParams,SPF,,N/A,,run-02-30sec,2403
S4,S4_guess,SPF,22.22,NC,1,run-02-30sec,1602
S4,S4_guessCoordinates,SPF,16.67,NC,1,run-02-30sec,1602
S4,S4_guessParams,SPF,100.00,C,9,run-02-30sec,3012
O1,O1_fullCoverage,SPF,13.33,NC,1,run-02-30sec,1603
O1,O1_guessImpossibleObject,SPF,40.00,NC,1,run-02-30sec,1505
O1,O1_guessImpossibleOperationCount,SPF,28.57,NC,1,run-02-30sec,1603
O1,O1_guessImpossibleOperationCountParams,SPF,,T/M,,run-02-30sec,30169
O1,O1_guessImpossibleResult,SPF,15.38,NC,1,run-02-30sec,1602
O1,O1_guessImpossibleResultAndOperationCount,SPF,28.57,NC,1,run-02-30sec,1602
O1,O1_guessImpossibleResultAndOperationCountParams,SPF,,T/M,,run-02-30sec,30259
O1,O1_guessImpossibleResultParams,SPF,91.67,C,8,run-02-30sec,8816
O1,O1_guessObject,SPF,40.00,NC,1,run-02-30sec,1602
O1,O1_guessOperationCount,SPF,28.57,NC,1,run-02-30sec,1601
O1,O1_guessOperationCountParams,SPF,,T/M,,run-02-30sec,30231
O1,O1_guessResult,SPF,15.38,NC,1,run-02-30sec,1603
O1,O1_guessResultAndOperationCount,SPF,28.57,NC,1,run-02-30sec,1602
O1,O1_guessResultAndOperationCountParams,SPF,,T/M,,run-02-30sec,30206
O1,O1_guessResultParams,SPF,100.00,C,16,run-02-30sec,3907
O1,O1_oneOperationNoCheck,SPF,0.00,NC,1,run-02-30sec,1601
O1,O1_oneOperationParams,SPF,100.00,C,2,run-02-30sec,2407
O1,O1_oneOperationWithCheck,SPF,22.22,NC,1,run-02-30sec,1603
O1,O1_twoOperationsParams,SPF,100.00,C,4,run-02-30sec,2704
O1,O1_twoOperationsWithCheck,SPF,18.18,NC,1,run-02-30sec,1603
O1,O1_twoOperationsWithNocheck,SPF,0.00,NC,1,run-02-30sec,1605
O2,O2_guessResult,SPF,13.33,NC,1,run-02-30sec,1602
O2,O2_guessResultParams,SPF,100.00,C,16,run-02-30sec,4004
O3a,O3a_guessResult,SPF,11.11,NC,1,run-02-30sec,1605
O3a,O3a_guessResultParams,SPF,100.00,C,16,run-02-30sec,3916
O3b,O3b_guess,SPF,33.33,NC,1,run-02-30sec,1603
O3b,O3b_guessImpossible,SPF,33.33,NC,1,run-02-30sec,1604
O3b,O3b_validate,SPF,33.33,NC,1,run-02-30sec,1601
O3c,O3c_guess,SPF,33.33,NC,1,run-02-30sec,1603
O3c,O3c_guessImpossible,SPF,33.33,NC,1,run-02-30sec,1603
O3c,O3c_validate,SPF,33.33,NC,1,run-02-30sec,1602
O4,O4_guessImpossible,SPF,11.76,NC,1,run-02-30sec,1604
O4,O4_guessImpossibleParams,SPF,87.50,C,8,run-02-30sec,10930
O4,O4_guessResult,SPF,11.76,NC,1,run-02-30sec,1706
O4,O4_guessResultParams,SPF,93.75,C,15,run-02-30sec,8512
G1,G1_guessType,SPF,22.22,NC,1,run-02-30sec,1502
G1,G1_guessTypeAndUse,SPF,13.33,NC,1,run-02-30sec,1608
G1,G1_guessTypeWithExtends,SPF,22.22,NC,1,run-02-30sec,1603
G1,G1_guessTypeWithExtendsAndUse,SPF,13.33,NC,1,run-02-30sec,1602
G2,G2_guessDescendant,SPF,0.00,NC,1,run-02-30sec,1605
G2,G2_guessImpossible,SPF,0.00,NC,1,run-02-30sec,1602
G2,G2_guessInteger,SPF,0.00,NC,1,run-02-30sec,1603
G2,G2_guessIntegerNoHelp,SPF,0.00,NC,1,run-02-30sec,1602
G2,G2_guessSafe,SPF,0.00,NC,1,run-02-30sec,1602
G2,G2_guessSafeNoHelp,SPF,0.00,NC,1,run-02-30sec,1605
L1,L1_abs,SPF,100.00,C,10,run-02-30sec,3203
L1,L1_absImpossible,SPF,66.67,C,4,run-02-30sec,8813
L1,L1_cbrt,SPF,75.00,NC,1,run-02-30sec,1603
L1,L1_cos,SPF,100.00,C,3,run-02-30sec,5109
L1,L1_cosImpossible,SPF,66.67,C,1,run-02-30sec,4910
L1,L1_log10GuessArgument,SPF,,N/A,,run-02-30sec,1602
L1,L1_logGuessArgument,SPF,100.00,C,2,run-02-30sec,5211
L1,L1_logGuessBase,SPF,100.00,C,4,run-02-30sec,5511
L1,L1_logGuessBaseAndArgument,SPF,100.00,C,4,run-02-30sec,5414
L1,L1_minMax,SPF,100.00,C,7,run-02-30sec,5409
L1,L1_minMaxImpossible,SPF,66.67,C,7,run-02-30sec,4907
L1,L1_minMaxWithOrder,SPF,100.00,C,7,run-02-30sec,6045
L1,L1_powGuessBase,SPF,100.00,C,3,run-02-30sec,5007
L1,L1_powGuessBaseAndExponent,SPF,100.00,C,3,run-02-30sec,6113
L1,L1_powGuessExponent,SPF,100.00,C,3,run-02-30sec,5608
L1,L1_sin,SPF,100.00,C,3,run-02-30sec,5306
L1,L1_sinImpossible,SPF,66.67,C,1,run-02-30sec,4608
L1,L1_sqrt,SPF,100.00,C,3,run-02-30sec,4708
L1,L1_sqrtImpossible,SPF,66.67,C,1,run-02-30sec,5109
L1,L1_tan,SPF,100.00,C,3,run-02-30sec,5309
L2,L2_add,SPF,28.57,NC,1,run-02-30sec,1605
L2,L2_addWithCondition,SPF,0.00,NC,1,run-02-30sec,1804
L2,L2_charAt,SPF,28.57,NC,1,run-02-30sec,1604
L2,L2_compareTo,SPF,22.22,NC,1,run-02-30sec,1603
L2,L2_compareToIgnoreCase,SPF,22.22,NC,1,run-02-30sec,1603
L2,L2_equality,SPF,22.22,NC,1,run-02-30sec,1605
L2,L2_equalityIgnoreCase,SPF,22.22,NC,1,run-02-30sec,1603
L2,L2_indexOf,SPF,25.00,NC,1,run-02-30sec,1602
L2,L2_length,SPF,28.57,NC,1,run-02-30sec,1603
L2,L2_regionEquality,SPF,25.00,NC,1,run-02-30sec,1602
L2,L2_startsEnds,SPF,28.57,NC,1,run-02-30sec,1602
L2,L2_substring,SPF,28.57,NC,1,run-02-30sec,1603
L2,L2_switchString,SPF,33.33,NC,1,run-02-30sec,1603
L3,L3_guessDouble,SPF,40.00,NC,1,run-02-30sec,1601
L3,L3_guessInteger,SPF,40.00,NC,1,run-02-30sec,1602
L3,L3_integerOverflow,SPF,75.00,NC,1,run-02-30sec,1604
L4,L4_guessElementAndIndex,SPF,88.89,NC,3,run-02-30sec,2704
L4,L4_guessElements,SPF,100.00,C,3,run-02-30sec,2508
L4,L4_guessGenericListWithElement,SPF,,EX,,run-02-30sec,1505
L4,L4_guessGenericListWithSize,SPF,,EX,,run-02-30sec,1502
L4,L4_guessGenericVectorWithElement,SPF,0.00,NC,1,run-02-30sec,1601
L4,L4_guessGenericVectorWithSize,SPF,0.00,NC,1,run-02-30sec,1602
L4,L4_guessIndices,SPF,88.89,NC,3,run-02-30sec,2704
L4,L4_guessListWithSize,SPF,,EX,,run-02-30sec,1603
L4,L4_guessSize,SPF,100.00,C,2,run-02-30sec,2704
L4,L4_guessSizeAndElements,SPF,100.00,C,4,run-02-30sec,2803
L4,L4_guessVectorWithSize,SPF,0.00,NC,1,run-02-30sec,1604
LO,LO_associatesAPIGuessDate,SPF,,EX,,run-02-30sec,1603
LO,LO_associatesAPIGuessValidDateFormat,SPF,,EX,,run-02-30sec,1604
LO,LO_guessUUID,SPF,22.22,NC,1,run-02-30sec,1612
LO,LO_guessValidUUID,SPF,33.33,NC,1,run-02-30sec,1603
LO,LO_inheritsAPIGuessOneObject,SPF,28.57,NC,1,run-02-30sec,1602
LO,LO_inheritsAPIGuessOnePrimitive,SPF,83.33,C,4,run-02-30sec,2606
LO,LO_inheritsAPIGuessTwoObjects,SPF,16.67,NC,1,run-02-30sec,1602
LO,LO_inheritsAPIGuessTwoPrimitives,SPF,91.67,C,7,run-02-30sec,6511
LO,LO_regexCaseInsensitive,SPF,,EX,,run-02-30sec,1602
LO,LO_regexCaseSensitive,SPF,40.00,NC,1,run-02-30sec,1604
Others,Others_guess,SPF,40.00,NC,1,run-02-30sec,1602
Others,Others_guessEnum,SPF,18.18,NC,1,run-02-30sec,1602
Others,Others_guessEnumOrdinal,SPF,18.18,NC,1,run-02-30sec,1603
Others,Others_guessEnumString,SPF,18.18,NC,1,run-02-30sec,1602
Others,Others_guessWithLength,SPF,40.00,NC,1,run-02-30sec,1603
Others,Others_iterateWithFor,SPF,22.22,NC,1,run-02-30sec,1603
Others,Others_iterateWithForeach,SPF,18.18,NC,1,run-02-30sec,1603
Others,Others_minMax,SPF,100.00,C,7,run-02-30sec,5010
Others,Others_minMaxImpossible,SPF,66.67,C,7,run-02-30sec,5411
Others,Others_minMaxWithOrder,SPF,100.00,C,7,run-02-30sec,5711
Others,Others_switchEnum,SPF,25.00,NC,1,run-02-30sec,1603
Others,Others_test,SPF,100.00,C,2,run-02-30sec,2604
B1a,B1a_oneParamBoolean,SPF,100.00,C,2,run-03-30sec,2403
B1a,B1a_oneParamByte,SPF,100.00,C,1,run-03-30sec,1506
B1a,B1a_oneParamChar,SPF,100.00,C,1,run-03-30sec,1654
B1a,B1a_oneParamDouble,SPF,100.00,C,1,run-03-30sec,1613
B1a,B1a_oneParamFloat,SPF,100.00,C,1,run-03-30sec,1602
B1a,B1a_oneParamInt,SPF,100.00,C,1,run-03-30sec,1603
B1a,B1a_oneParamLong,SPF,100.00,C,1,run-03-30sec,1605
B1a,B1a_oneParamShort,SPF,100.00,C,1,run-03-30sec,1506
B1a,B1a_twoParamBoolean,SPF,100.00,C,1,run-03-30sec,1607
B1a,B1a_twoParamByte,SPF,100.00,C,1,run-03-30sec,1603
B1a,B1a_twoParamChar,SPF,100.00,C,1,run-03-30sec,1606
B1a,B1a_twoParamDouble,SPF,100.00,C,1,run-03-30sec,1603
B1a,B1a_twoParamFloat,SPF,100.00,C,1,run-03-30sec,1603
B1a,B1a_twoParamInt,SPF,100.00,C,1,run-03-30sec,1607
B1a,B1a_twoParamLong,SPF,100.00,C,1,run-03-30sec,1603
B1a,B1a_twoParamShort,SPF,100.00,C,1,run-03-30sec,1603
B1b,B1b_constBoolean,SPF,100.00,C,1,run-03-30sec,1610
B1b,B1b_constByte,SPF,100.00,C,1,run-03-30sec,1602
B1b,B1b_constChar,SPF,100.00,C,1,run-03-30sec,1503
B1b,B1b_constDouble,SPF,100.00,C,1,run-03-30sec,1603
B1b,B1b_constFloat,SPF,100.00,C,1,run-03-30sec,1603
B1b,B1b_constInt,SPF,100.00,C,1,run-03-30sec,1602
B1b,B1b_constLong,SPF,100.00,C,1,run-03-30sec,1603
B1b,B1b_constShort,SPF,100.00,C,1,run-03-30sec,1603
B1c,B1c_add,SPF,100.00,C,1,run-03-30sec,1602
B1c,B1c_addAssignment,SPF,100.00,C,1,run-03-30sec,1604
B1c,B1c_divide,SPF,100.00,C,2,run-03-30sec,2403
B1c,B1c_divideAssignment,SPF,100.00,C,2,run-03-30sec,2406
B1c,B1c_modulo,SPF,,N/A,,run-03-30sec,2308
B1c,B1c_moduloAssignment,SPF,,N/A,,run-03-30sec,2303
B1c,B1c_multiply,SPF,100.00,C,1,run-03-30sec,1603
B1c,B1c_multiplyAssignment,SPF,100.00,C,1,run-03-30sec,1606
B1c,B1c_postfixMinusMinus,SPF,100.00,C,1,run-03-30sec,1603
B1c,B1c_postfixPlusplus,SPF,100.00,C,1,run-03-30sec,1602
B1c,B1c_substract,SPF,100.00,C,1,run-03-30sec,1602
B1c,B1c_substractAssignment,SPF,100.00,C,1,run-03-30sec,1603
B1c,B1c_unaryMinus,SPF,100.00,C,1,run-03-30sec,1604
B1c,B1c_unaryMinusMinus,SPF,100.00,C,1,run-03-30sec,1502
B1c,B1c_unaryPlus,SPF,100.00,C,1,run-03-30sec,1603
B1c,B1c_unaryPlusPlus,SPF,100.00,C,1,run-03-30sec,1603
B1d,B1d_and,SPF,100.00,C,3,run-03-30sec,2504
B1d,B1d_equal,SPF,100.00,C,2,run-03-30sec,2404
B1d,B1d_greater,SPF,100.00,C,2,run-03-30sec,2506
B1d,B1d_greaterOrEqual,SPF,100.00,C,2,run-03-30sec,2504
B1d,B1d_negate,SPF,100.00,C,2,run-03-30sec,2504
B1d,B1d_notEqual,SPF,100.00,C,2,run-03-30sec,2603
B1d,B1d_or,SPF,100.00,C,3,run-03-30sec,2504
B1d,B1d_smaller,SPF,100.00,C,2,run-03-30sec,2603
B1d,B1d_smallerOrEqual,SPF,100.00,C,2,run-03-30sec,2505
B1e,B1e_and,SPF,100.00,C,1,run-03-30sec,1603
B1e,B1e_andAssignment,SPF,100.00,C,1,run-03-30sec,1602
B1e,B1e_negate,SPF,100.00,C,1,run-03-30sec,1503
B1e,B1e_or,SPF,100.00,C,1,run-03-30sec,1603
B1e,B1e_orAssignment,SPF,100.00,C,1,run-03-30sec,1603
B1e,B1e_shiftLeft,SPF,100.00,C,1,run-03-30sec,1603
B1e,B1e_shiftLeftAssignment,SPF,100.00,C,1,run-03-30sec,1603
B1e,B1e_shiftRight,SPF,100.00,C,1,run-03-30sec,1602
B1e,B1e_shiftRightAssignment,SPF,100.00,C,1,run-03-30sec,1605
B1e,B1e_shiftRightUnsigned,SPF,100.00,C,1,run-03-30sec,1602
B1e,B1e_shiftRightUnsignedAssignment,SPF,100.00,C,1,run-03-30sec,1603
B1e,B1e_xor,SPF,100.00,C,1,run-03-30sec,1603
B1e,B1e_xorAssignment,SPF,100.00,C,1,run-03-30sec,1604
B2a,B2a_oneParamBoolean,SPF,100.00,C,2,run-03-30sec,2406
B2a,B2a_oneParamDouble,SPF,100.00,C,4,run-03-30sec,4710
B2a,B2a_oneParamInt,SPF,100.00,C,4,run-03-30sec,2504
B2a,B2a_twoParamsBoolean,SPF,72.73,C,4,run-03-30sec,4013
B2a,B2a_twoParamsDouble,SPF,84.62,C,7,run-03-30sec,13131
B2a,B2a_twoParamsInt,SPF,84.62,C,7,run-03-30sec,9818
B2b,B2b_oneParamBoolean,SPF,100.00,C,2,run-03-30sec,2509
B2b,B2b_oneParamInt,SPF,100.00,C,2,run-03-30sec,2304
B2b,B2b_twoParamsBoolean,SPF,100.00,C,3,run-03-30sec,2705
B2b,B2b_twoParamsInt,SPF,100.00,C,3,run-03-30sec,2506
B2c,B2c_missingBreaks,SPF,100.00,C,4,run-03-30sec,2405
B2c,B2c_simple,SPF,100.00,C,4,run-03-30sec,2404
B2c,B2c_withReturn,SPF,100.00,C,4,run-03-30sec,2407
B2d,B2d_oneParamDouble,SPF,100.00,C,3,run-03-30sec,3926
B2d,B2d_oneParamFloat,SPF,100.00,C,3,run-03-30sec,3211
B2d,B2d_oneParamInt,SPF,100.00,C,2,run-03-30sec,2504
B2d,B2d_oneParamIntNoSolution,SPF,66.67,C,1,run-03-30sec,3710
B2d,B2d_quadraticDouble,SPF,100.00,C,5,run-03-30sec,8920
B2d,B2d_quadraticDoubleNoSolution,SPF,80.00,C,1,run-03-30sec,6113
B2d,B2d_quadraticFloat,SPF,100.00,C,9,run-03-30sec,6818
B2d,B2d_quadraticFloatNoSolution,SPF,,EX,,run-03-30sec,5515
B2d,B2d_quadraticInt,SPF,80.00,NC,3,run-03-30sec,4207
B2d,B2d_quadraticIntNoSolution,SPF,80.00,C,1,run-03-30sec,3805
B2d,B2d_threeParamsDouble,SPF,100.00,C,10,run-03-30sec,7412
B2d,B2d_threeParamsFloat,SPF,100.00,C,13,run-03-30sec,5712
B2d,B2d_threeParamsInt,SPF,83.33,NC,3,run-03-30sec,5517
B2d,B2d_threeParamsIntNoSolution,SPF,83.33,C,3,run-03-30sec,5613
B2d,B2d_twoParamsDouble,SPF,80.00,NC,4,run-03-30sec,4308
B2d,B2d_twoParamsFloat,SPF,80.00,NC,4,run-03-30sec,4508
B2d,B2d_twoParamsInt,SPF,100.00,C,3,run-03-30sec,3520
B2d,B2d_twoParamsIntNoSolution,SPF,80.00,C,2,run-03-30sec,4014
B3a,B3a_complex,SPF,,T/M,,run-03-30sec,30198
B3a,B3a_infinite,SPF,,T/M,,run-03-30sec,30144
B3a,B3a_infiniteNotOptimalizable,SPF,,T/M,,run-03-30sec,30220
B3a,B3a_nestedLoop,SPF,,N/A,,run-03-30sec,2504
B3a,B3a_nestedLoopWithLabel,SPF,,N/A,,run-03-30sec,2304
B3a,B3a_withConditionAndLimit,SPF,100.00,C,12,run-03-30sec,3306
B3a,B3a_withConditionNoLimit,SPF,,N/A,,run-03-30sec,2412
B3a,B3a_withContinueBreak,SPF,100.00,C,103,run-03-30sec,8815
B3a,B3a_withLimit,SPF,100.00,C,12,run-03-30sec,3305
B3b,B3b_complex,SPF,,T/M,,run-03-30sec,30231
B3b,B3b_infinite,SPF,,T/M,,run-03-30sec,30152
B3b,B3b_infiniteNotOptimalizable,SPF,,T/M,,run-03-30sec,30116
B3b,B3b_nestedLoop,SPF,,N/A,,run-03-30sec,2404
B3b,B3b_nestedLoopWithLabel,SPF,,N/A,,run-03-30sec,2405
B3b,B3b_withConditionAndLimit,SPF,100.00,C,12,run-03-30sec,3404
B3b,B3b_withConditionNoLimit,SPF,,N/A,,run-03-30sec,2411
B3b,B3b_withContinueBreak,SPF,100.00,C,103,run-03-30sec,9020
B3b,B3b_withLimit,SPF,100.00,C,12,run-03-30sec,3305
B3c,B3c_complex,SPF,,T/M,,run-03-30sec,30134
B3c,B3c_infinite,SPF,,T/M,,run-03-30sec,30146
B3c,B3c_infiniteNotOptimalizable,SPF,,T/M,,run-03-30sec,30209
B3c,B3c_nestedLoop,SPF,,N/A,,run-03-30sec,1602
B3c,B3c_nestedLoopWithLabel,SPF,,N/A,,run-03-30sec,1602
B3c,B3c_withConditionAndLimit,SPF,100.00,C,11,run-03-30sec,3105
B3c,B3c_withConditionNoLimit,SPF,,N/A,,run-03-30sec,1602
B3c,B3c_withContinueBreak,SPF,100.00,C,102,run-03-30sec,8625
B3c,B3c_withLimit,SPF,100.00,C,11,run-03-30sec,3206
B4a,B4a_fromParams,SPF,100.00,C,4,run-03-30sec,2604
B4a,B4a_fromParamsWithIndex,SPF,83.33,NC,5,run-03-30sec,4109
B4a,B4a_guessLength,SPF,100.00,C,2,run-03-30sec,2406
B4a,B4a_guessOneArray,SPF,40.00,NC,1,run-03-30sec,1602
B4a,B4a_guessOneArrayWithLength,SPF,40.00,NC,1,run-03-30sec,1603
B4a,B4a_indexParam,SPF,83.33,NC,3,run-03-30sec,2606
B4a,B4a_iterateWithFor,SPF,22.22,NC,1,run-03-30sec,1603
B4a,B4a_iterateWithForeach,SPF,18.18,NC,1,run-03-30sec,1602
B4a,B4a_twoArrays,SPF,28.57,NC,1,run-03-30sec,1602
B4b,B4b_fromParams,SPF,100.00,C,4,run-03-30sec,2604
B4b,B4b_fromParamsWithIndex,SPF,75.00,NC,3,run-03-30sec,2604
B4b,B4b_guessLength,SPF,100.00,C,2,run-03-30sec,2304
B4b,B4b_guessOneArray,SPF,0.00,NC,1,run-03-30sec,1605
B4b,B4b_guessOneArrayWithLength,SPF,0.00,NC,1,run-03-30sec,1602
B4b,B4b_indexParam,SPF,75.00,NC,1,run-03-30sec,1602
B4b,B4b_iterateWithFor,SPF,0.00,NC,1,run-03-30sec,1605
B4b,B4b_iterateWithForeach,SPF,0.00,NC,1,run-03-30sec,1602
B4b,B4b_twoArrays,SPF,0.00,NC,1,run-03-30sec,1603
B5a1,B5a1_conditionalCall,SPF,100.00,C,8,run-03-30sec,8614
B5a1,B5a1_simple,SPF,100.00,C,7,run-03-30sec,7111
B5a1,B5a1_useReturnValue,SPF,100.00,C,7,run-03-30sec,6720
B5a2,B5a2_conditionalCall,SPF,100.00,C,8,run-03-30sec,8411
B5a2,B5a2_simple,SPF,100.00,C,7,run-03-30sec,7512
B5a2,B5a2_useReturnValue,SPF,100.00,C,7,run-03-30sec,6614
B5b1,B5b1_fibonacci,SPF,,T/M,,run-03-30sec,30208
B5b1,B5b1_simple,SPF,,N/A,,run-03-30sec,1602
B5b2,B5b2_fibonacci,SPF,,T/M,,run-03-30sec,30209
B5b2,B5b2_simple,SPF,,N/A,,run-03-30sec,1603
B6a,B6a_always,SPF,100.00,C,1,run-03-30sec,1503
B6a,B6a_call,SPF,100.00,C,7,run-03-30sec,8752
B6a,B6a_conditionalAndLoop,SPF,100.00,C,12,run-03-30sec,3405
B6a,B6a_recursive,SPF,,N/A,,run-03-30sec,1601
B6a,B6a_tryCatch,SPF,100.00,C,7,run-03-30sec,6911
B6a,B6a_tryCatchFinally,SPF,100.00,C,21,run-03-30sec,9213
B6b,B6b_always,SPF,100.00,C,1,run-03-30sec,1502
B6b,B6b_call,SPF,100.00,C,7,run-03-30sec,7311
B6b,B6b_conditionalAndLoop,SPF,100.00,C,12,run-03-30sec,3322
B6b,B6b_recursive,SPF,,N/A,,run-03-30sec,1604
B6b,B6b_tryCatch,SPF,100.00,C,7,run-03-30sec,6911
B6b,B6b_tryCatchFinally,SPF,100.00,C,21,run-03-30sec,8621
B6c,B6c_arithmeticException,SPF,100.00,C,2,run-03-30sec,2404
B6c,B6c_arrayIndexOutOfBoundsException,SPF,100.00,C,2,run-03-30sec,2504
B6c,B6c_classCastException,SPF,100.00,C,2,run-03-30sec,2406
B6c,B6c_illegalArgumentException,SPF,100.00,C,2,run-03-30sec,2406
B6c,B6c_illegalStateException,SPF,100.00,C,2,run-03-30sec,2404
B6c,B6c_indexOutOfBoundsException,SPF,100.00,C,2,run-03-30sec,2504
B6c,B6c_nullPointerException,SPF,100.00,C,2,run-03-30sec,2403
B6c,B6c_securityException,SPF,100.00,C,2,run-03-30sec,2405
B6c,B6c_unsupportedOperationException,SPF,100.00,C,2,run-03-30sec,2504
S1,S1_returnStructure,SPF,40.00,NC,1,run-03-30sec,1603
S1,S1_returnStructureParams,SPF,100.00,C,1,run-03-30sec,1606
S1,S1_useStructure,SPF,66.67,NC,1,run-03-30sec,1601
S1,S1_useStructureParams,SPF,100.00,C,1,run-03-30sec,1603
S2,S2_oneStructure,SPF,18.18,NC,1,run-03-30sec,1601
S2,S2_oneStructureParams,SPF,100.00,C,7,run-03-30sec,7412
S2,S2_twoStructures,SPF,14.29,NC,1,run-03-30sec,1604
S2,S2_twoStructuresParams,SPF,100.00,C,7,run-03-30sec,8113
S3,S3_arrayOfStructures,SPF,25.00,NC,1,run-03-30sec,1605
S3,S3_arrayOfStructuresParams,SPF,15.38,NC,1,run-03-30sec,1603
S3,S3_noLimit,SPF,25.00,NC,1,run-03-30sec,1606
S3,S3_noLimitParams,SPF,,N/A,,run-03-30sec,2306
S3,S3_withLimit,SPF,25.00,NC,1,run-03-30sec,1602
S3,S3_withLimitParams,SPF,,N/A,,run-03-30sec,2406
S4,S4_guess,SPF,22.22,NC,1,run-03-30sec,1603
S4,S4_guessCoordinates,SPF,16.67,NC,1,run-03-30sec,1604
S4,S4_guessParams,SPF,100.00,C,9,run-03-30sec,2909
O1,O1_fullCoverage,SPF,13.33,NC,1,run-03-30sec,1602
O1,O1_guessImpossibleObject,SPF,40.00,NC,1,run-03-30sec,1502
O1,O1_guessImpossibleOperationCount,SPF,28.57,NC,1,run-03-30sec,1603
O1,O1_guessImpossibleOperationCountParams,SPF,,T/M,,run-03-30sec,30240
O1,O1_guessImpossibleResult,SPF,15.38,NC,1,run-03-30sec,1604
O1,O1_guessImpossibleResultAndOperationCount,SPF,28.57,NC,1,run-03-30sec,1602
O1,O1_guessImpossibleResultAndOperationCountParams,SPF,,T/M,,run-03-30sec,30212
O1,O1_guessImpossibleResultParams,SPF,91.67,C,8,run-03-30sec,8816
O1,O1_guessObject,SPF,40.00,NC,1,run-03-30sec,1602
O1,O1_guessOperationCount,SPF,28.57,NC,1,run-03-30sec,1604
O1,O1_guessOperationCountParams,SPF,,T/M,,run-03-30sec,30161
O1,O1_guessResult,SPF,15.38,NC,1,run-03-30sec,1602
O1,O1_guessResultAndOperationCount,SPF,28.57,NC,1,run-03-30sec,1602
O1,O1_guessResultAndOperationCountParams,SPF,,T/M,,run-03-30sec,30206
O1,O1_guessResultParams,SPF,100.00,C,16,run-03-30sec,3907
O1,O1_oneOperationNoCheck,SPF,0.00,NC,1,run-03-30sec,1602
O1,O1_oneOperationParams,SPF,100.00,C,2,run-03-30sec,2603
O1,O1_oneOperationWithCheck,SPF,22.22,NC,1,run-03-30sec,1602
O1,O1_twoOperationsParams,SPF,100.00,C,4,run-03-30sec,2706
O1,O1_twoOperationsWithCheck,SPF,18.18,NC,1,run-03-30sec,1611
O1,O1_twoOperationsWithNocheck,SPF,0.00,NC,1,run-03-30sec,1604
O2,O2_guessResult,SPF,13.33,NC,1,run-03-30sec,2429
O2,O2_guessResultParams,SPF,100.00,C,16,run-03-30sec,4213
O3a,O3a_guessResult,SPF,11.11,NC,1,run-03-30sec,1603
O3a,O3a_guessResultParams,SPF,100.00,C,16,run-03-30sec,4116
O3b,O3b_guess,SPF,33.33,NC,1,run-03-30sec,1602
O3b,O3b_guessImpossible,SPF,33.33,NC,1,run-03-30sec,1602
O3b,O3b_validate,SPF,33.33,NC,1,run-03-30sec,1602
O3c,O3c_guess,SPF,33.33,NC,1,run-03-30sec,1602
O3c,O3c_guessImpossible,SPF,33.33,NC,1,run-03-30sec,1503
O3c,O3c_validate,SPF,33.33,NC,1,run-03-30sec,1603
O4,O4_guessImpossible,SPF,11.76,NC,1,run-03-30sec,1602
O4,O4_guessImpossibleParams,SPF,87.50,C,8,run-03-30sec,11321
O4,O4_guessResult,SPF,11.76,NC,1,run-03-30sec,1638
O4,O4_guessResultParams,SPF,93.75,C,15,run-03-30sec,8713
G1,G1_guessType,SPF,22.22,NC,1,run-03-30sec,1602
G1,G1_guessTypeAndUse,SPF,13.33,NC,1,run-03-30sec,1603
G1,G1_guessTypeWithExtends,SPF,22.22,NC,1,run-03-30sec,1604
G1,G1_guessTypeWithExtendsAndUse,SPF,13.33,NC,1,run-03-30sec,1603
G2,G2_guessDescendant,SPF,0.00,NC,1,run-03-30sec,1606
G2,G2_guessImpossible,SPF,0.00,NC,1,run-03-30sec,1602
G2,G2_guessInteger,SPF,0.00,NC,1,run-03-30sec,1604
G2,G2_guessIntegerNoHelp,SPF,0.00,NC,1,run-03-30sec,1603
G2,G2_guessSafe,SPF,0.00,NC,1,run-03-30sec,1603
G2,G2_guessSafeNoHelp,SPF,0.00,NC,1,run-03-30sec,1603
L1,L1_abs,SPF,100.00,C,10,run-03-30sec,3206
L1,L1_absImpossible,SPF,66.67,C,4,run-03-30sec,7914
L1,L1_cbrt,SPF,75.00,NC,1,run-03-30sec,1602
L1,L1_cos,SPF,100.00,C,3,run-03-30sec,5206
L1,L1_cosImpossible,SPF,66.67,C,1,run-03-30sec,4907
L1,L1_log10GuessArgument,SPF,,N/A,,run-03-30sec,1602
L1,L1_logGuessArgument,SPF,100.00,C,2,run-03-30sec,6410
L1,L1_logGuessBase,SPF,100.00,C,4,run-03-30sec,5413
L1,L1_logGuessBaseAndArgument,SPF,100.00,C,4,run-03-30sec,5309
L1,L1_minMax,SPF,100.00,C,7,run-03-30sec,5407
L1,L1_minMaxImpossible,SPF,66.67,C,7,run-03-30sec,5608
L1,L1_minMaxWithOrder,SPF,100.00,C,7,run-03-30sec,4908
L1,L1_powGuessBase,SPF,100.00,C,3,run-03-30sec,5111
L1,L1_powGuessBaseAndExponent,SPF,100.00,C,3,run-03-30sec,6610
L1,L1_powGuessExponent,SPF,100.00,C,3,run-03-30sec,5306
L1,L1_sin,SPF,100.00,C,3,run-03-30sec,5310
L1,L1_sinImpossible,SPF,66.67,C,1,run-03-30sec,5007
L1,L1_sqrt,SPF,100.00,C,3,run-03-30sec,4812
L1,L1_sqrtImpossible,SPF,66.67,C,1,run-03-30sec,4705
L1,L1_tan,SPF,100.00,C,3,run-03-30sec,5509
L2,L2_add,SPF,28.57,NC,1,run-03-30sec,1603
L2,L2_addWithCondition,SPF,0.00,NC,1,run-03-30sec,1703
L2,L2_charAt,SPF,28.57,NC,1,run-03-30sec,1601
L2,L2_compareTo,SPF,22.22,NC,1,run-03-30sec,1603
L2,L2_compareToIgnoreCase,SPF,22.22,NC,1,run-03-30sec,1602
L2,L2_equality,SPF,22.22,NC,1,run-03-30sec,1603
L2,L2_equalityIgnoreCase,SPF,22.22,NC,1,run-03-30sec,1602
L2,L2_indexOf,SPF,25.00,NC,1,run-03-30sec,1605
L2,L2_length,SPF,28.57,NC,1,run-03-30sec,1604
L2,L2_regionEquality,SPF,25.00,NC,1,run-03-30sec,1603
L2,L2_startsEnds,SPF,28.57,NC,1,run-03-30sec,1601
L2,L2_substring,SPF,28.57,NC,1,run-03-30sec,1603
L2,L2_switchString,SPF,33.33,NC,1,run-03-30sec,1602
L3,L3_guessDouble,SPF,40.00,NC,1,run-03-30sec,1605
L3,L3_guessInteger,SPF,40.00,NC,1,run-03-30sec,1603
L3,L3_integerOverflow,SPF,75.00,NC,1,run-03-30sec,1603
L4,L4_guessElementAndIndex,SPF,88.89,NC,3,run-03-30sec,2705
L4,L4_guessElements,SPF,100.00,C,3,run-03-30sec,2605
L4,L4_guessGenericListWithElement,SPF,,EX,,run-03-30sec,1605
L4,L4_guessGenericListWithSize,SPF,,EX,,run-03-30sec,1501
L4,L4_guessGenericVectorWithElement,SPF,0.00,NC,1,run-03-30sec,1603
L4,L4_guessGenericVectorWithSize,SPF,0.00,NC,1,run-03-30sec,1603
L4,L4_guessIndices,SPF,88.89,NC,3,run-03-30sec,2814
L4,L4_guessListWithSize,SPF,,EX,,run-03-30sec,1603
L4,L4_guessSize,SPF,100.00,C,2,run-03-30sec,2705
L4,L4_guessSizeAndElements,SPF,100.00,C,4,run-03-30sec,2603
L4,L4_guessVectorWithSize,SPF,0.00,NC,1,run-03-30sec,1607
LO,LO_associatesAPIGuessDate,SPF,,EX,,run-03-30sec,1602
LO,LO_associatesAPIGuessValidDateFormat,SPF,,EX,,run-03-30sec,1602
LO,LO_guessUUID,SPF,22.22,NC,1,run-03-30sec,1601
LO,LO_guessValidUUID,SPF,33.33,NC,1,run-03-30sec,1602
LO,LO_inheritsAPIGuessOneObject,SPF,28.57,NC,1,run-03-30sec,1602
LO,LO_inheritsAPIGuessOnePrimitive,SPF,83.33,C,4,run-03-30sec,2605
LO,LO_inheritsAPIGuessTwoObjects,SPF,16.67,NC,1,run-03-30sec,1609
LO,LO_inheritsAPIGuessTwoPrimitives,SPF,91.67,C,7,run-03-30sec,7011
LO,LO_regexCaseInsensitive,SPF,,EX,,run-03-30sec,1601
LO,LO_regexCaseSensitive,SPF,40.00,NC,1,run-03-30sec,1606
Others,Others_guess,SPF,40.00,NC,1,run-03-30sec,1502
Others,Others_guessEnum,SPF,18.18,NC,1,run-03-30sec,1604
Others,Others_guessEnumOrdinal,SPF,18.18,NC,1,run-03-30sec,1504
Others,Others_guessEnumString,SPF,18.18,NC,1,run-03-30sec,1602
Others,Others_guessWithLength,SPF,40.00,NC,1,run-03-30sec,1602
Others,Others_iterateWithFor,SPF,22.22,NC,1,run-03-30sec,1603
Others,Others_iterateWithForeach,SPF,18.18,NC,1,run-03-30sec,1508
Others,Others_minMax,SPF,100.00,C,7,run-03-30sec,5312
Others,Others_minMaxImpossible,SPF,66.67,C,7,run-03-30sec,5410
Others,Others_minMaxWithOrder,SPF,100.00,C,7,run-03-30sec,5710
Others,Others_switchEnum,SPF,25.00,NC,1,run-03-30sec,1604
Others,Others_test,SPF,100.00,C,2,run-03-30sec,2509
B1a,B1a_oneParamBoolean,SPF,100.00,C,2,run-04-30sec,2503
B1a,B1a_oneParamByte,SPF,100.00,C,1,run-04-30sec,1602
B1a,B1a_oneParamChar,SPF,100.00,C,1,run-04-30sec,1602
B1a,B1a_oneParamDouble,SPF,100.00,C,1,run-04-30sec,1602
B1a,B1a_oneParamFloat,SPF,100.00,C,1,run-04-30sec,1602
B1a,B1a_oneParamInt,SPF,100.00,C,1,run-04-30sec,1604
B1a,B1a_oneParamLong,SPF,100.00,C,1,run-04-30sec,1602
B1a,B1a_oneParamShort,SPF,100.00,C,1,run-04-30sec,2012
B1a,B1a_twoParamBoolean,SPF,100.00,C,1,run-04-30sec,1605
B1a,B1a_twoParamByte,SPF,100.00,C,1,run-04-30sec,1602
B1a,B1a_twoParamChar,SPF,100.00,C,1,run-04-30sec,1603
B1a,B1a_twoParamDouble,SPF,100.00,C,1,run-04-30sec,1657
B1a,B1a_twoParamFloat,SPF,100.00,C,1,run-04-30sec,1603
B1a,B1a_twoParamInt,SPF,100.00,C,1,run-04-30sec,2109
B1a,B1a_twoParamLong,SPF,100.00,C,1,run-04-30sec,1603
B1a,B1a_twoParamShort,SPF,100.00,C,1,run-04-30sec,1606
B1b,B1b_constBoolean,SPF,100.00,C,1,run-04-30sec,1610
B1b,B1b_constByte,SPF,100.00,C,1,run-04-30sec,1602
B1b,B1b_constChar,SPF,100.00,C,1,run-04-30sec,1604
B1b,B1b_constDouble,SPF,100.00,C,1,run-04-30sec,1603
B1b,B1b_constFloat,SPF,100.00,C,1,run-04-30sec,1504
B1b,B1b_constInt,SPF,100.00,C,1,run-04-30sec,1604
B1b,B1b_constLong,SPF,100.00,C,1,run-04-30sec,1602
B1b,B1b_constShort,SPF,100.00,C,1,run-04-30sec,1504
B1c,B1c_add,SPF,100.00,C,1,run-04-30sec,1604
B1c,B1c_addAssignment,SPF,100.00,C,1,run-04-30sec,1603
B1c,B1c_divide,SPF,100.00,C,2,run-04-30sec,2409
B1c,B1c_divideAssignment,SPF,100.00,C,2,run-04-30sec,2405
B1c,B1c_modulo,SPF,,N/A,,run-04-30sec,2303
B1c,B1c_moduloAssignment,SPF,,N/A,,run-04-30sec,2303
B1c,B1c_multiply,SPF,100.00,C,1,run-04-30sec,1603
B1c,B1c_multiplyAssignment,SPF,100.00,C,1,run-04-30sec,1602
B1c,B1c_postfixMinusMinus,SPF,100.00,C,1,run-04-30sec,1602
B1c,B1c_postfixPlusplus,SPF,100.00,C,1,run-04-30sec,1604
B1c,B1c_substract,SPF,100.00,C,1,run-04-30sec,1602
B1c,B1c_substractAssignment,SPF,100.00,C,1,run-04-30sec,1603
B1c,B1c_unaryMinus,SPF,100.00,C,1,run-04-30sec,1602
B1c,B1c_unaryMinusMinus,SPF,100.00,C,1,run-04-30sec,1603
B1c,B1c_unaryPlus,SPF,100.00,C,1,run-04-30sec,1603
B1c,B1c_unaryPlusPlus,SPF,100.00,C,1,run-04-30sec,1602
B1d,B1d_and,SPF,100.00,C,3,run-04-30sec,2509
B1d,B1d_equal,SPF,100.00,C,2,run-04-30sec,2409
B1d,B1d_greater,SPF,100.00,C,2,run-04-30sec,2505
B1d,B1d_greaterOrEqual,SPF,100.00,C,2,run-04-30sec,2504
B1d,B1d_negate,SPF,100.00,C,2,run-04-30sec,2403
B1d,B1d_notEqual,SPF,100.00,C,2,run-04-30sec,2503
B1d,B1d_or,SPF,100.00,C,3,run-04-30sec,2607
B1d,B1d_smaller,SPF,100.00,C,2,run-04-30sec,2405
B1d,B1d_smallerOrEqual,SPF,100.00,C,2,run-04-30sec,2405
B1e,B1e_and,SPF,100.00,C,1,run-04-30sec,1605
B1e,B1e_andAssignment,SPF,100.00,C,1,run-04-30sec,1602
B1e,B1e_negate,SPF,100.00,C,1,run-04-30sec,1609
B1e,B1e_or,SPF,100.00,C,1,run-04-30sec,1503
B1e,B1e_orAssignment,SPF,100.00,C,1,run-04-30sec,1602
B1e,B1e_shiftLeft,SPF,100.00,C,1,run-04-30sec,1604
B1e,B1e_shiftLeftAssignment,SPF,100.00,C,1,run-04-30sec,1608
B1e,B1e_shiftRight,SPF,100.00,C,1,run-04-30sec,1606
B1e,B1e_shiftRightAssignment,SPF,100.00,C,1,run-04-30sec,1602
B1e,B1e_shiftRightUnsigned,SPF,100.00,C,1,run-04-30sec,1604
B1e,B1e_shiftRightUnsignedAssignment,SPF,100.00,C,1,run-04-30sec,1604
B1e,B1e_xor,SPF,100.00,C,1,run-04-30sec,1602
B1e,B1e_xorAssignment,SPF,100.00,C,1,run-04-30sec,1604
B2a,B2a_oneParamBoolean,SPF,100.00,C,2,run-04-30sec,2405
B2a,B2a_oneParamDouble,SPF,100.00,C,4,run-04-30sec,4806
B2a,B2a_oneParamInt,SPF,100.00,C,4,run-04-30sec,2503
B2a,B2a_twoParamsBoolean,SPF,72.73,C,4,run-04-30sec,3906
B2a,B2a_twoParamsDouble,SPF,84.62,C,7,run-04-30sec,14933
B2a,B2a_twoParamsInt,SPF,84.62,C,7,run-04-30sec,10621
B2b,B2b_oneParamBoolean,SPF,100.00,C,2,run-04-30sec,2404
B2b,B2b_oneParamInt,SPF,100.00,C,2,run-04-30sec,2404
B2b,B2b_twoParamsBoolean,SPF,100.00,C,3,run-04-30sec,2604
B2b,B2b_twoParamsInt,SPF,100.00,C,3,run-04-30sec,2504
B2c,B2c_missingBreaks,SPF,100.00,C,4,run-04-30sec,2505
B2c,B2c_simple,SPF,100.00,C,4,run-04-30sec,2406
B2c,B2c_withReturn,SPF,100.00,C,4,run-04-30sec,2404
B2d,B2d_oneParamDouble,SPF,100.00,C,3,run-04-30sec,3205
B2d,B2d_oneParamFloat,SPF,100.00,C,3,run-04-30sec,3205
B2d,B2d_oneParamInt,SPF,100.00,C,2,run-04-30sec,2503
B2d,B2d_oneParamIntNoSolution,SPF,66.67,C,1,run-04-30sec,3707
B2d,B2d_quadraticDouble,SPF,100.00,C,5,run-04-30sec,9716
B2d,B2d_quadraticDoubleNoSolution,SPF,80.00,C,1,run-04-30sec,5807
B2d,B2d_quadraticFloat,SPF,100.00,C,9,run-04-30sec,7216
B2d,B2d_quadraticFloatNoSolution,SPF,,EX,,run-04-30sec,5108
B2d,B2d_quadraticInt,SPF,80.00,NC,3,run-04-30sec,4211
B2d,B2d_quadraticIntNoSolution,SPF,80.00,C,1,run-04-30sec,3906
B2d,B2d_threeParamsDouble,SPF,100.00,C,10,run-04-30sec,7410
B2d,B2d_threeParamsFloat,SPF,100.00,C,13,run-04-30sec,5910
B2d,B2d_threeParamsInt,SPF,83.33,NC,3,run-04-30sec,5310
B2d,B2d_threeParamsIntNoSolution,SPF,83.33,C,3,run-04-30sec,5511
B2d,B2d_twoParamsDouble,SPF,80.00,NC,4,run-04-30sec,4311
B2d,B2d_twoParamsFloat,SPF,80.00,NC,4,run-04-30sec,4312
B2d,B2d_twoParamsInt,SPF,100.00,C,3,run-04-30sec,2804
B2d,B2d_twoParamsIntNoSolution,SPF,80.00,C,2,run-04-30sec,4106
B3a,B3a_complex,SPF,,T/M,,run-04-30sec,30149
B3a,B3a_infinite,SPF,,T/M,,run-04-30sec,30156
B3a,B3a_infiniteNotOptimalizable,SPF,,T/M,,run-04-30sec,30298
B3a,B3a_nestedLoop,SPF,,N/A,,run-04-30sec,2402
B3a,B3a_nestedLoopWithLabel,SPF,,N/A,,run-04-30sec,2406
B3a,B3a_withConditionAndLimit,SPF,100.00,C,12,run-04-30sec,3308
B3a,B3a_withConditionNoLimit,SPF,,N/A,,run-04-30sec,2308
B3a,B3a_withContinueBreak,SPF,100.00,C,103,run-04-30sec,8918
B3a,B3a_withLimit,SPF,100.00,C,12,run-04-30sec,3305
B3b,B3b_complex,SPF,,T/M,,run-04-30sec,30211
B3b,B3b_infinite,SPF,,T/M,,run-04-30sec,30154
B3b,B3b_infiniteNotOptimalizable,SPF,,T/M,,run-04-30sec,30203
B3b,B3b_nestedLoop,SPF,,N/A,,run-04-30sec,2404
B3b,B3b_nestedLoopWithLabel,SPF,,N/A,,run-04-30sec,2405
B3b,B3b_withConditionAndLimit,SPF,100.00,C,12,run-04-30sec,3406
B3b,B3b_withConditionNoLimit,SPF,,N/A,,run-04-30sec,2404
B3b,B3b_withContinueBreak,SPF,100.00,C,103,run-04-30sec,8821
B3b,B3b_withLimit,SPF,100.00,C,12,run-04-30sec,3406
B3c,B3c_complex,SPF,,T/M,,run-04-30sec,30209
B3c,B3c_infinite,SPF,,T/M,,run-04-30sec,30154
B3c,B3c_infiniteNotOptimalizable,SPF,,T/M,,run-04-30sec,30253
B3c,B3c_nestedLoop,SPF,,N/A,,run-04-30sec,1602
B3c,B3c_nestedLoopWithLabel,SPF,,N/A,,run-04-30sec,1603
B3c,B3c_withConditionAndLimit,SPF,100.00,C,11,run-04-30sec,3305
B3c,B3c_withConditionNoLimit,SPF,,N/A,,run-04-30sec,1707
B3c,B3c_withContinueBreak,SPF,100.00,C,102,run-04-30sec,8818
B3c,B3c_withLimit,SPF,100.00,C,11,run-04-30sec,3204
B4a,B4a_fromParams,SPF,100.00,C,4,run-04-30sec,2604
B4a,B4a_fromParamsWithIndex,SPF,83.33,NC,5,run-04-30sec,4107
B4a,B4a_guessLength,SPF,100.00,C,2,run-04-30sec,2403
B4a,B4a_guessOneArray,SPF,40.00,NC,1,run-04-30sec,1602
B4a,B4a_guessOneArrayWithLength,SPF,40.00,NC,1,run-04-30sec,1602
B4a,B4a_indexParam,SPF,83.33,NC,3,run-04-30sec,2604
B4a,B4a_iterateWithFor,SPF,22.22,NC,1,run-04-30sec,1602
B4a,B4a_iterateWithForeach,SPF,18.18,NC,1,run-04-30sec,1602
B4a,B4a_twoArrays,SPF,28.57,NC,1,run-04-30sec,1603
B4b,B4b_fromParams,SPF,100.00,C,4,run-04-30sec,2509
B4b,B4b_fromParamsWithIndex,SPF,75.00,NC,3,run-04-30sec,2614
B4b,B4b_guessLength,SPF,100.00,C,2,run-04-30sec,2403
B4b,B4b_guessOneArray,SPF,0.00,NC,1,run-04-30sec,1604
B4b,B4b_guessOneArrayWithLength,SPF,0.00,NC,1,run-04-30sec,1602
B4b,B4b_indexParam,SPF,75.00,NC,1,run-04-30sec,1602
B4b,B4b_iterateWithFor,SPF,0.00,NC,1,run-04-30sec,1606
B4b,B4b_iterateWithForeach,SPF,0.00,NC,1,run-04-30sec,1602
B4b,B4b_twoArrays,SPF,0.00,NC,1,run-04-30sec,1604
B5a1,B5a1_conditionalCall,SPF,100.00,C,8,run-04-30sec,7812
B5a1,B5a1_simple,SPF,100.00,C,7,run-04-30sec,6508
B5a1,B5a1_useReturnValue,SPF,100.00,C,7,run-04-30sec,7912
B5a2,B5a2_conditionalCall,SPF,100.00,C,8,run-04-30sec,7917
B5a2,B5a2_simple,SPF,100.00,C,7,run-04-30sec,8316
B5a2,B5a2_useReturnValue,SPF,100.00,C,7,run-04-30sec,8515
B5b1,B5b1_fibonacci,SPF,,T/M,,run-04-30sec,30193
B5b1,B5b1_simple,SPF,,N/A,,run-04-30sec,1602
B5b2,B5b2_fibonacci,SPF,,T/M,,run-04-30sec,30195
B5b2,B5b2_simple,SPF,,N/A,,run-04-30sec,1502
B6a,B6a_always,SPF,100.00,C,1,run-04-30sec,1603
B6a,B6a_call,SPF,100.00,C,7,run-04-30sec,7210
B6a,B6a_conditionalAndLoop,SPF,100.00,C,12,run-04-30sec,3207
B6a,B6a_recursive,SPF,,N/A,,run-04-30sec,1571
B6a,B6a_tryCatch,SPF,100.00,C,7,run-04-30sec,7713
B6a,B6a_tryCatchFinally,SPF,100.00,C,21,run-04-30sec,8413
B6b,B6b_always,SPF,100.00,C,1,run-04-30sec,1502
B6b,B6b_call,SPF,100.00,C,7,run-04-30sec,6811
B6b,B6b_conditionalAndLoop,SPF,100.00,C,12,run-04-30sec,3304
B6b,B6b_recursive,SPF,,N/A,,run-04-30sec,1603
B6b,B6b_tryCatch,SPF,100.00,C,7,run-04-30sec,8319
B6b,B6b_tryCatchFinally,SPF,100.00,C,21,run-04-30sec,8917
B6c,B6c_arithmeticException,SPF,100.00,C,2,run-04-30sec,2403
B6c,B6c_arrayIndexOutOfBoundsException,SPF,100.00,C,2,run-04-30sec,2404
B6c,B6c_classCastException,SPF,100.00,C,2,run-04-30sec,2404
B6c,B6c_illegalArgumentException,SPF,100.00,C,2,run-04-30sec,2505
B6c,B6c_illegalStateException,SPF,100.00,C,2,run-04-30sec,2404
B6c,B6c_indexOutOfBoundsException,SPF,100.00,C,2,run-04-30sec,2403
B6c,B6c_nullPointerException,SPF,100.00,C,2,run-04-30sec,2406
B6c,B6c_securityException,SPF,100.00,C,2,run-04-30sec,2405
B6c,B6c_unsupportedOperationException,SPF,100.00,C,2,run-04-30sec,2403
S1,S1_returnStructure,SPF,40.00,NC,1,run-04-30sec,1503
S1,S1_returnStructureParams,SPF,100.00,C,1,run-04-30sec,1602
S1,S1_useStructure,SPF,66.67,NC,1,run-04-30sec,1603
S1,S1_useStructureParams,SPF,100.00,C,1,run-04-30sec,1602
S2,S2_oneStructure,SPF,18.18,NC,1,run-04-30sec,1602
S2,S2_oneStructureParams,SPF,100.00,C,7,run-04-30sec,8510
S2,S2_twoStructures,SPF,14.29,NC,1,run-04-30sec,1603
S2,S2_twoStructuresParams,SPF,100.00,C,7,run-04-30sec,7914
S3,S3_arrayOfStructures,SPF,25.00,NC,1,run-04-30sec,1603
S3,S3_arrayOfStructuresParams,SPF,15.38,NC,1,run-04-30sec,1601
S3,S3_noLimit,SPF,25.00,NC,1,run-04-30sec,1605
S3,S3_noLimitParams,SPF,,N/A,,run-04-30sec,2302
S3,S3_withLimit,SPF,25.00,NC,1,run-04-30sec,1601
S3,S3_withLimitParams,SPF,,N/A,,run-04-30sec,2406
S4,S4_guess,SPF,22.22,NC,1,run-04-30sec,1602
S4,S4_guessCoordinates,SPF,16.67,NC,1,run-04-30sec,1602
S4,S4_guessParams,SPF,100.00,C,9,run-04-30sec,3006
O1,O1_fullCoverage,SPF,13.33,NC,1,run-04-30sec,1603
O1,O1_guessImpossibleObject,SPF,40.00,NC,1,run-04-30sec,1602
O1,O1_guessImpossibleOperationCount,SPF,28.57,NC,1,run-04-30sec,1602
O1,O1_guessImpossibleOperationCountParams,SPF,,T/M,,run-04-30sec,30192
O1,O1_guessImpossibleResult,SPF,15.38,NC,1,run-04-30sec,1605
O1,O1_guessImpossibleResultAndOperationCount,SPF,28.57,NC,1,run-04-30sec,1603
O1,O1_guessImpossibleResultAndOperationCountParams,SPF,,T/M,,run-04-30sec,30238
O1,O1_guessImpossibleResultParams,SPF,91.67,C,8,run-04-30sec,9017
O1,O1_guessObject,SPF,40.00,NC,1,run-04-30sec,1602
O1,O1_guessOperationCount,SPF,28.57,NC,1,run-04-30sec,1603
O1,O1_guessOperationCountParams,SPF,,T/M,,run-04-30sec,30175
O1,O1_guessResult,SPF,15.38,NC,1,run-04-30sec,1605
O1,O1_guessResultAndOperationCount,SPF,28.57,NC,1,run-04-30sec,1602
O1,O1_guessResultAndOperationCountParams,SPF,,T/M,,run-04-30sec,30208
O1,O1_guessResultParams,SPF,100.00,C,16,run-04-30sec,4621
O1,O1_oneOperationNoCheck,SPF,0.00,NC,1,run-04-30sec,1602
O1,O1_oneOperationParams,SPF,100.00,C,2,run-04-30sec,2603
O1,O1_oneOperationWithCheck,SPF,22.22,NC,1,run-04-30sec,1605
O1,O1_twoOperationsParams,SPF,100.00,C,4,run-04-30sec,2805
O1,O1_twoOperationsWithCheck,SPF,18.18,NC,1,run-04-30sec,1602
O1,O1_twoOperationsWithNocheck,SPF,0.00,NC,1,run-04-30sec,1505
O2,O2_guessResult,SPF,13.33,NC,1,run-04-30sec,1602
O2,O2_guessResultParams,SPF,100.00,C,16,run-04-30sec,3908
O3a,O3a_guessResult,SPF,11.11,NC,1,run-04-30sec,1602
O3a,O3a_guessResultParams,SPF,100.00,C,16,run-04-30sec,3805
O3b,O3b_guess,SPF,33.33,NC,1,run-04-30sec,1604
O3b,O3b_guessImpossible,SPF,33.33,NC,1,run-04-30sec,1602
O3b,O3b_validate,SPF,33.33,NC,1,run-04-30sec,1612
O3c,O3c_guess,SPF,33.33,NC,1,run-04-30sec,1603
O3c,O3c_guessImpossible,SPF,33.33,NC,1,run-04-30sec,1601
O3c,O3c_validate,SPF,33.33,NC,1,run-04-30sec,1602
O4,O4_guessImpossible,SPF,11.76,NC,1,run-04-30sec,1609
O4,O4_guessImpossibleParams,SPF,87.50,C,8,run-04-30sec,12518
O4,O4_guessResult,SPF,11.76,NC,1,run-04-30sec,1604
O4,O4_guessResultParams,SPF,93.75,C,15,run-04-30sec,8826
G1,G1_guessType,SPF,22.22,NC,1,run-04-30sec,1605
G1,G1_guessTypeAndUse,SPF,13.33,NC,1,run-04-30sec,1604
G1,G1_guessTypeWithExtends,SPF,22.22,NC,1,run-04-30sec,1602
G1,G1_guessTypeWithExtendsAndUse,SPF,13.33,NC,1,run-04-30sec,1501
G2,G2_guessDescendant,SPF,0.00,NC,1,run-04-30sec,1602
G2,G2_guessImpossible,SPF,0.00,NC,1,run-04-30sec,1602
G2,G2_guessInteger,SPF,0.00,NC,1,run-04-30sec,1604
G2,G2_guessIntegerNoHelp,SPF,0.00,NC,1,run-04-30sec,1602
G2,G2_guessSafe,SPF,0.00,NC,1,run-04-30sec,1503
G2,G2_guessSafeNoHelp,SPF,0.00,NC,1,run-04-30sec,1602
L1,L1_abs,SPF,100.00,C,10,run-04-30sec,3204
L1,L1_absImpossible,SPF,66.67,C,4,run-04-30sec,8115
L1,L1_cbrt,SPF,75.00,NC,1,run-04-30sec,1602
L1,L1_cos,SPF,100.00,C,3,run-04-30sec,5408
L1,L1_cosImpossible,SPF,66.67,C,1,run-04-30sec,4606
L1,L1_log10GuessArgument,SPF,,N/A,,run-04-30sec,1602
L1,L1_logGuessArgument,SPF,100.00,C,2,run-04-30sec,6309
L1,L1_logGuessBase,SPF,100.00,C,4,run-04-30sec,5111
L1,L1_logGuessBaseAndArgument,SPF,100.00,C,4,run-04-30sec,6108
L1,L1_minMax,SPF,100.00,C,7,run-04-30sec,4808
L1,L1_minMaxImpossible,SPF,66.67,C,7,run-04-30sec,5408
L1,L1_minMaxWithOrder,SPF,100.00,C,7,run-04-30sec,5507
L1,L1_powGuessBase,SPF,100.00,C,3,run-04-30sec,5808
L1,L1_powGuessBaseAndExponent,SPF,100.00,C,3,run-04-30sec,7411
L1,L1_powGuessExponent,SPF,100.00,C,3,run-04-30sec,5007
L1,L1_sin,SPF,100.00,C,3,run-04-30sec,5308
L1,L1_sinImpossible,SPF,66.67,C,1,run-04-30sec,4909
L1,L1_sqrt,SPF,100.00,C,3,run-04-30sec,6247
L1,L1_sqrtImpossible,SPF,66.67,C,1,run-04-30sec,4809
L1,L1_tan,SPF,100.00,C,3,run-04-30sec,4914
L2,L2_add,SPF,28.57,NC,1,run-04-30sec,1602
L2,L2_addWithCondition,SPF,0.00,NC,1,run-04-30sec,1709
L2,L2_charAt,SPF,28.57,NC,1,run-04-30sec,1605
L2,L2_compareTo,SPF,22.22,NC,1,run-04-30sec,1604
L2,L2_compareToIgnoreCase,SPF,22.22,NC,1,run-04-30sec,1602
L2,L2_equality,SPF,22.22,NC,1,run-04-30sec,1609
L2,L2_equalityIgnoreCase,SPF,22.22,NC,1,run-04-30sec,1602
L2,L2_indexOf,SPF,25.00,NC,1,run-04-30sec,1602
L2,L2_length,SPF,28.57,NC,1,run-04-30sec,1607
L2,L2_regionEquality,SPF,25.00,NC,1,run-04-30sec,1603
L2,L2_startsEnds,SPF,28.57,NC,1,run-04-30sec,1602
L2,L2_substring,SPF,28.57,NC,1,run-04-30sec,1603
L2,L2_switchString,SPF,33.33,NC,1,run-04-30sec,1605
L3,L3_guessDouble,SPF,40.00,NC,1,run-04-30sec,1502
L3,L3_guessInteger,SPF,40.00,NC,1,run-04-30sec,1607
L3,L3_integerOverflow,SPF,75.00,NC,1,run-04-30sec,1602
L4,L4_guessElementAndIndex,SPF,88.89,NC,3,run-04-30sec,2805
L4,L4_guessElements,SPF,100.00,C,3,run-04-30sec,2609
L4,L4_guessGenericListWithElement,SPF,,EX,,run-04-30sec,1604
L4,L4_guessGenericListWithSize,SPF,,EX,,run-04-30sec,1602
L4,L4_guessGenericVectorWithElement,SPF,0.00,NC,1,run-04-30sec,1605
L4,L4_guessGenericVectorWithSize,SPF,0.00,NC,1,run-04-30sec,1602
L4,L4_guessIndices,SPF,88.89,NC,3,run-04-30sec,2709
L4,L4_guessListWithSize,SPF,,EX,,run-04-30sec,1502
L4,L4_guessSize,SPF,100.00,C,2,run-04-30sec,2512
L4,L4_guessSizeAndElements,SPF,100.00,C,4,run-04-30sec,2603
L4,L4_guessVectorWithSize,SPF,0.00,NC,1,run-04-30sec,1502
LO,LO_associatesAPIGuessDate,SPF,,EX,,run-04-30sec,1601
LO,LO_associatesAPIGuessValidDateFormat,SPF,,EX,,run-04-30sec,1605
LO,LO_guessUUID,SPF,22.22,NC,1,run-04-30sec,1704
LO,LO_guessValidUUID,SPF,33.33,NC,1,run-04-30sec,1602
LO,LO_inheritsAPIGuessOneObject,SPF,28.57,NC,1,run-04-30sec,1602
LO,LO_inheritsAPIGuessOnePrimitive,SPF,83.33,C,4,run-04-30sec,2703
LO,LO_inheritsAPIGuessTwoObjects,SPF,16.67,NC,1,run-04-30sec,1602
LO,LO_inheritsAPIGuessTwoPrimitives,SPF,91.67,C,7,run-04-30sec,6507
LO,LO_regexCaseInsensitive,SPF,,EX,,run-04-30sec,1705
LO,LO_regexCaseSensitive,SPF,40.00,NC,1,run-04-30sec,1606
Others,Others_guess,SPF,40.00,NC,1,run-04-30sec,1603
Others,Others_guessEnum,SPF,18.18,NC,1,run-04-30sec,1603
Others,Others_guessEnumOrdinal,SPF,18.18,NC,1,run-04-30sec,1605
Others,Others_guessEnumString,SPF,18.18,NC,1,run-04-30sec,1603
Others,Others_guessWithLength,SPF,40.00,NC,1,run-04-30sec,1606
Others,Others_iterateWithFor,SPF,22.22,NC,1,run-04-30sec,1603
Others,Others_iterateWithForeach,SPF,18.18,NC,1,run-04-30sec,1603
Others,Others_minMax,SPF,100.00,C,7,run-04-30sec,5708
Others,Others_minMaxImpossible,SPF,66.67,C,7,run-04-30sec,5310
Others,Others_minMaxWithOrder,SPF,100.00,C,7,run-04-30sec,5413
Others,Others_switchEnum,SPF,25.00,NC,1,run-04-30sec,1602
Others,Others_test,SPF,100.00,C,2,run-04-30sec,2504
B1a,B1a_oneParamBoolean,SPF,100.00,C,2,run-05-30sec,2404
B1a,B1a_oneParamByte,SPF,100.00,C,1,run-05-30sec,1603
B1a,B1a_oneParamChar,SPF,100.00,C,1,run-05-30sec,1539
B1a,B1a_oneParamDouble,SPF,100.00,C,1,run-05-30sec,1603
B1a,B1a_oneParamFloat,SPF,100.00,C,1,run-05-30sec,1608
B1a,B1a_oneParamInt,SPF,100.00,C,1,run-05-30sec,1603
B1a,B1a_oneParamLong,SPF,100.00,C,1,run-05-30sec,1603
B1a,B1a_oneParamShort,SPF,100.00,C,1,run-05-30sec,1603
B1a,B1a_twoParamBoolean,SPF,100.00,C,1,run-05-30sec,1605
B1a,B1a_twoParamByte,SPF,100.00,C,1,run-05-30sec,1602
B1a,B1a_twoParamChar,SPF,100.00,C,1,run-05-30sec,1603
B1a,B1a_twoParamDouble,SPF,100.00,C,1,run-05-30sec,1603
B1a,B1a_twoParamFloat,SPF,100.00,C,1,run-05-30sec,1603
B1a,B1a_twoParamInt,SPF,100.00,C,1,run-05-30sec,1602
B1a,B1a_twoParamLong,SPF,100.00,C,1,run-05-30sec,1602
B1a,B1a_twoParamShort,SPF,100.00,C,1,run-05-30sec,1706
B1b,B1b_constBoolean,SPF,100.00,C,1,run-05-30sec,1504
B1b,B1b_constByte,SPF,100.00,C,1,run-05-30sec,1602
B1b,B1b_constChar,SPF,100.00,C,1,run-05-30sec,1502
B1b,B1b_constDouble,SPF,100.00,C,1,run-05-30sec,1603
B1b,B1b_constFloat,SPF,100.00,C,1,run-05-30sec,1602
B1b,B1b_constInt,SPF,100.00,C,1,run-05-30sec,1505
B1b,B1b_constLong,SPF,100.00,C,1,run-05-30sec,1602
B1b,B1b_constShort,SPF,100.00,C,1,run-05-30sec,1603
B1c,B1c_add,SPF,100.00,C,1,run-05-30sec,1605
B1c,B1c_addAssignment,SPF,100.00,C,1,run-05-30sec,1602
B1c,B1c_divide,SPF,100.00,C,2,run-05-30sec,2407
B1c,B1c_divideAssignment,SPF,100.00,C,2,run-05-30sec,2405
B1c,B1c_modulo,SPF,,N/A,,run-05-30sec,2403
B1c,B1c_moduloAssignment,SPF,,N/A,,run-05-30sec,2306
B1c,B1c_multiply,SPF,100.00,C,1,run-05-30sec,1606
B1c,B1c_multiplyAssignment,SPF,100.00,C,1,run-05-30sec,1605
B1c,B1c_postfixMinusMinus,SPF,100.00,C,1,run-05-30sec,1602
B1c,B1c_postfixPlusplus,SPF,100.00,C,1,run-05-30sec,1603
B1c,B1c_substract,SPF,100.00,C,1,run-05-30sec,1602
B1c,B1c_substractAssignment,SPF,100.00,C,1,run-05-30sec,1602
B1c,B1c_unaryMinus,SPF,100.00,C,1,run-05-30sec,1508
B1c,B1c_unaryMinusMinus,SPF,100.00,C,1,run-05-30sec,1502
B1c,B1c_unaryPlus,SPF,100.00,C,1,run-05-30sec,1603
B1c,B1c_unaryPlusPlus,SPF,100.00,C,1,run-05-30sec,1605
B1d,B1d_and,SPF,100.00,C,3,run-05-30sec,2605
B1d,B1d_equal,SPF,100.00,C,2,run-05-30sec,2503
B1d,B1d_greater,SPF,100.00,C,2,run-05-30sec,2404
B1d,B1d_greaterOrEqual,SPF,100.00,C,2,run-05-30sec,2504
B1d,B1d_negate,SPF,100.00,C,2,run-05-30sec,2503
B1d,B1d_notEqual,SPF,100.00,C,2,run-05-30sec,2605
B1d,B1d_or,SPF,100.00,C,3,run-05-30sec,2404
B1d,B1d_smaller,SPF,100.00,C,2,run-05-30sec,2403
B1d,B1d_smallerOrEqual,SPF,100.00,C,2,run-05-30sec,2504
B1e,B1e_and,SPF,100.00,C,1,run-05-30sec,1602
B1e,B1e_andAssignment,SPF,100.00,C,1,run-05-30sec,1602
B1e,B1e_negate,SPF,100.00,C,1,run-05-30sec,1603
B1e,B1e_or,SPF,100.00,C,1,run-05-30sec,1602
B1e,B1e_orAssignment,SPF,100.00,C,1,run-05-30sec,1602
B1e,B1e_shiftLeft,SPF,100.00,C,1,run-05-30sec,1603
B1e,B1e_shiftLeftAssignment,SPF,100.00,C,1,run-05-30sec,1602
B1e,B1e_shiftRight,SPF,100.00,C,1,run-05-30sec,1603
B1e,B1e_shiftRightAssignment,SPF,100.00,C,1,run-05-30sec,1603
B1e,B1e_shiftRightUnsigned,SPF,100.00,C,1,run-05-30sec,1603
B1e,B1e_shiftRightUnsignedAssignment,SPF,100.00,C,1,run-05-30sec,1603
B1e,B1e_xor,SPF,100.00,C,1,run-05-30sec,1603
B1e,B1e_xorAssignment,SPF,100.00,C,1,run-05-30sec,1607
B2a,B2a_oneParamBoolean,SPF,100.00,C,2,run-05-30sec,3215
B2a,B2a_oneParamDouble,SPF,100.00,C,4,run-05-30sec,4811
B2a,B2a_oneParamInt,SPF,100.00,C,4,run-05-30sec,2504
B2a,B2a_twoParamsBoolean,SPF,72.73,C,4,run-05-30sec,4006
B2a,B2a_twoParamsDouble,SPF,84.62,C,7,run-05-30sec,13532
B2a,B2a_twoParamsInt,SPF,84.62,C,7,run-05-30sec,9021
B2b,B2b_oneParamBoolean,SPF,100.00,C,2,run-05-30sec,2404
B2b,B2b_oneParamInt,SPF,100.00,C,2,run-05-30sec,2504
B2b,B2b_twoParamsBoolean,SPF,100.00,C,3,run-05-30sec,2505
B2b,B2b_twoParamsInt,SPF,100.00,C,3,run-05-30sec,2505
B2c,B2c_missingBreaks,SPF,100.00,C,4,run-05-30sec,2403
B2c,B2c_simple,SPF,100.00,C,4,run-05-30sec,2503
B2c,B2c_withReturn,SPF,100.00,C,4,run-05-30sec,2307
B2d,B2d_oneParamDouble,SPF,100.00,C,3,run-05-30sec,3204
B2d,B2d_oneParamFloat,SPF,100.00,C,3,run-05-30sec,3307
B2d,B2d_oneParamInt,SPF,100.00,C,2,run-05-30sec,2505
B2d,B2d_oneParamIntNoSolution,SPF,66.67,C,1,run-05-30sec,3812
B2d,B2d_quadraticDouble,SPF,100.00,C,5,run-05-30sec,10516
B2d,B2d_quadraticDoubleNoSolution,SPF,80.00,C,1,run-05-30sec,6717
B2d,B2d_quadraticFloat,SPF,100.00,C,9,run-05-30sec,7313
B2d,B2d_quadraticFloatNoSolution,SPF,,EX,,run-05-30sec,5216
B2d,B2d_quadraticInt,SPF,80.00,NC,3,run-05-30sec,4206
B2d,B2d_quadraticIntNoSolution,SPF,80.00,C,1,run-05-30sec,3805
B2d,B2d_threeParamsDouble,SPF,100.00,C,10,run-05-30sec,7514
B2d,B2d_threeParamsFloat,SPF,100.00,C,13,run-05-30sec,5812
B2d,B2d_threeParamsInt,SPF,83.33,NC,3,run-05-30sec,5609
B2d,B2d_threeParamsIntNoSolution,SPF,83.33,C,3,run-05-30sec,6215
B2d,B2d_twoParamsDouble,SPF,80.00,NC,4,run-05-30sec,4114
B2d,B2d_twoParamsFloat,SPF,80.00,NC,4,run-05-30sec,4409
B2d,B2d_twoParamsInt,SPF,100.00,C,3,run-05-30sec,3005
B2d,B2d_twoParamsIntNoSolution,SPF,80.00,C,2,run-05-30sec,4009
B3a,B3a_complex,SPF,,T/M,,run-05-30sec,30203
B3a,B3a_infinite,SPF,,T/M,,run-05-30sec,30147
B3a,B3a_infiniteNotOptimalizable,SPF,,T/M,,run-05-30sec,30221
B3a,B3a_nestedLoop,SPF,,N/A,,run-05-30sec,2404
B3a,B3a_nestedLoopWithLabel,SPF,,N/A,,run-05-30sec,2403
B3a,B3a_withConditionAndLimit,SPF,100.00,C,12,run-05-30sec,3408
B3a,B3a_withConditionNoLimit,SPF,,N/A,,run-05-30sec,2305
B3a,B3a_withContinueBreak,SPF,100.00,C,103,run-05-30sec,8715
B3a,B3a_withLimit,SPF,100.00,C,12,run-05-30sec,3307
B3b,B3b_complex,SPF,,T/M,,run-05-30sec,30209
B3b,B3b_infinite,SPF,,T/M,,run-05-30sec,30173
B3b,B3b_infiniteNotOptimalizable,SPF,,T/M,,run-05-30sec,30209
B3b,B3b_nestedLoop,SPF,,N/A,,run-05-30sec,2305
B3b,B3b_nestedLoopWithLabel,SPF,,N/A,,run-05-30sec,2503
B3b,B3b_withConditionAndLimit,SPF,100.00,C,12,run-05-30sec,3312
B3b,B3b_withConditionNoLimit,SPF,,N/A,,run-05-30sec,2403
B3b,B3b_withContinueBreak,SPF,100.00,C,103,run-05-30sec,8614
B3b,B3b_withLimit,SPF,100.00,C,12,run-05-30sec,3307
B3c,B3c_complex,SPF,,T/M,,run-05-30sec,30216
B3c,B3c_infinite,SPF,,T/M,,run-05-30sec,30171
B3c,B3c_infiniteNotOptimalizable,SPF,,T/M,,run-05-30sec,30208
B3c,B3c_nestedLoop,SPF,,N/A,,run-05-30sec,1602
B3c,B3c_nestedLoopWithLabel,SPF,,N/A,,run-05-30sec,1603
B3c,B3c_withConditionAndLimit,SPF,100.00,C,11,run-05-30sec,3206
B3c,B3c_withConditionNoLimit,SPF,,N/A,,run-05-30sec,1603
B3c,B3c_withContinueBreak,SPF,100.00,C,102,run-05-30sec,8715
B3c,B3c_withLimit,SPF,100.00,C,11,run-05-30sec,3205
B4a,B4a_fromParams,SPF,100.00,C,4,run-05-30sec,2504
B4a,B4a_fromParamsWithIndex,SPF,83.33,NC,5,run-05-30sec,4107
B4a,B4a_guessLength,SPF,100.00,C,2,run-05-30sec,2504
B4a,B4a_guessOneArray,SPF,40.00,NC,1,run-05-30sec,1611
B4a,B4a_guessOneArrayWithLength,SPF,40.00,NC,1,run-05-30sec,1602
B4a,B4a_indexParam,SPF,83.33,NC,3,run-05-30sec,2706
B4a,B4a_iterateWithFor,SPF,22.22,NC,1,run-05-30sec,1508
B4a,B4a_iterateWithForeach,SPF,18.18,NC,1,run-05-30sec,1503
B4a,B4a_twoArrays,SPF,28.57,NC,1,run-05-30sec,1602
B4b,B4b_fromParams,SPF,100.00,C,4,run-05-30sec,2507
B4b,B4b_fromParamsWithIndex,SPF,75.00,NC,3,run-05-30sec,2603
B4b,B4b_guessLength,SPF,100.00,C,2,run-05-30sec,2405
B4b,B4b_guessOneArray,SPF,0.00,NC,1,run-05-30sec,1603
B4b,B4b_guessOneArrayWithLength,SPF,0.00,NC,1,run-05-30sec,1602
B4b,B4b_indexParam,SPF,75.00,NC,1,run-05-30sec,1603
B4b,B4b_iterateWithFor,SPF,0.00,NC,1,run-05-30sec,1603
B4b,B4b_iterateWithForeach,SPF,0.00,NC,1,run-05-30sec,1602
B4b,B4b_twoArrays,SPF,0.00,NC,1,run-05-30sec,1603
B5a1,B5a1_conditionalCall,SPF,100.00,C,8,run-05-30sec,7610
B5a1,B5a1_simple,SPF,100.00,C,7,run-05-30sec,6912
B5a1,B5a1_useReturnValue,SPF,100.00,C,7,run-05-30sec,6708
B5a2,B5a2_conditionalCall,SPF,100.00,C,8,run-05-30sec,8312
B5a2,B5a2_simple,SPF,100.00,C,7,run-05-30sec,7015
B5a2,B5a2_useReturnValue,SPF,100.00,C,7,run-05-30sec,7009
B5b1,B5b1_fibonacci,SPF,,T/M,,run-05-30sec,30223
B5b1,B5b1_simple,SPF,,N/A,,run-05-30sec,1602
B5b2,B5b2_fibonacci,SPF,,T/M,,run-05-30sec,30201
B5b2,B5b2_simple,SPF,,N/A,,run-05-30sec,1602
B6a,B6a_always,SPF,100.00,C,1,run-05-30sec,1602
B6a,B6a_call,SPF,100.00,C,7,run-05-30sec,7616
B6a,B6a_conditionalAndLoop,SPF,100.00,C,12,run-05-30sec,3306
B6a,B6a_recursive,SPF,,N/A,,run-05-30sec,1603
B6a,B6a_tryCatch,SPF,100.00,C,7,run-05-30sec,6920
B6a,B6a_tryCatchFinally,SPF,100.00,C,21,run-05-30sec,8010
B6b,B6b_always,SPF,100.00,C,1,run-05-30sec,1790
B6b,B6b_call,SPF,100.00,C,7,run-05-30sec,6816
B6b,B6b_conditionalAndLoop,SPF,100.00,C,12,run-05-30sec,3409
B6b,B6b_recursive,SPF,,N/A,,run-05-30sec,1602
B6b,B6b_tryCatch,SPF,100.00,C,7,run-05-30sec,8211
B6b,B6b_tryCatchFinally,SPF,100.00,C,21,run-05-30sec,8111
B6c,B6c_arithmeticException,SPF,100.00,C,2,run-05-30sec,2403
B6c,B6c_arrayIndexOutOfBoundsException,SPF,100.00,C,2,run-05-30sec,2409
B6c,B6c_classCastException,SPF,100.00,C,2,run-05-30sec,2403
B6c,B6c_illegalArgumentException,SPF,100.00,C,2,run-05-30sec,2403
B6c,B6c_illegalStateException,SPF,100.00,C,2,run-05-30sec,2404
B6c,B6c_indexOutOfBoundsException,SPF,100.00,C,2,run-05-30sec,2404
B6c,B6c_nullPointerException,SPF,100.00,C,2,run-05-30sec,2404
B6c,B6c_securityException,SPF,100.00,C,2,run-05-30sec,2504
B6c,B6c_unsupportedOperationException,SPF,100.00,C,2,run-05-30sec,2406
S1,S1_returnStructure,SPF,40.00,NC,1,run-05-30sec,1607
S1,S1_returnStructureParams,SPF,100.00,C,1,run-05-30sec,1602
S1,S1_useStructure,SPF,66.67,NC,1,run-05-30sec,1602
S1,S1_useStructureParams,SPF,100.00,C,1,run-05-30sec,1602
S2,S2_oneStructure,SPF,18.18,NC,1,run-05-30sec,1601
S2,S2_oneStructureParams,SPF,100.00,C,7,run-05-30sec,6509
S2,S2_twoStructures,SPF,14.29,NC,1,run-05-30sec,1602
S2,S2_twoStructuresParams,SPF,100.00,C,7,run-05-30sec,8210
S3,S3_arrayOfStructures,SPF,25.00,NC,1,run-05-30sec,1606
S3,S3_arrayOfStructuresParams,SPF,15.38,NC,1,run-05-30sec,1606
S3,S3_noLimit,SPF,25.00,NC,1,run-05-30sec,1602
S3,S3_noLimitParams,SPF,,N/A,,run-05-30sec,2506
S3,S3_withLimit,SPF,25.00,NC,1,run-05-30sec,1603
S3,S3_withLimitParams,SPF,,N/A,,run-05-30sec,2404
S4,S4_guess,SPF,22.22,NC,1,run-05-30sec,1603
S4,S4_guessCoordinates,SPF,16.67,NC,1,run-05-30sec,1602
S4,S4_guessParams,SPF,100.00,C,9,run-05-30sec,2909
O1,O1_fullCoverage,SPF,13.33,NC,1,run-05-30sec,1602
O1,O1_guessImpossibleObject,SPF,40.00,NC,1,run-05-30sec,1602
O1,O1_guessImpossibleOperationCount,SPF,28.57,NC,1,run-05-30sec,1603
O1,O1_guessImpossibleOperationCountParams,SPF,,T/M,,run-05-30sec,30152
O1,O1_guessImpossibleResult,SPF,15.38,NC,1,run-05-30sec,1603
O1,O1_guessImpossibleResultAndOperationCount,SPF,28.57,NC,1,run-05-30sec,1605
O1,O1_guessImpossibleResultAndOperationCountParams,SPF,,T/M,,run-05-30sec,30213
O1,O1_guessImpossibleResultParams,SPF,91.67,C,8,run-05-30sec,9616
O1,O1_guessObject,SPF,40.00,NC,1,run-05-30sec,1604
O1,O1_guessOperationCount,SPF,28.57,NC,1,run-05-30sec,1602
O1,O1_guessOperationCountParams,SPF,,T/M,,run-05-30sec,30185
O1,O1_guessResult,SPF,15.38,NC,1,run-05-30sec,1602
O1,O1_guessResultAndOperationCount,SPF,28.57,NC,1,run-05-30sec,1602
O1,O1_guessResultAndOperationCountParams,SPF,,T/M,,run-05-30sec,30202
O1,O1_guessResultParams,SPF,100.00,C,16,run-05-30sec,3909
O1,O1_oneOperationNoCheck,SPF,0.00,NC,1,run-05-30sec,1702
O1,O1_oneOperationParams,SPF,100.00,C,2,run-05-30sec,2508
O1,O1_oneOperationWithCheck,SPF,22.22,NC,1,run-05-30sec,1605
O1,O1_twoOperationsParams,SPF,100.00,C,4,run-05-30sec,2604
O1,O1_twoOperationsWithCheck,SPF,18.18,NC,1,run-05-30sec,1602
O1,O1_twoOperationsWithNocheck,SPF,0.00,NC,1,run-05-30sec,1603
O2,O2_guessResult,SPF,13.33,NC,1,run-05-30sec,1602
O2,O2_guessResultParams,SPF,100.00,C,16,run-05-30sec,4008
O3a,O3a_guessResult,SPF,11.11,NC,1,run-05-30sec,1602
O3a,O3a_guessResultParams,SPF,100.00,C,16,run-05-30sec,4009
O3b,O3b_guess,SPF,33.33,NC,1,run-05-30sec,1602
O3b,O3b_guessImpossible,SPF,33.33,NC,1,run-05-30sec,1602
O3b,O3b_validate,SPF,33.33,NC,1,run-05-30sec,1603
O3c,O3c_guess,SPF,33.33,NC,1,run-05-30sec,1602
O3c,O3c_guessImpossible,SPF,33.33,NC,1,run-05-30sec,1606
O3c,O3c_validate,SPF,33.33,NC,1,run-05-30sec,1607
O4,O4_guessImpossible,SPF,11.76,NC,1,run-05-30sec,1602
O4,O4_guessImpossibleParams,SPF,87.50,C,8,run-05-30sec,11116
O4,O4_guessResult,SPF,11.76,NC,1,run-05-30sec,1603
O4,O4_guessResultParams,SPF,93.75,C,15,run-05-30sec,10664
G1,G1_guessType,SPF,22.22,NC,1,run-05-30sec,1604
G1,G1_guessTypeAndUse,SPF,13.33,NC,1,run-05-30sec,1605
G1,G1_guessTypeWithExtends,SPF,22.22,NC,1,run-05-30sec,1606
G1,G1_guessTypeWithExtendsAndUse,SPF,13.33,NC,1,run-05-30sec,1602
G2,G2_guessDescendant,SPF,0.00,NC,1,run-05-30sec,1601
G2,G2_guessImpossible,SPF,0.00,NC,1,run-05-30sec,1602
G2,G2_guessInteger,SPF,0.00,NC,1,run-05-30sec,1502
G2,G2_guessIntegerNoHelp,SPF,0.00,NC,1,run-05-30sec,1602
G2,G2_guessSafe,SPF,0.00,NC,1,run-05-30sec,1604
G2,G2_guessSafeNoHelp,SPF,0.00,NC,1,run-05-30sec,1603
L1,L1_abs,SPF,100.00,C,10,run-05-30sec,3205
L1,L1_absImpossible,SPF,66.67,C,4,run-05-30sec,8312
L1,L1_cbrt,SPF,75.00,NC,1,run-05-30sec,1604
L1,L1_cos,SPF,100.00,C,3,run-05-30sec,5008
L1,L1_cosImpossible,SPF,66.67,C,1,run-05-30sec,4809
L1,L1_log10GuessArgument,SPF,,N/A,,run-05-30sec,1603
L1,L1_logGuessArgument,SPF,100.00,C,2,run-05-30sec,5406
L1,L1_logGuessBase,SPF,100.00,C,4,run-05-30sec,5014
L1,L1_logGuessBaseAndArgument,SPF,100.00,C,4,run-05-30sec,5513
L1,L1_minMax,SPF,100.00,C,7,run-05-30sec,5409
L1,L1_minMaxImpossible,SPF,66.67,C,7,run-05-30sec,4909
L1,L1_minMaxWithOrder,SPF,100.00,C,7,run-05-30sec,5111
L1,L1_powGuessBase,SPF,100.00,C,3,run-05-30sec,5307
L1,L1_powGuessBaseAndExponent,SPF,100.00,C,3,run-05-30sec,6811
L1,L1_powGuessExponent,SPF,100.00,C,3,run-05-30sec,5410
L1,L1_sin,SPF,100.00,C,3,run-05-30sec,5212
L1,L1_sinImpossible,SPF,66.67,C,1,run-05-30sec,4610
L1,L1_sqrt,SPF,100.00,C,3,run-05-30sec,5408
L1,L1_sqrtImpossible,SPF,66.67,C,1,run-05-30sec,4909
L1,L1_tan,SPF,100.00,C,3,run-05-30sec,5209
L2,L2_add,SPF,28.57,NC,1,run-05-30sec,1602
L2,L2_addWithCondition,SPF,0.00,NC,1,run-05-30sec,1702
L2,L2_charAt,SPF,28.57,NC,1,run-05-30sec,1603
L2,L2_compareTo,SPF,22.22,NC,1,run-05-30sec,1602
L2,L2_compareToIgnoreCase,SPF,22.22,NC,1,run-05-30sec,1602
L2,L2_equality,SPF,22.22,NC,1,run-05-30sec,1603
L2,L2_equalityIgnoreCase,SPF,22.22,NC,1,run-05-30sec,1602
L2,L2_indexOf,SPF,25.00,NC,1,run-05-30sec,1602
L2,L2_length,SPF,28.57,NC,1,run-05-30sec,1602
L2,L2_regionEquality,SPF,25.00,NC,1,run-05-30sec,1604
L2,L2_startsEnds,SPF,28.57,NC,1,run-05-30sec,1606
L2,L2_substring,SPF,28.57,NC,1,run-05-30sec,1602
L2,L2_switchString,SPF,33.33,NC,1,run-05-30sec,1602
L3,L3_guessDouble,SPF,40.00,NC,1,run-05-30sec,1604
L3,L3_guessInteger,SPF,40.00,NC,1,run-05-30sec,1602
L3,L3_integerOverflow,SPF,75.00,NC,1,run-05-30sec,1709
L4,L4_guessElementAndIndex,SPF,88.89,NC,3,run-05-30sec,2711
L4,L4_guessElements,SPF,100.00,C,3,run-05-30sec,2704
L4,L4_guessGenericListWithElement,SPF,,EX,,run-05-30sec,1601
L4,L4_guessGenericListWithSize,SPF,,EX,,run-05-30sec,1501
L4,L4_guessGenericVectorWithElement,SPF,0.00,NC,1,run-05-30sec,1603
L4,L4_guessGenericVectorWithSize,SPF,0.00,NC,1,run-05-30sec,1603
L4,L4_guessIndices,SPF,88.89,NC,3,run-05-30sec,2707
L4,L4_guessListWithSize,SPF,,EX,,run-05-30sec,1605
L4,L4_guessSize,SPF,100.00,C,2,run-05-30sec,2503
L4,L4_guessSizeAndElements,SPF,100.00,C,4,run-05-30sec,2603
L4,L4_guessVectorWithSize,SPF,0.00,NC,1,run-05-30sec,1603
LO,LO_associatesAPIGuessDate,SPF,,EX,,run-05-30sec,1603
LO,LO_associatesAPIGuessValidDateFormat,SPF,,EX,,run-05-30sec,1603
LO,LO_guessUUID,SPF,22.22,NC,1,run-05-30sec,1602
LO,LO_guessValidUUID,SPF,33.33,NC,1,run-05-30sec,1602
LO,LO_inheritsAPIGuessOneObject,SPF,28.57,NC,1,run-05-30sec,1609
LO,LO_inheritsAPIGuessOnePrimitive,SPF,83.33,C,4,run-05-30sec,2609
LO,LO_inheritsAPIGuessTwoObjects,SPF,16.67,NC,1,run-05-30sec,1602
LO,LO_inheritsAPIGuessTwoPrimitives,SPF,91.67,C,7,run-05-30sec,6216
LO,LO_regexCaseInsensitive,SPF,,EX,,run-05-30sec,1603
LO,LO_regexCaseSensitive,SPF,40.00,NC,1,run-05-30sec,1602
Others,Others_guess,SPF,40.00,NC,1,run-05-30sec,1501
Others,Others_guessEnum,SPF,18.18,NC,1,run-05-30sec,1606
Others,Others_guessEnumOrdinal,SPF,18.18,NC,1,run-05-30sec,1604
Others,Others_guessEnumString,SPF,18.18,NC,1,run-05-30sec,1504
Others,Others_guessWithLength,SPF,40.00,NC,1,run-05-30sec,1602
Others,Others_iterateWithFor,SPF,22.22,NC,1,run-05-30sec,1602
Others,Others_iterateWithForeach,SPF,18.18,NC,1,run-05-30sec,1604
Others,Others_minMax,SPF,100.00,C,7,run-05-30sec,5306
Others,Others_minMaxImpossible,SPF,66.67,C,7,run-05-30sec,5608
Others,Others_minMaxWithOrder,SPF,100.00,C,7,run-05-30sec,5409
Others,Others_switchEnum,SPF,25.00,NC,1,run-05-30sec,1602
Others,Others_test,SPF,100.00,C,2,run-05-30sec,3644
B1a,B1a_oneParamBoolean,SPF,100.00,C,2,run-06-30sec,2404
B1a,B1a_oneParamByte,SPF,100.00,C,1,run-06-30sec,1603
B1a,B1a_oneParamChar,SPF,100.00,C,1,run-06-30sec,1645
B1a,B1a_oneParamDouble,SPF,100.00,C,1,run-06-30sec,1603
B1a,B1a_oneParamFloat,SPF,100.00,C,1,run-06-30sec,1603
B1a,B1a_oneParamInt,SPF,100.00,C,1,run-06-30sec,1604
B1a,B1a_oneParamLong,SPF,100.00,C,1,run-06-30sec,1602
B1a,B1a_oneParamShort,SPF,100.00,C,1,run-06-30sec,1606
B1a,B1a_twoParamBoolean,SPF,100.00,C,1,run-06-30sec,1604
B1a,B1a_twoParamByte,SPF,100.00,C,1,run-06-30sec,1603
B1a,B1a_twoParamChar,SPF,100.00,C,1,run-06-30sec,1603
B1a,B1a_twoParamDouble,SPF,100.00,C,1,run-06-30sec,1605
B1a,B1a_twoParamFloat,SPF,100.00,C,1,run-06-30sec,1606
B1a,B1a_twoParamInt,SPF,100.00,C,1,run-06-30sec,1603
B1a,B1a_twoParamLong,SPF,100.00,C,1,run-06-30sec,1602
B1a,B1a_twoParamShort,SPF,100.00,C,1,run-06-30sec,1605
B1b,B1b_constBoolean,SPF,100.00,C,1,run-06-30sec,1603
B1b,B1b_constByte,SPF,100.00,C,1,run-06-30sec,1604
B1b,B1b_constChar,SPF,100.00,C,1,run-06-30sec,1603
B1b,B1b_constDouble,SPF,100.00,C,1,run-06-30sec,1603
B1b,B1b_constFloat,SPF,100.00,C,1,run-06-30sec,1602
B1b,B1b_constInt,SPF,100.00,C,1,run-06-30sec,1604
B1b,B1b_constLong,SPF,100.00,C,1,run-06-30sec,1602
B1b,B1b_constShort,SPF,100.00,C,1,run-06-30sec,1603
B1c,B1c_add,SPF,100.00,C,1,run-06-30sec,1603
B1c,B1c_addAssignment,SPF,100.00,C,1,run-06-30sec,1603
B1c,B1c_divide,SPF,100.00,C,2,run-06-30sec,2406
B1c,B1c_divideAssignment,SPF,100.00,C,2,run-06-30sec,2407
B1c,B1c_modulo,SPF,,N/A,,run-06-30sec,2305
B1c,B1c_moduloAssignment,SPF,,N/A,,run-06-30sec,2403
B1c,B1c_multiply,SPF,100.00,C,1,run-06-30sec,1603
B1c,B1c_multiplyAssignment,SPF,100.00,C,1,run-06-30sec,1603
B1c,B1c_postfixMinusMinus,SPF,100.00,C,1,run-06-30sec,1604
B1c,B1c_postfixPlusplus,SPF,100.00,C,1,run-06-30sec,1602
B1c,B1c_substract,SPF,100.00,C,1,run-06-30sec,1704
B1c,B1c_substractAssignment,SPF,100.00,C,1,run-06-30sec,1603
B1c,B1c_unaryMinus,SPF,100.00,C,1,run-06-30sec,1603
B1c,B1c_unaryMinusMinus,SPF,100.00,C,1,run-06-30sec,1604
B1c,B1c_unaryPlus,SPF,100.00,C,1,run-06-30sec,1603
B1c,B1c_unaryPlusPlus,SPF,100.00,C,1,run-06-30sec,1604
B1d,B1d_and,SPF,100.00,C,3,run-06-30sec,2608
B1d,B1d_equal,SPF,100.00,C,2,run-06-30sec,2505
B1d,B1d_greater,SPF,100.00,C,2,run-06-30sec,2605
B1d,B1d_greaterOrEqual,SPF,100.00,C,2,run-06-30sec,2407
B1d,B1d_negate,SPF,100.00,C,2,run-06-30sec,2404
B1d,B1d_notEqual,SPF,100.00,C,2,run-06-30sec,2404
B1d,B1d_or,SPF,100.00,C,3,run-06-30sec,2407
B1d,B1d_smaller,SPF,100.00,C,2,run-06-30sec,2410
B1d,B1d_smallerOrEqual,SPF,100.00,C,2,run-06-30sec,2504
B1e,B1e_and,SPF,100.00,C,1,run-06-30sec,1603
B1e,B1e_andAssignment,SPF,100.00,C,1,run-06-30sec,1604
B1e,B1e_negate,SPF,100.00,C,1,run-06-30sec,1603
B1e,B1e_or,SPF,100.00,C,1,run-06-30sec,1602
B1e,B1e_orAssignment,SPF,100.00,C,1,run-06-30sec,1602
B1e,B1e_shiftLeft,SPF,100.00,C,1,run-06-30sec,1602
B1e,B1e_shiftLeftAssignment,SPF,100.00,C,1,run-06-30sec,1605
B1e,B1e_shiftRight,SPF,100.00,C,1,run-06-30sec,1602
B1e,B1e_shiftRightAssignment,SPF,100.00,C,1,run-06-30sec,1602
B1e,B1e_shiftRightUnsigned,SPF,100.00,C,1,run-06-30sec,1603
B1e,B1e_shiftRightUnsignedAssignment,SPF,100.00,C,1,run-06-30sec,1604
B1e,B1e_xor,SPF,100.00,C,1,run-06-30sec,1602
B1e,B1e_xorAssignment,SPF,100.00,C,1,run-06-30sec,1606
B2a,B2a_oneParamBoolean,SPF,100.00,C,2,run-06-30sec,2410
B2a,B2a_oneParamDouble,SPF,100.00,C,4,run-06-30sec,5108
B2a,B2a_oneParamInt,SPF,100.00,C,4,run-06-30sec,2603
B2a,B2a_twoParamsBoolean,SPF,72.73,C,4,run-06-30sec,4008
B2a,B2a_twoParamsDouble,SPF,84.62,C,7,run-06-30sec,14942
B2a,B2a_twoParamsInt,SPF,84.62,C,7,run-06-30sec,8719
B2b,B2b_oneParamBoolean,SPF,100.00,C,2,run-06-30sec,2503
B2b,B2b_oneParamInt,SPF,100.00,C,2,run-06-30sec,2405
B2b,B2b_twoParamsBoolean,SPF,100.00,C,3,run-06-30sec,2503
B2b,B2b_twoParamsInt,SPF,100.00,C,3,run-06-30sec,2418
B2c,B2c_missingBreaks,SPF,100.00,C,4,run-06-30sec,2405
B2c,B2c_simple,SPF,100.00,C,4,run-06-30sec,2403
B2c,B2c_withReturn,SPF,100.00,C,4,run-06-30sec,2405
B2d,B2d_oneParamDouble,SPF,100.00,C,3,run-06-30sec,3207
B2d,B2d_oneParamFloat,SPF,100.00,C,3,run-06-30sec,3305
B2d,B2d_oneParamInt,SPF,100.00,C,2,run-06-30sec,2604
B2d,B2d_oneParamIntNoSolution,SPF,66.67,C,1,run-06-30sec,3706
B2d,B2d_quadraticDouble,SPF,100.00,C,5,run-06-30sec,11855
B2d,B2d_quadraticDoubleNoSolution,SPF,80.00,C,1,run-06-30sec,6511
B2d,B2d_quadraticFloat,SPF,100.00,C,9,run-06-30sec,7016
B2d,B2d_quadraticFloatNoSolution,SPF,,EX,,run-06-30sec,5209
B2d,B2d_quadraticInt,SPF,80.00,NC,3,run-06-30sec,4306
B2d,B2d_quadraticIntNoSolution,SPF,80.00,C,1,run-06-30sec,3906
B2d,B2d_threeParamsDouble,SPF,100.00,C,10,run-06-30sec,7715
B2d,B2d_threeParamsFloat,SPF,100.00,C,13,run-06-30sec,5708
B2d,B2d_threeParamsInt,SPF,83.33,NC,3,run-06-30sec,5709
B2d,B2d_threeParamsIntNoSolution,SPF,83.33,C,3,run-06-30sec,5413
B2d,B2d_twoParamsDouble,SPF,80.00,NC,4,run-06-30sec,4409
B2d,B2d_twoParamsFloat,SPF,80.00,NC,4,run-06-30sec,4309
B2d,B2d_twoParamsInt,SPF,100.00,C,3,run-06-30sec,2805
B2d,B2d_twoParamsIntNoSolution,SPF,80.00,C,2,run-06-30sec,3907
B3a,B3a_complex,SPF,,T/M,,run-06-30sec,30206
B3a,B3a_infinite,SPF,,T/M,,run-06-30sec,30157
B3a,B3a_infiniteNotOptimalizable,SPF,,T/M,,run-06-30sec,30213
B3a,B3a_nestedLoop,SPF,,N/A,,run-06-30sec,2403
B3a,B3a_nestedLoopWithLabel,SPF,,N/A,,run-06-30sec,2404
B3a,B3a_withConditionAndLimit,SPF,100.00,C,12,run-06-30sec,3305
B3a,B3a_withConditionNoLimit,SPF,,N/A,,run-06-30sec,2503
B3a,B3a_withContinueBreak,SPF,100.00,C,103,run-06-30sec,8713
B3a,B3a_withLimit,SPF,100.00,C,12,run-06-30sec,3305
B3b,B3b_complex,SPF,,T/M,,run-06-30sec,30135
B3b,B3b_infinite,SPF,,T/M,,run-06-30sec,30175
B3b,B3b_infiniteNotOptimalizable,SPF,,T/M,,run-06-30sec,30205
B3b,B3b_nestedLoop,SPF,,N/A,,run-06-30sec,2404
B3b,B3b_nestedLoopWithLabel,SPF,,N/A,,run-06-30sec,2403
B3b,B3b_withConditionAndLimit,SPF,100.00,C,12,run-06-30sec,3505
B3b,B3b_withConditionNoLimit,SPF,,N/A,,run-06-30sec,2505
B3b,B3b_withContinueBreak,SPF,100.00,C,103,run-06-30sec,8915
B3b,B3b_withLimit,SPF,100.00,C,12,run-06-30sec,3405
B3c,B3c_complex,SPF,,T/M,,run-06-30sec,30221
B3c,B3c_infinite,SPF,,T/M,,run-06-30sec,30178
B3c,B3c_infiniteNotOptimalizable,SPF,,T/M,,run-06-30sec,30208
B3c,B3c_nestedLoop,SPF,,N/A,,run-06-30sec,1603
B3c,B3c_nestedLoopWithLabel,SPF,,N/A,,run-06-30sec,1608
B3c,B3c_withConditionAndLimit,SPF,100.00,C,11,run-06-30sec,3206
B3c,B3c_withConditionNoLimit,SPF,,N/A,,run-06-30sec,1602
B3c,B3c_withContinueBreak,SPF,100.00,C,102,run-06-30sec,8815
B3c,B3c_withLimit,SPF,100.00,C,11,run-06-30sec,3304
B4a,B4a_fromParams,SPF,100.00,C,4,run-06-30sec,2506
B4a,B4a_fromParamsWithIndex,SPF,83.33,NC,5,run-06-30sec,4111
B4a,B4a_guessLength,SPF,100.00,C,2,run-06-30sec,2405
B4a,B4a_guessOneArray,SPF,40.00,NC,1,run-06-30sec,1603
B4a,B4a_guessOneArrayWithLength,SPF,40.00,NC,1,run-06-30sec,1602
B4a,B4a_indexParam,SPF,83.33,NC,3,run-06-30sec,2503
B4a,B4a_iterateWithFor,SPF,22.22,NC,1,run-06-30sec,1604
B4a,B4a_iterateWithForeach,SPF,18.18,NC,1,run-06-30sec,1603
B4a,B4a_twoArrays,SPF,28.57,NC,1,run-06-30sec,1506
B4b,B4b_fromParams,SPF,100.00,C,4,run-06-30sec,2503
B4b,B4b_fromParamsWithIndex,SPF,75.00,NC,3,run-06-30sec,2506
B4b,B4b_guessLength,SPF,100.00,C,2,run-06-30sec,2404
B4b,B4b_guessOneArray,SPF,0.00,NC,1,run-06-30sec,1602
B4b,B4b_guessOneArrayWithLength,SPF,0.00,NC,1,run-06-30sec,1603
B4b,B4b_indexParam,SPF,75.00,NC,1,run-06-30sec,1604
B4b,B4b_iterateWithFor,SPF,0.00,NC,1,run-06-30sec,1602
B4b,B4b_iterateWithForeach,SPF,0.00,NC,1,run-06-30sec,1604
B4b,B4b_twoArrays,SPF,0.00,NC,1,run-06-30sec,1602
B5a1,B5a1_conditionalCall,SPF,100.00,C,8,run-06-30sec,8614
B5a1,B5a1_simple,SPF,100.00,C,7,run-06-30sec,6911
B5a1,B5a1_useReturnValue,SPF,100.00,C,7,run-06-30sec,6914
B5a2,B5a2_conditionalCall,SPF,100.00,C,8,run-06-30sec,9115
B5a2,B5a2_simple,SPF,100.00,C,7,run-06-30sec,8031
B5a2,B5a2_useReturnValue,SPF,100.00,C,7,run-06-30sec,6815
B5b1,B5b1_fibonacci,SPF,,T/M,,run-06-30sec,30201
B5b1,B5b1_simple,SPF,,N/A,,run-06-30sec,1601
B5b2,B5b2_fibonacci,SPF,,T/M,,run-06-30sec,30262
B5b2,B5b2_simple,SPF,,N/A,,run-06-30sec,1603
B6a,B6a_always,SPF,100.00,C,1,run-06-30sec,1506
B6a,B6a_call,SPF,100.00,C,7,run-06-30sec,6619
B6a,B6a_conditionalAndLoop,SPF,100.00,C,12,run-06-30sec,3406
B6a,B6a_recursive,SPF,,N/A,,run-06-30sec,1602
B6a,B6a_tryCatch,SPF,100.00,C,7,run-06-30sec,7413
B6a,B6a_tryCatchFinally,SPF,100.00,C,21,run-06-30sec,8216
B6b,B6b_always,SPF,100.00,C,1,run-06-30sec,1604
B6b,B6b_call,SPF,100.00,C,7,run-06-30sec,8114
B6b,B6b_conditionalAndLoop,SPF,100.00,C,12,run-06-30sec,3508
B6b,B6b_recursive,SPF,,N/A,,run-06-30sec,1602
B6b,B6b_tryCatch,SPF,100.00,C,7,run-06-30sec,8212
B6b,B6b_tryCatchFinally,SPF,100.00,C,21,run-06-30sec,8115
B6c,B6c_arithmeticException,SPF,100.00,C,2,run-06-30sec,3326
B6c,B6c_arrayIndexOutOfBoundsException,SPF,100.00,C,2,run-06-30sec,2510
B6c,B6c_classCastException,SPF,100.00,C,2,run-06-30sec,2404
B6c,B6c_illegalArgumentException,SPF,100.00,C,2,run-06-30sec,2402
B6c,B6c_illegalStateException,SPF,100.00,C,2,run-06-30sec,2503
B6c,B6c_indexOutOfBoundsException,SPF,100.00,C,2,run-06-30sec,2403
B6c,B6c_nullPointerException,SPF,100.00,C,2,run-06-30sec,2402
B6c,B6c_securityException,SPF,100.00,C,2,run-06-30sec,2404
B6c,B6c_unsupportedOperationException,SPF,100.00,C,2,run-06-30sec,2504
S1,S1_returnStructure,SPF,40.00,NC,1,run-06-30sec,1603
S1,S1_returnStructureParams,SPF,100.00,C,1,run-06-30sec,1602
S1,S1_useStructure,SPF,66.67,NC,1,run-06-30sec,1603
S1,S1_useStructureParams,SPF,100.00,C,1,run-06-30sec,1603
S2,S2_oneStructure,SPF,18.18,NC,1,run-06-30sec,1603
S2,S2_oneStructureParams,SPF,100.00,C,7,run-06-30sec,8221
S2,S2_twoStructures,SPF,14.29,NC,1,run-06-30sec,1603
S2,S2_twoStructuresParams,SPF,100.00,C,7,run-06-30sec,8912
S3,S3_arrayOfStructures,SPF,25.00,NC,1,run-06-30sec,1601
S3,S3_arrayOfStructuresParams,SPF,15.38,NC,1,run-06-30sec,1605
S3,S3_noLimit,SPF,25.00,NC,1,run-06-30sec,1602
S3,S3_noLimitParams,SPF,,N/A,,run-06-30sec,2305
S3,S3_withLimit,SPF,25.00,NC,1,run-06-30sec,1604
S3,S3_withLimitParams,SPF,,N/A,,run-06-30sec,2403
S4,S4_guess,SPF,22.22,NC,1,run-06-30sec,1602
S4,S4_guessCoordinates,SPF,16.67,NC,1,run-06-30sec,1603
S4,S4_guessParams,SPF,100.00,C,9,run-06-30sec,2912
O1,O1_fullCoverage,SPF,13.33,NC,1,run-06-30sec,1603
O1,O1_guessImpossibleObject,SPF,40.00,NC,1,run-06-30sec,1603
O1,O1_guessImpossibleOperationCount,SPF,28.57,NC,1,run-06-30sec,1601
O1,O1_guessImpossibleOperationCountParams,SPF,,T/M,,run-06-30sec,30221
O1,O1_guessImpossibleResult,SPF,15.38,NC,1,run-06-30sec,1604
O1,O1_guessImpossibleResultAndOperationCount,SPF,28.57,NC,1,run-06-30sec,1605
O1,O1_guessImpossibleResultAndOperationCountParams,SPF,,T/M,,run-06-30sec,30218
O1,O1_guessImpossibleResultParams,SPF,91.67,C,8,run-06-30sec,9113
O1,O1_guessObject,SPF,40.00,NC,1,run-06-30sec,1605
O1,O1_guessOperationCount,SPF,28.57,NC,1,run-06-30sec,1603
O1,O1_guessOperationCountParams,SPF,,T/M,,run-06-30sec,30181
O1,O1_guessResult,SPF,15.38,NC,1,run-06-30sec,1602
O1,O1_guessResultAndOperationCount,SPF,28.57,NC,1,run-06-30sec,1602
O1,O1_guessResultAndOperationCountParams,SPF,,T/M,,run-06-30sec,30201
O1,O1_guessResultParams,SPF,100.00,C,16,run-06-30sec,3906
O1,O1_oneOperationNoCheck,SPF,0.00,NC,1,run-06-30sec,1605
O1,O1_oneOperationParams,SPF,100.00,C,2,run-06-30sec,2504
O1,O1_oneOperationWithCheck,SPF,22.22,NC,1,run-06-30sec,1602
O1,O1_twoOperationsParams,SPF,100.00,C,4,run-06-30sec,2703
O1,O1_twoOperationsWithCheck,SPF,18.18,NC,1,run-06-30sec,1608
O1,O1_twoOperationsWithNocheck,SPF,0.00,NC,1,run-06-30sec,1601
O2,O2_guessResult,SPF,13.33,NC,1,run-06-30sec,1604
O2,O2_guessResultParams,SPF,100.00,C,16,run-06-30sec,4008
O3a,O3a_guessResult,SPF,11.11,NC,1,run-06-30sec,1602
O3a,O3a_guessResultParams,SPF,100.00,C,16,run-06-30sec,3905
O3b,O3b_guess,SPF,33.33,NC,1,run-06-30sec,1602
O3b,O3b_guessImpossible,SPF,33.33,NC,1,run-06-30sec,1603
O3b,O3b_validate,SPF,33.33,NC,1,run-06-30sec,1602
O3c,O3c_guess,SPF,33.33,NC,1,run-06-30sec,1602
O3c,O3c_guessImpossible,SPF,33.33,NC,1,run-06-30sec,1602
O3c,O3c_validate,SPF,33.33,NC,1,run-06-30sec,1602
O4,O4_guessImpossible,SPF,11.76,NC,1,run-06-30sec,1607
O4,O4_guessImpossibleParams,SPF,87.50,C,8,run-06-30sec,11923
O4,O4_guessResult,SPF,11.76,NC,1,run-06-30sec,1645
O4,O4_guessResultParams,SPF,93.75,C,15,run-06-30sec,8815
G1,G1_guessType,SPF,22.22,NC,1,run-06-30sec,1605
G1,G1_guessTypeAndUse,SPF,13.33,NC,1,run-06-30sec,1603
G1,G1_guessTypeWithExtends,SPF,22.22,NC,1,run-06-30sec,1603
G1,G1_guessTypeWithExtendsAndUse,SPF,13.33,NC,1,run-06-30sec,1503
G2,G2_guessDescendant,SPF,0.00,NC,1,run-06-30sec,1604
G2,G2_guessImpossible,SPF,0.00,NC,1,run-06-30sec,1607
G2,G2_guessInteger,SPF,0.00,NC,1,run-06-30sec,1602
G2,G2_guessIntegerNoHelp,SPF,0.00,NC,1,run-06-30sec,1503
G2,G2_guessSafe,SPF,0.00,NC,1,run-06-30sec,1602
G2,G2_guessSafeNoHelp,SPF,0.00,NC,1,run-06-30sec,1503
L1,L1_abs,SPF,100.00,C,10,run-06-30sec,3312
L1,L1_absImpossible,SPF,66.67,C,4,run-06-30sec,7610
L1,L1_cbrt,SPF,75.00,NC,1,run-06-30sec,1602
L1,L1_cos,SPF,100.00,C,3,run-06-30sec,5209
L1,L1_cosImpossible,SPF,66.67,C,1,run-06-30sec,4614
L1,L1_log10GuessArgument,SPF,,N/A,,run-06-30sec,1602
L1,L1_logGuessArgument,SPF,100.00,C,2,run-06-30sec,5312
L1,L1_logGuessBase,SPF,100.00,C,4,run-06-30sec,4707
L1,L1_logGuessBaseAndArgument,SPF,100.00,C,4,run-06-30sec,6410
L1,L1_minMax,SPF,100.00,C,7,run-06-30sec,5811
L1,L1_minMaxImpossible,SPF,66.67,C,7,run-06-30sec,5209
L1,L1_minMaxWithOrder,SPF,100.00,C,7,run-06-30sec,5507
L1,L1_powGuessBase,SPF,100.00,C,3,run-06-30sec,5412
L1,L1_powGuessBaseAndExponent,SPF,100.00,C,3,run-06-30sec,6411
L1,L1_powGuessExponent,SPF,100.00,C,3,run-06-30sec,5409
L1,L1_sin,SPF,100.00,C,3,run-06-30sec,5005
L1,L1_sinImpossible,SPF,66.67,C,1,run-06-30sec,4607
L1,L1_sqrt,SPF,100.00,C,3,run-06-30sec,4811
L1,L1_sqrtImpossible,SPF,66.67,C,1,run-06-30sec,5006
L1,L1_tan,SPF,100.00,C,3,run-06-30sec,6345
L2,L2_add,SPF,28.57,NC,1,run-06-30sec,1604
L2,L2_addWithCondition,SPF,0.00,NC,1,run-06-30sec,1703
L2,L2_charAt,SPF,28.57,NC,1,run-06-30sec,1602
L2,L2_compareTo,SPF,22.22,NC,1,run-06-30sec,1602
L2,L2_compareToIgnoreCase,SPF,22.22,NC,1,run-06-30sec,1602
L2,L2_equality,SPF,22.22,NC,1,run-06-30sec,1602
L2,L2_equalityIgnoreCase,SPF,22.22,NC,1,run-06-30sec,1602
L2,L2_indexOf,SPF,25.00,NC,1,run-06-30sec,1605
L2,L2_length,SPF,28.57,NC,1,run-06-30sec,1602
L2,L2_regionEquality,SPF,25.00,NC,1,run-06-30sec,1602
L2,L2_startsEnds,SPF,28.57,NC,1,run-06-30sec,1702
L2,L2_substring,SPF,28.57,NC,1,run-06-30sec,1602
L2,L2_switchString,SPF,33.33,NC,1,run-06-30sec,1603
L3,L3_guessDouble,SPF,40.00,NC,1,run-06-30sec,1604
L3,L3_guessInteger,SPF,40.00,NC,1,run-06-30sec,1602
L3,L3_integerOverflow,SPF,75.00,NC,1,run-06-30sec,1602
L4,L4_guessElementAndIndex,SPF,88.89,NC,3,run-06-30sec,2903
L4,L4_guessElements,SPF,100.00,C,3,run-06-30sec,2603
L4,L4_guessGenericListWithElement,SPF,,EX,,run-06-30sec,1506
L4,L4_guessGenericListWithSize,SPF,,EX,,run-06-30sec,1505
L4,L4_guessGenericVectorWithElement,SPF,0.00,NC,1,run-06-30sec,1602
L4,L4_guessGenericVectorWithSize,SPF,0.00,NC,1,run-06-30sec,1604
L4,L4_guessIndices,SPF,88.89,NC,3,run-06-30sec,2703
L4,L4_guessListWithSize,SPF,,EX,,run-06-30sec,1605
L4,L4_guessSize,SPF,100.00,C,2,run-06-30sec,2603
L4,L4_guessSizeAndElements,SPF,100.00,C,4,run-06-30sec,2703
L4,L4_guessVectorWithSize,SPF,0.00,NC,1,run-06-30sec,1601
LO,LO_associatesAPIGuessDate,SPF,,EX,,run-06-30sec,1602
LO,LO_associatesAPIGuessValidDateFormat,SPF,,EX,,run-06-30sec,1602
LO,LO_guessUUID,SPF,22.22,NC,1,run-06-30sec,1603
LO,LO_guessValidUUID,SPF,33.33,NC,1,run-06-30sec,1603
LO,LO_inheritsAPIGuessOneObject,SPF,28.57,NC,1,run-06-30sec,1601
LO,LO_inheritsAPIGuessOnePrimitive,SPF,83.33,C,4,run-06-30sec,2606
LO,LO_inheritsAPIGuessTwoObjects,SPF,16.67,NC,1,run-06-30sec,1604
LO,LO_inheritsAPIGuessTwoPrimitives,SPF,91.67,C,7,run-06-30sec,6609
LO,LO_regexCaseInsensitive,SPF,,EX,,run-06-30sec,1601
LO,LO_regexCaseSensitive,SPF,40.00,NC,1,run-06-30sec,1604
Others,Others_guess,SPF,40.00,NC,1,run-06-30sec,1602
Others,Others_guessEnum,SPF,18.18,NC,1,run-06-30sec,1608
Others,Others_guessEnumOrdinal,SPF,18.18,NC,1,run-06-30sec,1602
Others,Others_guessEnumString,SPF,18.18,NC,1,run-06-30sec,1601
Others,Others_guessWithLength,SPF,40.00,NC,1,run-06-30sec,1602
Others,Others_iterateWithFor,SPF,22.22,NC,1,run-06-30sec,1502
Others,Others_iterateWithForeach,SPF,18.18,NC,1,run-06-30sec,1602
Others,Others_minMax,SPF,100.00,C,7,run-06-30sec,5210
Others,Others_minMaxImpossible,SPF,66.67,C,7,run-06-30sec,4906
Others,Others_minMaxWithOrder,SPF,100.00,C,7,run-06-30sec,5308
Others,Others_switchEnum,SPF,25.00,NC,1,run-06-30sec,1603
Others,Others_test,SPF,100.00,C,2,run-06-30sec,2505
B1a,B1a_oneParamBoolean,SPF,100.00,C,2,run-07-30sec,2413
B1a,B1a_oneParamByte,SPF,100.00,C,1,run-07-30sec,1605
B1a,B1a_oneParamChar,SPF,100.00,C,1,run-07-30sec,1651
B1a,B1a_oneParamDouble,SPF,100.00,C,1,run-07-30sec,1602
B1a,B1a_oneParamFloat,SPF,100.00,C,1,run-07-30sec,1605
B1a,B1a_oneParamInt,SPF,100.00,C,1,run-07-30sec,1606
B1a,B1a_oneParamLong,SPF,100.00,C,1,run-07-30sec,1602
B1a,B1a_oneParamShort,SPF,100.00,C,1,run-07-30sec,1605
B1a,B1a_twoParamBoolean,SPF,100.00,C,1,run-07-30sec,1603
B1a,B1a_twoParamByte,SPF,100.00,C,1,run-07-30sec,1603
B1a,B1a_twoParamChar,SPF,100.00,C,1,run-07-30sec,1603
B1a,B1a_twoParamDouble,SPF,100.00,C,1,run-07-30sec,1603
B1a,B1a_twoParamFloat,SPF,100.00,C,1,run-07-30sec,1605
B1a,B1a_twoParamInt,SPF,100.00,C,1,run-07-30sec,1603
B1a,B1a_twoParamLong,SPF,100.00,C,1,run-07-30sec,1604
B1a,B1a_twoParamShort,SPF,100.00,C,1,run-07-30sec,1602
B1b,B1b_constBoolean,SPF,100.00,C,1,run-07-30sec,1605
B1b,B1b_constByte,SPF,100.00,C,1,run-07-30sec,1603
B1b,B1b_constChar,SPF,100.00,C,1,run-07-30sec,1602
B1b,B1b_constDouble,SPF,100.00,C,1,run-07-30sec,1502
B1b,B1b_constFloat,SPF,100.00,C,1,run-07-30sec,1603
B1b,B1b_constInt,SPF,100.00,C,1,run-07-30sec,1602
B1b,B1b_constLong,SPF,100.00,C,1,run-07-30sec,1602
B1b,B1b_constShort,SPF,100.00,C,1,run-07-30sec,1603
B1c,B1c_add,SPF,100.00,C,1,run-07-30sec,1602
B1c,B1c_addAssignment,SPF,100.00,C,1,run-07-30sec,1602
B1c,B1c_divide,SPF,100.00,C,2,run-07-30sec,2308
B1c,B1c_divideAssignment,SPF,100.00,C,2,run-07-30sec,2503
B1c,B1c_modulo,SPF,,N/A,,run-07-30sec,2304
B1c,B1c_moduloAssignment,SPF,,N/A,,run-07-30sec,2304
B1c,B1c_multiply,SPF,100.00,C,1,run-07-30sec,1602
B1c,B1c_multiplyAssignment,SPF,100.00,C,1,run-07-30sec,1606
B1c,B1c_postfixMinusMinus,SPF,100.00,C,1,run-07-30sec,1602
B1c,B1c_postfixPlusplus,SPF,100.00,C,1,run-07-30sec,1602
B1c,B1c_substract,SPF,100.00,C,1,run-07-30sec,1504
B1c,B1c_substractAssignment,SPF,100.00,C,1,run-07-30sec,1603
B1c,B1c_unaryMinus,SPF,100.00,C,1,run-07-30sec,1603
B1c,B1c_unaryMinusMinus,SPF,100.00,C,1,run-07-30sec,1603
B1c,B1c_unaryPlus,SPF,100.00,C,1,run-07-30sec,1602
B1c,B1c_unaryPlusPlus,SPF,100.00,C,1,run-07-30sec,1602
B1d,B1d_and,SPF,100.00,C,3,run-07-30sec,2506
B1d,B1d_equal,SPF,100.00,C,2,run-07-30sec,2503
B1d,B1d_greater,SPF,100.00,C,2,run-07-30sec,2409
B1d,B1d_greaterOrEqual,SPF,100.00,C,2,run-07-30sec,2604
B1d,B1d_negate,SPF,100.00,C,2,run-07-30sec,2405
B1d,B1d_notEqual,SPF,100.00,C,2,run-07-30sec,2404
B1d,B1d_or,SPF,100.00,C,3,run-07-30sec,2621
B1d,B1d_smaller,SPF,100.00,C,2,run-07-30sec,2503
B1d,B1d_smallerOrEqual,SPF,100.00,C,2,run-07-30sec,3631
B1e,B1e_and,SPF,100.00,C,1,run-07-30sec,1602
B1e,B1e_andAssignment,SPF,100.00,C,1,run-07-30sec,1606
B1e,B1e_negate,SPF,100.00,C,1,run-07-30sec,1602
B1e,B1e_or,SPF,100.00,C,1,run-07-30sec,1603
B1e,B1e_orAssignment,SPF,100.00,C,1,run-07-30sec,1606
B1e,B1e_shiftLeft,SPF,100.00,C,1,run-07-30sec,1604
B1e,B1e_shiftLeftAssignment,SPF,100.00,C,1,run-07-30sec,1602
B1e,B1e_shiftRight,SPF,100.00,C,1,run-07-30sec,1606
B1e,B1e_shiftRightAssignment,SPF,100.00,C,1,run-07-30sec,1602
B1e,B1e_shiftRightUnsigned,SPF,100.00,C,1,run-07-30sec,1602
B1e,B1e_shiftRightUnsignedAssignment,SPF,100.00,C,1,run-07-30sec,1602
B1e,B1e_xor,SPF,100.00,C,1,run-07-30sec,1607
B1e,B1e_xorAssignment,SPF,100.00,C,1,run-07-30sec,1602
B2a,B2a_oneParamBoolean,SPF,100.00,C,2,run-07-30sec,2505
B2a,B2a_oneParamDouble,SPF,100.00,C,4,run-07-30sec,4908
B2a,B2a_oneParamInt,SPF,100.00,C,4,run-07-30sec,2604
B2a,B2a_twoParamsBoolean,SPF,72.73,C,4,run-07-30sec,4109
B2a,B2a_twoParamsDouble,SPF,84.62,C,7,run-07-30sec,13325
B2a,B2a_twoParamsInt,SPF,84.62,C,7,run-07-30sec,9324
B2b,B2b_oneParamBoolean,SPF,100.00,C,2,run-07-30sec,2403
B2b,B2b_oneParamInt,SPF,100.00,C,2,run-07-30sec,2303
B2b,B2b_twoParamsBoolean,SPF,100.00,C,3,run-07-30sec,2510
B2b,B2b_twoParamsInt,SPF,100.00,C,3,run-07-30sec,2410
B2c,B2c_missingBreaks,SPF,100.00,C,4,run-07-30sec,2403
B2c,B2c_simple,SPF,100.00,C,4,run-07-30sec,2505
B2c,B2c_withReturn,SPF,100.00,C,4,run-07-30sec,2504
B2d,B2d_oneParamDouble,SPF,100.00,C,3,run-07-30sec,3206
B2d,B2d_oneParamFloat,SPF,100.00,C,3,run-07-30sec,3205
B2d,B2d_oneParamInt,SPF,100.00,C,2,run-07-30sec,2406
B2d,B2d_oneParamIntNoSolution,SPF,66.67,C,1,run-07-30sec,3709
B2d,B2d_quadraticDouble,SPF,100.00,C,5,run-07-30sec,10215
B2d,B2d_quadraticDoubleNoSolution,SPF,80.00,C,1,run-07-30sec,6011
B2d,B2d_quadraticFloat,SPF,100.00,C,9,run-07-30sec,7312
B2d,B2d_quadraticFloatNoSolution,SPF,,EX,,run-07-30sec,4906
B2d,B2d_quadraticInt,SPF,80.00,NC,3,run-07-30sec,4308
B2d,B2d_quadraticIntNoSolution,SPF,80.00,C,1,run-07-30sec,3807
B2d,B2d_threeParamsDouble,SPF,100.00,C,10,run-07-30sec,7316
B2d,B2d_threeParamsFloat,SPF,100.00,C,13,run-07-30sec,5512
B2d,B2d_threeParamsInt,SPF,83.33,NC,3,run-07-30sec,5208
B2d,B2d_threeParamsIntNoSolution,SPF,83.33,C,3,run-07-30sec,5509
B2d,B2d_twoParamsDouble,SPF,80.00,NC,4,run-07-30sec,4307
B2d,B2d_twoParamsFloat,SPF,80.00,NC,4,run-07-30sec,4409
B2d,B2d_twoParamsInt,SPF,100.00,C,3,run-07-30sec,2804
B2d,B2d_twoParamsIntNoSolution,SPF,80.00,C,2,run-07-30sec,4106
B3a,B3a_complex,SPF,,T/M,,run-07-30sec,30207
B3a,B3a_infinite,SPF,,T/M,,run-07-30sec,30163
B3a,B3a_infiniteNotOptimalizable,SPF,,T/M,,run-07-30sec,30217
B3a,B3a_nestedLoop,SPF,,N/A,,run-07-30sec,2407
B3a,B3a_nestedLoopWithLabel,SPF,,N/A,,run-07-30sec,2403
B3a,B3a_withConditionAndLimit,SPF,100.00,C,12,run-07-30sec,3406
B3a,B3a_withConditionNoLimit,SPF,,N/A,,run-07-30sec,2303
B3a,B3a_withContinueBreak,SPF,100.00,C,103,run-07-30sec,8919
B3a,B3a_withLimit,SPF,100.00,C,12,run-07-30sec,3205
B3b,B3b_complex,SPF,,T/M,,run-07-30sec,30229
B3b,B3b_infinite,SPF,,T/M,,run-07-30sec,30197
B3b,B3b_infiniteNotOptimalizable,SPF,,T/M,,run-07-30sec,30203
B3b,B3b_nestedLoop,SPF,,N/A,,run-07-30sec,2404
B3b,B3b_nestedLoopWithLabel,SPF,,N/A,,run-07-30sec,2409
B3b,B3b_withConditionAndLimit,SPF,100.00,C,12,run-07-30sec,3306
B3b,B3b_withConditionNoLimit,SPF,,N/A,,run-07-30sec,2508
B3b,B3b_withContinueBreak,SPF,100.00,C,103,run-07-30sec,9115
B3b,B3b_withLimit,SPF,100.00,C,12,run-07-30sec,3305
B3c,B3c_complex,SPF,,T/M,,run-07-30sec,30219
B3c,B3c_infinite,SPF,,T/M,,run-07-30sec,30151
B3c,B3c_infiniteNotOptimalizable,SPF,,T/M,,run-07-30sec,30200
B3c,B3c_nestedLoop,SPF,,N/A,,run-07-30sec,1604
B3c,B3c_nestedLoopWithLabel,SPF,,N/A,,run-07-30sec,1602
B3c,B3c_withConditionAndLimit,SPF,100.00,C,11,run-07-30sec,3305
B3c,B3c_withConditionNoLimit,SPF,,N/A,,run-07-30sec,1602
B3c,B3c_withContinueBreak,SPF,100.00,C,102,run-07-30sec,8914
B3c,B3c_withLimit,SPF,100.00,C,11,run-07-30sec,3306
B4a,B4a_fromParams,SPF,100.00,C,4,run-07-30sec,2605
B4a,B4a_fromParamsWithIndex,SPF,83.33,NC,5,run-07-30sec,4308
B4a,B4a_guessLength,SPF,100.00,C,2,run-07-30sec,2403
B4a,B4a_guessOneArray,SPF,40.00,NC,1,run-07-30sec,1603
B4a,B4a_guessOneArrayWithLength,SPF,40.00,NC,1,run-07-30sec,1603
B4a,B4a_indexParam,SPF,83.33,NC,3,run-07-30sec,2609
B4a,B4a_iterateWithFor,SPF,22.22,NC,1,run-07-30sec,1504
B4a,B4a_iterateWithForeach,SPF,18.18,NC,1,run-07-30sec,1608
B4a,B4a_twoArrays,SPF,28.57,NC,1,run-07-30sec,1603
B4b,B4b_fromParams,SPF,100.00,C,4,run-07-30sec,2504
B4b,B4b_fromParamsWithIndex,SPF,75.00,NC,3,run-07-30sec,2504
B4b,B4b_guessLength,SPF,100.00,C,2,run-07-30sec,2407
B4b,B4b_guessOneArray,SPF,0.00,NC,1,run-07-30sec,1603
B4b,B4b_guessOneArrayWithLength,SPF,0.00,NC,1,run-07-30sec,1602
B4b,B4b_indexParam,SPF,75.00,NC,1,run-07-30sec,1603
B4b,B4b_iterateWithFor,SPF,0.00,NC,1,run-07-30sec,1602
B4b,B4b_iterateWithForeach,SPF,0.00,NC,1,run-07-30sec,1604
B4b,B4b_twoArrays,SPF,0.00,NC,1,run-07-30sec,1605
B5a1,B5a1_conditionalCall,SPF,100.00,C,8,run-07-30sec,8520
B5a1,B5a1_simple,SPF,100.00,C,7,run-07-30sec,6710
B5a1,B5a1_useReturnValue,SPF,100.00,C,7,run-07-30sec,8023
B5a2,B5a2_conditionalCall,SPF,100.00,C,8,run-07-30sec,8523
B5a2,B5a2_simple,SPF,100.00,C,7,run-07-30sec,9344
B5a2,B5a2_useReturnValue,SPF,100.00,C,7,run-07-30sec,6712
B5b1,B5b1_fibonacci,SPF,,T/M,,run-07-30sec,30189
B5b1,B5b1_simple,SPF,,N/A,,run-07-30sec,1601
B5b2,B5b2_fibonacci,SPF,,T/M,,run-07-30sec,30217
B5b2,B5b2_simple,SPF,,N/A,,run-07-30sec,1604
B6a,B6a_always,SPF,100.00,C,1,run-07-30sec,1603
B6a,B6a_call,SPF,100.00,C,7,run-07-30sec,7122
B6a,B6a_conditionalAndLoop,SPF,100.00,C,12,run-07-30sec,3306
B6a,B6a_recursive,SPF,,N/A,,run-07-30sec,1602
B6a,B6a_tryCatch,SPF,100.00,C,7,run-07-30sec,7914
B6a,B6a_tryCatchFinally,SPF,100.00,C,21,run-07-30sec,9115
B6b,B6b_always,SPF,100.00,C,1,run-07-30sec,1635
B6b,B6b_call,SPF,100.00,C,7,run-07-30sec,7417
B6b,B6b_conditionalAndLoop,SPF,100.00,C,12,run-07-30sec,3404
B6b,B6b_recursive,SPF,,N/A,,run-07-30sec,1602
B6b,B6b_tryCatch,SPF,100.00,C,7,run-07-30sec,6808
B6b,B6b_tryCatchFinally,SPF,100.00,C,21,run-07-30sec,8516
B6c,B6c_arithmeticException,SPF,100.00,C,2,run-07-30sec,2508
B6c,B6c_arrayIndexOutOfBoundsException,SPF,100.00,C,2,run-07-30sec,2403
B6c,B6c_classCastException,SPF,100.00,C,2,run-07-30sec,2403
B6c,B6c_illegalArgumentException,SPF,100.00,C,2,run-07-30sec,2403
B6c,B6c_illegalStateException,SPF,100.00,C,2,run-07-30sec,2403
B6c,B6c_indexOutOfBoundsException,SPF,100.00,C,2,run-07-30sec,2409
B6c,B6c_nullPointerException,SPF,100.00,C,2,run-07-30sec,2503
B6c,B6c_securityException,SPF,100.00,C,2,run-07-30sec,2403
B6c,B6c_unsupportedOperationException,SPF,100.00,C,2,run-07-30sec,2508
S1,S1_returnStructure,SPF,40.00,NC,1,run-07-30sec,1604
S1,S1_returnStructureParams,SPF,100.00,C,1,run-07-30sec,1603
S1,S1_useStructure,SPF,66.67,NC,1,run-07-30sec,1603
S1,S1_useStructureParams,SPF,100.00,C,1,run-07-30sec,1602
S2,S2_oneStructure,SPF,18.18,NC,1,run-07-30sec,1502
S2,S2_oneStructureParams,SPF,100.00,C,7,run-07-30sec,8614
S2,S2_twoStructures,SPF,14.29,NC,1,run-07-30sec,1602
S2,S2_twoStructuresParams,SPF,100.00,C,7,run-07-30sec,7815
S3,S3_arrayOfStructures,SPF,25.00,NC,1,run-07-30sec,1603
S3,S3_arrayOfStructuresParams,SPF,15.38,NC,1,run-07-30sec,1605
S3,S3_noLimit,SPF,25.00,NC,1,run-07-30sec,1602
S3,S3_noLimitParams,SPF,,N/A,,run-07-30sec,2406
S3,S3_withLimit,SPF,25.00,NC,1,run-07-30sec,1603
S3,S3_withLimitParams,SPF,,N/A,,run-07-30sec,2407
S4,S4_guess,SPF,22.22,NC,1,run-07-30sec,1605
S4,S4_guessCoordinates,SPF,16.67,NC,1,run-07-30sec,1602
S4,S4_guessParams,SPF,100.00,C,9,run-07-30sec,2904
O1,O1_fullCoverage,SPF,13.33,NC,1,run-07-30sec,1602
O1,O1_guessImpossibleObject,SPF,40.00,NC,1,run-07-30sec,1503
O1,O1_guessImpossibleOperationCount,SPF,28.57,NC,1,run-07-30sec,2332
O1,O1_guessImpossibleOperationCountParams,SPF,,T/M,,run-07-30sec,30152
O1,O1_guessImpossibleResult,SPF,15.38,NC,1,run-07-30sec,1602
O1,O1_guessImpossibleResultAndOperationCount,SPF,28.57,NC,1,run-07-30sec,1603
O1,O1_guessImpossibleResultAndOperationCountParams,SPF,,T/M,,run-07-30sec,30212
O1,O1_guessImpossibleResultParams,SPF,91.67,C,8,run-07-30sec,8821
O1,O1_guessObject,SPF,40.00,NC,1,run-07-30sec,1603
O1,O1_guessOperationCount,SPF,28.57,NC,1,run-07-30sec,1609
O1,O1_guessOperationCountParams,SPF,,T/M,,run-07-30sec,30165
O1,O1_guessResult,SPF,15.38,NC,1,run-07-30sec,1603
O1,O1_guessResultAndOperationCount,SPF,28.57,NC,1,run-07-30sec,1602
O1,O1_guessResultAndOperationCountParams,SPF,,T/M,,run-07-30sec,30132
O1,O1_guessResultParams,SPF,100.00,C,16,run-07-30sec,3905
O1,O1_oneOperationNoCheck,SPF,0.00,NC,1,run-07-30sec,1602
O1,O1_oneOperationParams,SPF,100.00,C,2,run-07-30sec,2507
O1,O1_oneOperationWithCheck,SPF,22.22,NC,1,run-07-30sec,1807
O1,O1_twoOperationsParams,SPF,100.00,C,4,run-07-30sec,2703
O1,O1_twoOperationsWithCheck,SPF,18.18,NC,1,run-07-30sec,1612
O1,O1_twoOperationsWithNocheck,SPF,0.00,NC,1,run-07-30sec,1603
O2,O2_guessResult,SPF,13.33,NC,1,run-07-30sec,1603
O2,O2_guessResultParams,SPF,100.00,C,16,run-07-30sec,3905
O3a,O3a_guessResult,SPF,11.11,NC,1,run-07-30sec,1604
O3a,O3a_guessResultParams,SPF,100.00,C,16,run-07-30sec,3905
O3b,O3b_guess,SPF,33.33,NC,1,run-07-30sec,1604
O3b,O3b_guessImpossible,SPF,33.33,NC,1,run-07-30sec,1603
O3b,O3b_validate,SPF,33.33,NC,1,run-07-30sec,1602
O3c,O3c_guess,SPF,33.33,NC,1,run-07-30sec,1604
O3c,O3c_guessImpossible,SPF,33.33,NC,1,run-07-30sec,1602
O3c,O3c_validate,SPF,33.33,NC,1,run-07-30sec,1504
O4,O4_guessImpossible,SPF,11.76,NC,1,run-07-30sec,1608
O4,O4_guessImpossibleParams,SPF,87.50,C,8,run-07-30sec,11779
O4,O4_guessResult,SPF,11.76,NC,1,run-07-30sec,1603
O4,O4_guessResultParams,SPF,93.75,C,15,run-07-30sec,8620
G1,G1_guessType,SPF,22.22,NC,1,run-07-30sec,1602
G1,G1_guessTypeAndUse,SPF,13.33,NC,1,run-07-30sec,1602
G1,G1_guessTypeWithExtends,SPF,22.22,NC,1,run-07-30sec,1603
G1,G1_guessTypeWithExtendsAndUse,SPF,13.33,NC,1,run-07-30sec,1603
G2,G2_guessDescendant,SPF,0.00,NC,1,run-07-30sec,1507
G2,G2_guessImpossible,SPF,0.00,NC,1,run-07-30sec,1601
G2,G2_guessInteger,SPF,0.00,NC,1,run-07-30sec,1502
G2,G2_guessIntegerNoHelp,SPF,0.00,NC,1,run-07-30sec,1608
G2,G2_guessSafe,SPF,0.00,NC,1,run-07-30sec,1603
G2,G2_guessSafeNoHelp,SPF,0.00,NC,1,run-07-30sec,1605
L1,L1_abs,SPF,100.00,C,10,run-07-30sec,3204
L1,L1_absImpossible,SPF,66.67,C,4,run-07-30sec,6810
L1,L1_cbrt,SPF,75.00,NC,1,run-07-30sec,1603
L1,L1_cos,SPF,100.00,C,3,run-07-30sec,5316
L1,L1_cosImpossible,SPF,66.67,C,1,run-07-30sec,4906
L1,L1_log10GuessArgument,SPF,,N/A,,run-07-30sec,1605
L1,L1_logGuessArgument,SPF,100.00,C,2,run-07-30sec,5410
L1,L1_logGuessBase,SPF,100.00,C,4,run-07-30sec,5408
L1,L1_logGuessBaseAndArgument,SPF,100.00,C,4,run-07-30sec,5411
L1,L1_minMax,SPF,100.00,C,7,run-07-30sec,5113
L1,L1_minMaxImpossible,SPF,66.67,C,7,run-07-30sec,5308
L1,L1_minMaxWithOrder,SPF,100.00,C,7,run-07-30sec,4812
L1,L1_powGuessBase,SPF,100.00,C,3,run-07-30sec,4908
L1,L1_powGuessBaseAndExponent,SPF,100.00,C,3,run-07-30sec,5707
L1,L1_powGuessExponent,SPF,100.00,C,3,run-07-30sec,5214
L1,L1_sin,SPF,100.00,C,3,run-07-30sec,5110
L1,L1_sinImpossible,SPF,66.67,C,1,run-07-30sec,4706
L1,L1_sqrt,SPF,100.00,C,3,run-07-30sec,5508
L1,L1_sqrtImpossible,SPF,66.67,C,1,run-07-30sec,4810
L1,L1_tan,SPF,100.00,C,3,run-07-30sec,5508
L2,L2_add,SPF,28.57,NC,1,run-07-30sec,1601
L2,L2_addWithCondition,SPF,0.00,NC,1,run-07-30sec,1704
L2,L2_charAt,SPF,28.57,NC,1,run-07-30sec,1601
L2,L2_compareTo,SPF,22.22,NC,1,run-07-30sec,1603
L2,L2_compareToIgnoreCase,SPF,22.22,NC,1,run-07-30sec,1603
L2,L2_equality,SPF,22.22,NC,1,run-07-30sec,1509
L2,L2_equalityIgnoreCase,SPF,22.22,NC,1,run-07-30sec,1603
L2,L2_indexOf,SPF,25.00,NC,1,run-07-30sec,1603
L2,L2_length,SPF,28.57,NC,1,run-07-30sec,1603
L2,L2_regionEquality,SPF,25.00,NC,1,run-07-30sec,1604
L2,L2_startsEnds,SPF,28.57,NC,1,run-07-30sec,1605
L2,L2_substring,SPF,28.57,NC,1,run-07-30sec,1605
L2,L2_switchString,SPF,33.33,NC,1,run-07-30sec,1607
L3,L3_guessDouble,SPF,40.00,NC,1,run-07-30sec,1605
L3,L3_guessInteger,SPF,40.00,NC,1,run-07-30sec,1602
L3,L3_integerOverflow,SPF,75.00,NC,1,run-07-30sec,1602
L4,L4_guessElementAndIndex,SPF,88.89,NC,3,run-07-30sec,3627
L4,L4_guessElements,SPF,100.00,C,3,run-07-30sec,2503
L4,L4_guessGenericListWithElement,SPF,,EX,,run-07-30sec,1606
L4,L4_guessGenericListWithSize,SPF,,EX,,run-07-30sec,1505
L4,L4_guessGenericVectorWithElement,SPF,0.00,NC,1,run-07-30sec,1601
L4,L4_guessGenericVectorWithSize,SPF,0.00,NC,1,run-07-30sec,1603
L4,L4_guessIndices,SPF,88.89,NC,3,run-07-30sec,3012
L4,L4_guessListWithSize,SPF,,EX,,run-07-30sec,1602
L4,L4_guessSize,SPF,100.00,C,2,run-07-30sec,2603
L4,L4_guessSizeAndElements,SPF,100.00,C,4,run-07-30sec,2803
L4,L4_guessVectorWithSize,SPF,0.00,NC,1,run-07-30sec,1602
LO,LO_associatesAPIGuessDate,SPF,,EX,,run-07-30sec,1602
LO,LO_associatesAPIGuessValidDateFormat,SPF,,EX,,run-07-30sec,1601
LO,LO_guessUUID,SPF,22.22,NC,1,run-07-30sec,1603
LO,LO_guessValidUUID,SPF,33.33,NC,1,run-07-30sec,1702
LO,LO_inheritsAPIGuessOneObject,SPF,28.57,NC,1,run-07-30sec,1602
LO,LO_inheritsAPIGuessOnePrimitive,SPF,83.33,C,4,run-07-30sec,2605
LO,LO_inheritsAPIGuessTwoObjects,SPF,16.67,NC,1,run-07-30sec,1603
LO,LO_inheritsAPIGuessTwoPrimitives,SPF,91.67,C,7,run-07-30sec,6408
LO,LO_regexCaseInsensitive,SPF,,EX,,run-07-30sec,1601
LO,LO_regexCaseSensitive,SPF,40.00,NC,1,run-07-30sec,1605
Others,Others_guess,SPF,40.00,NC,1,run-07-30sec,1602
Others,Others_guessEnum,SPF,18.18,NC,1,run-07-30sec,1602
Others,Others_guessEnumOrdinal,SPF,18.18,NC,1,run-07-30sec,1605
Others,Others_guessEnumString,SPF,18.18,NC,1,run-07-30sec,1602
Others,Others_guessWithLength,SPF,40.00,NC,1,run-07-30sec,1502
Others,Others_iterateWithFor,SPF,22.22,NC,1,run-07-30sec,1503
Others,Others_iterateWithForeach,SPF,18.18,NC,1,run-07-30sec,1603
Others,Others_minMax,SPF,100.00,C,7,run-07-30sec,5442
Others,Others_minMaxImpossible,SPF,66.67,C,7,run-07-30sec,5107
Others,Others_minMaxWithOrder,SPF,100.00,C,7,run-07-30sec,5309
Others,Others_switchEnum,SPF,25.00,NC,1,run-07-30sec,1503
Others,Others_test,SPF,100.00,C,2,run-07-30sec,2507
B1a,B1a_oneParamBoolean,SPF,100.00,C,2,run-08-30sec,3005
B1a,B1a_oneParamByte,SPF,100.00,C,1,run-08-30sec,1504
B1a,B1a_oneParamChar,SPF,100.00,C,1,run-08-30sec,1504
B1a,B1a_oneParamDouble,SPF,100.00,C,1,run-08-30sec,1606
B1a,B1a_oneParamFloat,SPF,100.00,C,1,run-08-30sec,1603
B1a,B1a_oneParamInt,SPF,100.00,C,1,run-08-30sec,1603
B1a,B1a_oneParamLong,SPF,100.00,C,1,run-08-30sec,1603
B1a,B1a_oneParamShort,SPF,100.00,C,1,run-08-30sec,1603
B1a,B1a_twoParamBoolean,SPF,100.00,C,1,run-08-30sec,1605
B1a,B1a_twoParamByte,SPF,100.00,C,1,run-08-30sec,1603
B1a,B1a_twoParamChar,SPF,100.00,C,1,run-08-30sec,1602
B1a,B1a_twoParamDouble,SPF,100.00,C,1,run-08-30sec,1589
B1a,B1a_twoParamFloat,SPF,100.00,C,1,run-08-30sec,1605
B1a,B1a_twoParamInt,SPF,100.00,C,1,run-08-30sec,1603
B1a,B1a_twoParamLong,SPF,100.00,C,1,run-08-30sec,1719
B1a,B1a_twoParamShort,SPF,100.00,C,1,run-08-30sec,1602
B1b,B1b_constBoolean,SPF,100.00,C,1,run-08-30sec,1604
B1b,B1b_constByte,SPF,100.00,C,1,run-08-30sec,1603
B1b,B1b_constChar,SPF,100.00,C,1,run-08-30sec,1502
B1b,B1b_constDouble,SPF,100.00,C,1,run-08-30sec,1603
B1b,B1b_constFloat,SPF,100.00,C,1,run-08-30sec,1603
B1b,B1b_constInt,SPF,100.00,C,1,run-08-30sec,1603
B1b,B1b_constLong,SPF,100.00,C,1,run-08-30sec,1603
B1b,B1b_constShort,SPF,100.00,C,1,run-08-30sec,1503
B1c,B1c_add,SPF,100.00,C,1,run-08-30sec,1603
B1c,B1c_addAssignment,SPF,100.00,C,1,run-08-30sec,1603
B1c,B1c_divide,SPF,100.00,C,2,run-08-30sec,2507
B1c,B1c_divideAssignment,SPF,100.00,C,2,run-08-30sec,2504
B1c,B1c_modulo,SPF,,N/A,,run-08-30sec,2304
B1c,B1c_moduloAssignment,SPF,,N/A,,run-08-30sec,2303
B1c,B1c_multiply,SPF,100.00,C,1,run-08-30sec,1604
B1c,B1c_multiplyAssignment,SPF,100.00,C,1,run-08-30sec,1602
B1c,B1c_postfixMinusMinus,SPF,100.00,C,1,run-08-30sec,1602
B1c,B1c_postfixPlusplus,SPF,100.00,C,1,run-08-30sec,1602
B1c,B1c_substract,SPF,100.00,C,1,run-08-30sec,1603
B1c,B1c_substractAssignment,SPF,100.00,C,1,run-08-30sec,1603
B1c,B1c_unaryMinus,SPF,100.00,C,1,run-08-30sec,1604
B1c,B1c_unaryMinusMinus,SPF,100.00,C,1,run-08-30sec,1603
B1c,B1c_unaryPlus,SPF,100.00,C,1,run-08-30sec,1605
B1c,B1c_unaryPlusPlus,SPF,100.00,C,1,run-08-30sec,1603
B1d,B1d_and,SPF,100.00,C,3,run-08-30sec,2507
B1d,B1d_equal,SPF,100.00,C,2,run-08-30sec,2605
B1d,B1d_greater,SPF,100.00,C,2,run-08-30sec,2605
B1d,B1d_greaterOrEqual,SPF,100.00,C,2,run-08-30sec,2607
B1d,B1d_negate,SPF,100.00,C,2,run-08-30sec,2404
B1d,B1d_notEqual,SPF,100.00,C,2,run-08-30sec,2605
B1d,B1d_or,SPF,100.00,C,3,run-08-30sec,2606
B1d,B1d_smaller,SPF,100.00,C,2,run-08-30sec,2505
B1d,B1d_smallerOrEqual,SPF,100.00,C,2,run-08-30sec,2511
B1e,B1e_and,SPF,100.00,C,1,run-08-30sec,1603
B1e,B1e_andAssignment,SPF,100.00,C,1,run-08-30sec,1603
B1e,B1e_negate,SPF,100.00,C,1,run-08-30sec,1604
B1e,B1e_or,SPF,100.00,C,1,run-08-30sec,1605
B1e,B1e_orAssignment,SPF,100.00,C,1,run-08-30sec,1603
B1e,B1e_shiftLeft,SPF,100.00,C,1,run-08-30sec,1605
B1e,B1e_shiftLeftAssignment,SPF,100.00,C,1,run-08-30sec,1603
B1e,B1e_shiftRight,SPF,100.00,C,1,run-08-30sec,1603
B1e,B1e_shiftRightAssignment,SPF,100.00,C,1,run-08-30sec,1602
B1e,B1e_shiftRightUnsigned,SPF,100.00,C,1,run-08-30sec,1602
B1e,B1e_shiftRightUnsignedAssignment,SPF,100.00,C,1,run-08-30sec,1603
B1e,B1e_xor,SPF,100.00,C,1,run-08-30sec,1602
B1e,B1e_xorAssignment,SPF,100.00,C,1,run-08-30sec,1603
B2a,B2a_oneParamBoolean,SPF,100.00,C,2,run-08-30sec,2405
B2a,B2a_oneParamDouble,SPF,100.00,C,4,run-08-30sec,4810
B2a,B2a_oneParamInt,SPF,100.00,C,4,run-08-30sec,2604
B2a,B2a_twoParamsBoolean,SPF,72.73,C,4,run-08-30sec,3808
B2a,B2a_twoParamsDouble,SPF,84.62,C,7,run-08-30sec,13139
B2a,B2a_twoParamsInt,SPF,84.62,C,7,run-08-30sec,9716
B2b,B2b_oneParamBoolean,SPF,100.00,C,2,run-08-30sec,2404
B2b,B2b_oneParamInt,SPF,100.00,C,2,run-08-30sec,2403
B2b,B2b_twoParamsBoolean,SPF,100.00,C,3,run-08-30sec,2505
B2b,B2b_twoParamsInt,SPF,100.00,C,3,run-08-30sec,2510
B2c,B2c_missingBreaks,SPF,100.00,C,4,run-08-30sec,2404
B2c,B2c_simple,SPF,100.00,C,4,run-08-30sec,2506
B2c,B2c_withReturn,SPF,100.00,C,4,run-08-30sec,2504
B2d,B2d_oneParamDouble,SPF,100.00,C,3,run-08-30sec,3205
B2d,B2d_oneParamFloat,SPF,100.00,C,3,run-08-30sec,3205
B2d,B2d_oneParamInt,SPF,100.00,C,2,run-08-30sec,2416
B2d,B2d_oneParamIntNoSolution,SPF,66.67,C,1,run-08-30sec,3605
B2d,B2d_quadraticDouble,SPF,100.00,C,5,run-08-30sec,10119
B2d,B2d_quadraticDoubleNoSolution,SPF,80.00,C,1,run-08-30sec,7014
B2d,B2d_quadraticFloat,SPF,100.00,C,9,run-08-30sec,7115
B2d,B2d_quadraticFloatNoSolution,SPF,,EX,,run-08-30sec,5309
B2d,B2d_quadraticInt,SPF,80.00,NC,3,run-08-30sec,4309
B2d,B2d_quadraticIntNoSolution,SPF,80.00,C,1,run-08-30sec,3711
B2d,B2d_threeParamsDouble,SPF,100.00,C,10,run-08-30sec,9025
B2d,B2d_threeParamsFloat,SPF,100.00,C,13,run-08-30sec,5713
B2d,B2d_threeParamsInt,SPF,83.33,NC,3,run-08-30sec,5610
B2d,B2d_threeParamsIntNoSolution,SPF,83.33,C,3,run-08-30sec,5509
B2d,B2d_twoParamsDouble,SPF,80.00,NC,4,run-08-30sec,4409
B2d,B2d_twoParamsFloat,SPF,80.00,NC,4,run-08-30sec,4314
B2d,B2d_twoParamsInt,SPF,100.00,C,3,run-08-30sec,2906
B2d,B2d_twoParamsIntNoSolution,SPF,80.00,C,2,run-08-30sec,4106
B3a,B3a_complex,SPF,,T/M,,run-08-30sec,30135
B3a,B3a_infinite,SPF,,T/M,,run-08-30sec,30160
B3a,B3a_infiniteNotOptimalizable,SPF,,T/M,,run-08-30sec,30181
B3a,B3a_nestedLoop,SPF,,N/A,,run-08-30sec,2404
B3a,B3a_nestedLoopWithLabel,SPF,,N/A,,run-08-30sec,2404
B3a,B3a_withConditionAndLimit,SPF,100.00,C,12,run-08-30sec,3405
B3a,B3a_withConditionNoLimit,SPF,,N/A,,run-08-30sec,2404
B3a,B3a_withContinueBreak,SPF,100.00,C,103,run-08-30sec,8720
B3a,B3a_withLimit,SPF,100.00,C,12,run-08-30sec,3305
B3b,B3b_complex,SPF,,T/M,,run-08-30sec,30208
B3b,B3b_infinite,SPF,,T/M,,run-08-30sec,30140
B3b,B3b_infiniteNotOptimalizable,SPF,,T/M,,run-08-30sec,30215
B3b,B3b_nestedLoop,SPF,,N/A,,run-08-30sec,2505
B3b,B3b_nestedLoopWithLabel,SPF,,N/A,,run-08-30sec,2303
B3b,B3b_withConditionAndLimit,SPF,100.00,C,12,run-08-30sec,3308
B3b,B3b_withConditionNoLimit,SPF,,N/A,,run-08-30sec,2404
B3b,B3b_withContinueBreak,SPF,100.00,C,103,run-08-30sec,8916
B3b,B3b_withLimit,SPF,100.00,C,12,run-08-30sec,3306
B3c,B3c_complex,SPF,,T/M,,run-08-30sec,30185
B3c,B3c_infinite,SPF,,T/M,,run-08-30sec,30169
B3c,B3c_infiniteNotOptimalizable,SPF,,T/M,,run-08-30sec,30265
B3c,B3c_nestedLoop,SPF,,N/A,,run-08-30sec,1602
B3c,B3c_nestedLoopWithLabel,SPF,,N/A,,run-08-30sec,1602
B3c,B3c_withConditionAndLimit,SPF,100.00,C,11,run-08-30sec,3208
B3c,B3c_withConditionNoLimit,SPF,,N/A,,run-08-30sec,1602
B3c,B3c_withContinueBreak,SPF,100.00,C,102,run-08-30sec,8816
B3c,B3c_withLimit,SPF,100.00,C,11,run-08-30sec,3409
B4a,B4a_fromParams,SPF,100.00,C,4,run-08-30sec,2604
B4a,B4a_fromParamsWithIndex,SPF,83.33,NC,5,run-08-30sec,4111
B4a,B4a_guessLength,SPF,100.00,C,2,run-08-30sec,2404
B4a,B4a_guessOneArray,SPF,40.00,NC,1,run-08-30sec,1602
B4a,B4a_guessOneArrayWithLength,SPF,40.00,NC,1,run-08-30sec,1502
B4a,B4a_indexParam,SPF,83.33,NC,3,run-08-30sec,2503
B4a,B4a_iterateWithFor,SPF,22.22,NC,1,run-08-30sec,1502
B4a,B4a_iterateWithForeach,SPF,18.18,NC,1,run-08-30sec,1602
B4a,B4a_twoArrays,SPF,28.57,NC,1,run-08-30sec,1603
B4b,B4b_fromParams,SPF,100.00,C,4,run-08-30sec,2606
B4b,B4b_fromParamsWithIndex,SPF,75.00,NC,3,run-08-30sec,2505
B4b,B4b_guessLength,SPF,100.00,C,2,run-08-30sec,2303
B4b,B4b_guessOneArray,SPF,0.00,NC,1,run-08-30sec,1604
B4b,B4b_guessOneArrayWithLength,SPF,0.00,NC,1,run-08-30sec,1603
B4b,B4b_indexParam,SPF,75.00,NC,1,run-08-30sec,1602
B4b,B4b_iterateWithFor,SPF,0.00,NC,1,run-08-30sec,1603
B4b,B4b_iterateWithForeach,SPF,0.00,NC,1,run-08-30sec,1602
B4b,B4b_twoArrays,SPF,0.00,NC,1,run-08-30sec,1602
B5a1,B5a1_conditionalCall,SPF,100.00,C,8,run-08-30sec,9021
B5a1,B5a1_simple,SPF,100.00,C,7,run-08-30sec,7516
B5a1,B5a1_useReturnValue,SPF,100.00,C,7,run-08-30sec,7312
B5a2,B5a2_conditionalCall,SPF,100.00,C,8,run-08-30sec,7815
B5a2,B5a2_simple,SPF,100.00,C,7,run-08-30sec,6611
B5a2,B5a2_useReturnValue,SPF,100.00,C,7,run-08-30sec,6910
B5b1,B5b1_fibonacci,SPF,,T/M,,run-08-30sec,30207
B5b1,B5b1_simple,SPF,,N/A,,run-08-30sec,1602
B5b2,B5b2_fibonacci,SPF,,T/M,,run-08-30sec,30191
B5b2,B5b2_simple,SPF,,N/A,,run-08-30sec,1603
B6a,B6a_always,SPF,100.00,C,1,run-08-30sec,1503
B6a,B6a_call,SPF,100.00,C,7,run-08-30sec,7215
B6a,B6a_conditionalAndLoop,SPF,100.00,C,12,run-08-30sec,3304
B6a,B6a_recursive,SPF,,N/A,,run-08-30sec,1603
B6a,B6a_tryCatch,SPF,100.00,C,7,run-08-30sec,7514
B6a,B6a_tryCatchFinally,SPF,100.00,C,21,run-08-30sec,7411
B6b,B6b_always,SPF,100.00,C,1,run-08-30sec,1504
B6b,B6b_call,SPF,100.00,C,7,run-08-30sec,7442
B6b,B6b_conditionalAndLoop,SPF,100.00,C,12,run-08-30sec,3408
B6b,B6b_recursive,SPF,,N/A,,run-08-30sec,1603
B6b,B6b_tryCatch,SPF,100.00,C,7,run-08-30sec,8228
B6b,B6b_tryCatchFinally,SPF,100.00,C,21,run-08-30sec,8711
B6c,B6c_arithmeticException,SPF,100.00,C,2,run-08-30sec,2503
B6c,B6c_arrayIndexOutOfBoundsException,SPF,100.00,C,2,run-08-30sec,2413
B6c,B6c_classCastException,SPF,100.00,C,2,run-08-30sec,2505
B6c,B6c_illegalArgumentException,SPF,100.00,C,2,run-08-30sec,2309
B6c,B6c_illegalStateException,SPF,100.00,C,2,run-08-30sec,2507
B6c,B6c_indexOutOfBoundsException,SPF,100.00,C,2,run-08-30sec,2406
B6c,B6c_nullPointerException,SPF,100.00,C,2,run-08-30sec,2303
B6c,B6c_securityException,SPF,100.00,C,2,run-08-30sec,2403
B6c,B6c_unsupportedOperationException,SPF,100.00,C,2,run-08-30sec,2403
S1,S1_returnStructure,SPF,40.00,NC,1,run-08-30sec,1602
S1,S1_returnStructureParams,SPF,100.00,C,1,run-08-30sec,1605
S1,S1_useStructure,SPF,66.67,NC,1,run-08-30sec,1504
S1,S1_useStructureParams,SPF,100.00,C,1,run-08-30sec,1603
S2,S2_oneStructure,SPF,18.18,NC,1,run-08-30sec,1602
S2,S2_oneStructureParams,SPF,100.00,C,7,run-08-30sec,7411
S2,S2_twoStructures,SPF,14.29,NC,1,run-08-30sec,1602
S2,S2_twoStructuresParams,SPF,100.00,C,7,run-08-30sec,8518
S3,S3_arrayOfStructures,SPF,25.00,NC,1,run-08-30sec,1502
S3,S3_arrayOfStructuresParams,SPF,15.38,NC,1,run-08-30sec,1605
S3,S3_noLimit,SPF,25.00,NC,1,run-08-30sec,1603
S3,S3_noLimitParams,SPF,,N/A,,run-08-30sec,2412
S3,S3_withLimit,SPF,25.00,NC,1,run-08-30sec,1606
S3,S3_withLimitParams,SPF,,N/A,,run-08-30sec,2303
S4,S4_guess,SPF,22.22,NC,1,run-08-30sec,1605
S4,S4_guessCoordinates,SPF,16.67,NC,1,run-08-30sec,1603
S4,S4_guessParams,SPF,100.00,C,9,run-08-30sec,3004
O1,O1_fullCoverage,SPF,13.33,NC,1,run-08-30sec,1604
O1,O1_guessImpossibleObject,SPF,40.00,NC,1,run-08-30sec,1608
O1,O1_guessImpossibleOperationCount,SPF,28.57,NC,1,run-08-30sec,1603
O1,O1_guessImpossibleOperationCountParams,SPF,,T/M,,run-08-30sec,30121
O1,O1_guessImpossibleResult,SPF,15.38,NC,1,run-08-30sec,1603
O1,O1_guessImpossibleResultAndOperationCount,SPF,28.57,NC,1,run-08-30sec,1509
O1,O1_guessImpossibleResultAndOperationCountParams,SPF,,T/M,,run-08-30sec,30244
O1,O1_guessImpossibleResultParams,SPF,91.67,C,8,run-08-30sec,8721
O1,O1_guessObject,SPF,40.00,NC,1,run-08-30sec,1603
O1,O1_guessOperationCount,SPF,28.57,NC,1,run-08-30sec,1603
O1,O1_guessOperationCountParams,SPF,,T/M,,run-08-30sec,30146
O1,O1_guessResult,SPF,15.38,NC,1,run-08-30sec,1603
O1,O1_guessResultAndOperationCount,SPF,28.57,NC,1,run-08-30sec,1502
O1,O1_guessResultAndOperationCountParams,SPF,,T/M,,run-08-30sec,30206
O1,O1_guessResultParams,SPF,100.00,C,16,run-08-30sec,4008
O1,O1_oneOperationNoCheck,SPF,0.00,NC,1,run-08-30sec,1602
O1,O1_oneOperationParams,SPF,100.00,C,2,run-08-30sec,2504
O1,O1_oneOperationWithCheck,SPF,22.22,NC,1,run-08-30sec,1602
O1,O1_twoOperationsParams,SPF,100.00,C,4,run-08-30sec,2604
O1,O1_twoOperationsWithCheck,SPF,18.18,NC,1,run-08-30sec,1603
O1,O1_twoOperationsWithNocheck,SPF,0.00,NC,1,run-08-30sec,1602
O2,O2_guessResult,SPF,13.33,NC,1,run-08-30sec,1605
O2,O2_guessResultParams,SPF,100.00,C,16,run-08-30sec,4005
O3a,O3a_guessResult,SPF,11.11,NC,1,run-08-30sec,1602
O3a,O3a_guessResultParams,SPF,100.00,C,16,run-08-30sec,4006
O3b,O3b_guess,SPF,33.33,NC,1,run-08-30sec,1603
O3b,O3b_guessImpossible,SPF,33.33,NC,1,run-08-30sec,1602
O3b,O3b_validate,SPF,33.33,NC,1,run-08-30sec,1602
O3c,O3c_guess,SPF,33.33,NC,1,run-08-30sec,1604
O3c,O3c_guessImpossible,SPF,33.33,NC,1,run-08-30sec,1607
O3c,O3c_validate,SPF,33.33,NC,1,run-08-30sec,1602
O4,O4_guessImpossible,SPF,11.76,NC,1,run-08-30sec,1604
O4,O4_guessImpossibleParams,SPF,87.50,C,8,run-08-30sec,13256
O4,O4_guessResult,SPF,11.76,NC,1,run-08-30sec,1663
O4,O4_guessResultParams,SPF,93.75,C,15,run-08-30sec,8817
G1,G1_guessType,SPF,22.22,NC,1,run-08-30sec,1502
G1,G1_guessTypeAndUse,SPF,13.33,NC,1,run-08-30sec,1604
G1,G1_guessTypeWithExtends,SPF,22.22,NC,1,run-08-30sec,1603
G1,G1_guessTypeWithExtendsAndUse,SPF,13.33,NC,1,run-08-30sec,1605
G2,G2_guessDescendant,SPF,0.00,NC,1,run-08-30sec,1603
G2,G2_guessImpossible,SPF,0.00,NC,1,run-08-30sec,1605
G2,G2_guessInteger,SPF,0.00,NC,1,run-08-30sec,1608
G2,G2_guessIntegerNoHelp,SPF,0.00,NC,1,run-08-30sec,1604
G2,G2_guessSafe,SPF,0.00,NC,1,run-08-30sec,1607
G2,G2_guessSafeNoHelp,SPF,0.00,NC,1,run-08-30sec,1602
L1,L1_abs,SPF,100.00,C,10,run-08-30sec,3206
L1,L1_absImpossible,SPF,66.67,C,4,run-08-30sec,7012
L1,L1_cbrt,SPF,75.00,NC,1,run-08-30sec,1602
L1,L1_cos,SPF,100.00,C,3,run-08-30sec,5307
L1,L1_cosImpossible,SPF,66.67,C,1,run-08-30sec,4508
L1,L1_log10GuessArgument,SPF,,N/A,,run-08-30sec,1602
L1,L1_logGuessArgument,SPF,100.00,C,2,run-08-30sec,5315
L1,L1_logGuessBase,SPF,100.00,C,4,run-08-30sec,5410
L1,L1_logGuessBaseAndArgument,SPF,100.00,C,4,run-08-30sec,5410
L1,L1_minMax,SPF,100.00,C,7,run-08-30sec,5109
L1,L1_minMaxImpossible,SPF,66.67,C,7,run-08-30sec,5312
L1,L1_minMaxWithOrder,SPF,100.00,C,7,run-08-30sec,4912
L1,L1_powGuessBase,SPF,100.00,C,3,run-08-30sec,5125
L1,L1_powGuessBaseAndExponent,SPF,100.00,C,3,run-08-30sec,7711
L1,L1_powGuessExponent,SPF,100.00,C,3,run-08-30sec,5010
L1,L1_sin,SPF,100.00,C,3,run-08-30sec,5409
L1,L1_sinImpossible,SPF,66.67,C,1,run-08-30sec,5006
L1,L1_sqrt,SPF,100.00,C,3,run-08-30sec,5317
L1,L1_sqrtImpossible,SPF,66.67,C,1,run-08-30sec,4808
L1,L1_tan,SPF,100.00,C,3,run-08-30sec,4907
L2,L2_add,SPF,28.57,NC,1,run-08-30sec,1604
L2,L2_addWithCondition,SPF,0.00,NC,1,run-08-30sec,1707
L2,L2_charAt,SPF,28.57,NC,1,run-08-30sec,1602
L2,L2_compareTo,SPF,22.22,NC,1,run-08-30sec,1603
L2,L2_compareToIgnoreCase,SPF,22.22,NC,1,run-08-30sec,1602
L2,L2_equality,SPF,22.22,NC,1,run-08-30sec,1603
L2,L2_equalityIgnoreCase,SPF,22.22,NC,1,run-08-30sec,1602
L2,L2_indexOf,SPF,25.00,NC,1,run-08-30sec,1603
L2,L2_length,SPF,28.57,NC,1,run-08-30sec,1602
L2,L2_regionEquality,SPF,25.00,NC,1,run-08-30sec,1602
L2,L2_startsEnds,SPF,28.57,NC,1,run-08-30sec,1603
L2,L2_substring,SPF,28.57,NC,1,run-08-30sec,1602
L2,L2_switchString,SPF,33.33,NC,1,run-08-30sec,1603
L3,L3_guessDouble,SPF,40.00,NC,1,run-08-30sec,1504
L3,L3_guessInteger,SPF,40.00,NC,1,run-08-30sec,1603
L3,L3_integerOverflow,SPF,75.00,NC,1,run-08-30sec,1603
L4,L4_guessElementAndIndex,SPF,88.89,NC,3,run-08-30sec,2909
L4,L4_guessElements,SPF,100.00,C,3,run-08-30sec,2604
L4,L4_guessGenericListWithElement,SPF,,EX,,run-08-30sec,1611
L4,L4_guessGenericListWithSize,SPF,,EX,,run-08-30sec,1603
L4,L4_guessGenericVectorWithElement,SPF,0.00,NC,1,run-08-30sec,1602
L4,L4_guessGenericVectorWithSize,SPF,0.00,NC,1,run-08-30sec,1603
L4,L4_guessIndices,SPF,88.89,NC,3,run-08-30sec,2704
L4,L4_guessListWithSize,SPF,,EX,,run-08-30sec,1602
L4,L4_guessSize,SPF,100.00,C,2,run-08-30sec,2706
L4,L4_guessSizeAndElements,SPF,100.00,C,4,run-08-30sec,2604
L4,L4_guessVectorWithSize,SPF,0.00,NC,1,run-08-30sec,1605
LO,LO_associatesAPIGuessDate,SPF,,EX,,run-08-30sec,1602
LO,LO_associatesAPIGuessValidDateFormat,SPF,,EX,,run-08-30sec,1603
LO,LO_guessUUID,SPF,22.22,NC,1,run-08-30sec,1606
LO,LO_guessValidUUID,SPF,33.33,NC,1,run-08-30sec,1604
LO,LO_inheritsAPIGuessOneObject,SPF,28.57,NC,1,run-08-30sec,1502
LO,LO_inheritsAPIGuessOnePrimitive,SPF,83.33,C,4,run-08-30sec,2704
LO,LO_inheritsAPIGuessTwoObjects,SPF,16.67,NC,1,run-08-30sec,1603
LO,LO_inheritsAPIGuessTwoPrimitives,SPF,91.67,C,7,run-08-30sec,6814
LO,LO_regexCaseInsensitive,SPF,,EX,,run-08-30sec,1602
LO,LO_regexCaseSensitive,SPF,40.00,NC,1,run-08-30sec,1603
Others,Others_guess,SPF,40.00,NC,1,run-08-30sec,1603
Others,Others_guessEnum,SPF,18.18,NC,1,run-08-30sec,1602
Others,Others_guessEnumOrdinal,SPF,18.18,NC,1,run-08-30sec,1602
Others,Others_guessEnumString,SPF,18.18,NC,1,run-08-30sec,1603
Others,Others_guessWithLength,SPF,40.00,NC,1,run-08-30sec,1605
Others,Others_iterateWithFor,SPF,22.22,NC,1,run-08-30sec,1605
Others,Others_iterateWithForeach,SPF,18.18,NC,1,run-08-30sec,1602
Others,Others_minMax,SPF,100.00,C,7,run-08-30sec,5612
Others,Others_minMaxImpossible,SPF,66.67,C,7,run-08-30sec,5106
Others,Others_minMaxWithOrder,SPF,100.00,C,7,run-08-30sec,5413
Others,Others_switchEnum,SPF,25.00,NC,1,run-08-30sec,1605
Others,Others_test,SPF,100.00,C,2,run-08-30sec,2405
B1a,B1a_oneParamBoolean,SPF,100.00,C,2,run-09-30sec,2504
B1a,B1a_oneParamByte,SPF,100.00,C,1,run-09-30sec,1502
B1a,B1a_oneParamChar,SPF,100.00,C,1,run-09-30sec,1587
B1a,B1a_oneParamDouble,SPF,100.00,C,1,run-09-30sec,1603
B1a,B1a_oneParamFloat,SPF,100.00,C,1,run-09-30sec,1603
B1a,B1a_oneParamInt,SPF,100.00,C,1,run-09-30sec,1604
B1a,B1a_oneParamLong,SPF,100.00,C,1,run-09-30sec,1603
B1a,B1a_oneParamShort,SPF,100.00,C,1,run-09-30sec,1602
B1a,B1a_twoParamBoolean,SPF,100.00,C,1,run-09-30sec,1709
B1a,B1a_twoParamByte,SPF,100.00,C,1,run-09-30sec,1603
B1a,B1a_twoParamChar,SPF,100.00,C,1,run-09-30sec,1603
B1a,B1a_twoParamDouble,SPF,100.00,C,1,run-09-30sec,1603
B1a,B1a_twoParamFloat,SPF,100.00,C,1,run-09-30sec,1606
B1a,B1a_twoParamInt,SPF,100.00,C,1,run-09-30sec,1602
B1a,B1a_twoParamLong,SPF,100.00,C,1,run-09-30sec,1603
B1a,B1a_twoParamShort,SPF,100.00,C,1,run-09-30sec,1603
B1b,B1b_constBoolean,SPF,100.00,C,1,run-09-30sec,1603
B1b,B1b_constByte,SPF,100.00,C,1,run-09-30sec,1607
B1b,B1b_constChar,SPF,100.00,C,1,run-09-30sec,1602
B1b,B1b_constDouble,SPF,100.00,C,1,run-09-30sec,1602
B1b,B1b_constFloat,SPF,100.00,C,1,run-09-30sec,1603
B1b,B1b_constInt,SPF,100.00,C,1,run-09-30sec,1603
B1b,B1b_constLong,SPF,100.00,C,1,run-09-30sec,1725
B1b,B1b_constShort,SPF,100.00,C,1,run-09-30sec,1502
B1c,B1c_add,SPF,100.00,C,1,run-09-30sec,1603
B1c,B1c_addAssignment,SPF,100.00,C,1,run-09-30sec,1603
B1c,B1c_divide,SPF,100.00,C,2,run-09-30sec,2408
B1c,B1c_divideAssignment,SPF,100.00,C,2,run-09-30sec,2406
B1c,B1c_modulo,SPF,,N/A,,run-09-30sec,2304
B1c,B1c_moduloAssignment,SPF,,N/A,,run-09-30sec,2304
B1c,B1c_multiply,SPF,100.00,C,1,run-09-30sec,1603
B1c,B1c_multiplyAssignment,SPF,100.00,C,1,run-09-30sec,1603
B1c,B1c_postfixMinusMinus,SPF,100.00,C,1,run-09-30sec,2628
B1c,B1c_postfixPlusplus,SPF,100.00,C,1,run-09-30sec,1603
B1c,B1c_substract,SPF,100.00,C,1,run-09-30sec,1603
B1c,B1c_substractAssignment,SPF,100.00,C,1,run-09-30sec,1603
B1c,B1c_unaryMinus,SPF,100.00,C,1,run-09-30sec,1503
B1c,B1c_unaryMinusMinus,SPF,100.00,C,1,run-09-30sec,1603
B1c,B1c_unaryPlus,SPF,100.00,C,1,run-09-30sec,1602
B1c,B1c_unaryPlusPlus,SPF,100.00,C,1,run-09-30sec,1605
B1d,B1d_and,SPF,100.00,C,3,run-09-30sec,2511
B1d,B1d_equal,SPF,100.00,C,2,run-09-30sec,2504
B1d,B1d_greater,SPF,100.00,C,2,run-09-30sec,2505
B1d,B1d_greaterOrEqual,SPF,100.00,C,2,run-09-30sec,2605
B1d,B1d_negate,SPF,100.00,C,2,run-09-30sec,2418
B1d,B1d_notEqual,SPF,100.00,C,2,run-09-30sec,2505
B1d,B1d_or,SPF,100.00,C,3,run-09-30sec,2504
B1d,B1d_smaller,SPF,100.00,C,2,run-09-30sec,2406
B1d,B1d_smallerOrEqual,SPF,100.00,C,2,run-09-30sec,2504
B1e,B1e_and,SPF,100.00,C,1,run-09-30sec,1603
B1e,B1e_andAssignment,SPF,100.00,C,1,run-09-30sec,1603
B1e,B1e_negate,SPF,100.00,C,1,run-09-30sec,1602
B1e,B1e_or,SPF,100.00,C,1,run-09-30sec,1602
B1e,B1e_orAssignment,SPF,100.00,C,1,run-09-30sec,1606
B1e,B1e_shiftLeft,SPF,100.00,C,1,run-09-30sec,1602
B1e,B1e_shiftLeftAssignment,SPF,100.00,C,1,run-09-30sec,1606
B1e,B1e_shiftRight,SPF,100.00,C,1,run-09-30sec,1602
B1e,B1e_shiftRightAssignment,SPF,100.00,C,1,run-09-30sec,1603
B1e,B1e_shiftRightUnsigned,SPF,100.00,C,1,run-09-30sec,1605
B1e,B1e_shiftRightUnsignedAssignment,SPF,100.00,C,1,run-09-30sec,1608
B1e,B1e_xor,SPF,100.00,C,1,run-09-30sec,1603
B1e,B1e_xorAssignment,SPF,100.00,C,1,run-09-30sec,1602
B2a,B2a_oneParamBoolean,SPF,100.00,C,2,run-09-30sec,2405
B2a,B2a_oneParamDouble,SPF,100.00,C,4,run-09-30sec,5111
B2a,B2a_oneParamInt,SPF,100.00,C,4,run-09-30sec,2508
B2a,B2a_twoParamsBoolean,SPF,72.73,C,4,run-09-30sec,3809
B2a,B2a_twoParamsDouble,SPF,84.62,C,7,run-09-30sec,14627
B2a,B2a_twoParamsInt,SPF,84.62,C,7,run-09-30sec,10027
B2b,B2b_oneParamBoolean,SPF,100.00,C,2,run-09-30sec,2311
B2b,B2b_oneParamInt,SPF,100.00,C,2,run-09-30sec,2405
B2b,B2b_twoParamsBoolean,SPF,100.00,C,3,run-09-30sec,2509
B2b,B2b_twoParamsInt,SPF,100.00,C,3,run-09-30sec,2506
B2c,B2c_missingBreaks,SPF,100.00,C,4,run-09-30sec,2403
B2c,B2c_simple,SPF,100.00,C,4,run-09-30sec,2404
B2c,B2c_withReturn,SPF,100.00,C,4,run-09-30sec,2403
B2d,B2d_oneParamDouble,SPF,100.00,C,3,run-09-30sec,3109
B2d,B2d_oneParamFloat,SPF,100.00,C,3,run-09-30sec,3313
B2d,B2d_oneParamInt,SPF,100.00,C,2,run-09-30sec,2504
B2d,B2d_oneParamIntNoSolution,SPF,66.67,C,1,run-09-30sec,3612
B2d,B2d_quadraticDouble,SPF,100.00,C,5,run-09-30sec,10324
B2d,B2d_quadraticDoubleNoSolution,SPF,80.00,C,1,run-09-30sec,6813
B2d,B2d_quadraticFloat,SPF,100.00,C,9,run-09-30sec,7114
B2d,B2d_quadraticFloatNoSolution,SPF,,EX,,run-09-30sec,5308
B2d,B2d_quadraticInt,SPF,80.00,NC,3,run-09-30sec,4207
B2d,B2d_quadraticIntNoSolution,SPF,80.00,C,1,run-09-30sec,3806
B2d,B2d_threeParamsDouble,SPF,100.00,C,10,run-09-30sec,7316
B2d,B2d_threeParamsFloat,SPF,100.00,C,13,run-09-30sec,5821
B2d,B2d_threeParamsInt,SPF,83.33,NC,3,run-09-30sec,5108
B2d,B2d_threeParamsIntNoSolution,SPF,83.33,C,3,run-09-30sec,5208
B2d,B2d_twoParamsDouble,SPF,80.00,NC,4,run-09-30sec,4309
B2d,B2d_twoParamsFloat,SPF,80.00,NC,4,run-09-30sec,4408
B2d,B2d_twoParamsInt,SPF,100.00,C,3,run-09-30sec,2804
B2d,B2d_twoParamsIntNoSolution,SPF,80.00,C,2,run-09-30sec,3910
B3a,B3a_complex,SPF,,T/M,,run-09-30sec,30160
B3a,B3a_infinite,SPF,,T/M,,run-09-30sec,30146
B3a,B3a_infiniteNotOptimalizable,SPF,,T/M,,run-09-30sec,30203
B3a,B3a_nestedLoop,SPF,,N/A,,run-09-30sec,2403
B3a,B3a_nestedLoopWithLabel,SPF,,N/A,,run-09-30sec,2304
B3a,B3a_withConditionAndLimit,SPF,100.00,C,12,run-09-30sec,3409
B3a,B3a_withConditionNoLimit,SPF,,N/A,,run-09-30sec,2405
B3a,B3a_withContinueBreak,SPF,100.00,C,103,run-09-30sec,8913
B3a,B3a_withLimit,SPF,100.00,C,12,run-09-30sec,3307
B3b,B3b_complex,SPF,,T/M,,run-09-30sec,30222
B3b,B3b_infinite,SPF,,T/M,,run-09-30sec,30144
B3b,B3b_infiniteNotOptimalizable,SPF,,T/M,,run-09-30sec,30204
B3b,B3b_nestedLoop,SPF,,N/A,,run-09-30sec,2305
B3b,B3b_nestedLoopWithLabel,SPF,,N/A,,run-09-30sec,2404
B3b,B3b_withConditionAndLimit,SPF,100.00,C,12,run-09-30sec,3408
B3b,B3b_withConditionNoLimit,SPF,,N/A,,run-09-30sec,2404
B3b,B3b_withContinueBreak,SPF,100.00,C,103,run-09-30sec,8921
B3b,B3b_withLimit,SPF,100.00,C,12,run-09-30sec,3405
B3c,B3c_complex,SPF,,T/M,,run-09-30sec,30209
B3c,B3c_infinite,SPF,,T/M,,run-09-30sec,30154
B3c,B3c_infiniteNotOptimalizable,SPF,,T/M,,run-09-30sec,30196
B3c,B3c_nestedLoop,SPF,,N/A,,run-09-30sec,1605
B3c,B3c_nestedLoopWithLabel,SPF,,N/A,,run-09-30sec,1603
B3c,B3c_withConditionAndLimit,SPF,100.00,C,11,run-09-30sec,3308
B3c,B3c_withConditionNoLimit,SPF,,N/A,,run-09-30sec,1602
B3c,B3c_withContinueBreak,SPF,100.00,C,102,run-09-30sec,8714
B3c,B3c_withLimit,SPF,100.00,C,11,run-09-30sec,3207
B4a,B4a_fromParams,SPF,100.00,C,4,run-09-30sec,2604
B4a,B4a_fromParamsWithIndex,SPF,83.33,NC,5,run-09-30sec,4110
B4a,B4a_guessLength,SPF,100.00,C,2,run-09-30sec,3432
B4a,B4a_guessOneArray,SPF,40.00,NC,1,run-09-30sec,1703
B4a,B4a_guessOneArrayWithLength,SPF,40.00,NC,1,run-09-30sec,1501
B4a,B4a_indexParam,SPF,83.33,NC,3,run-09-30sec,2604
B4a,B4a_iterateWithFor,SPF,22.22,NC,1,run-09-30sec,1503
B4a,B4a_iterateWithForeach,SPF,18.18,NC,1,run-09-30sec,1602
B4a,B4a_twoArrays,SPF,28.57,NC,1,run-09-30sec,1622
B4b,B4b_fromParams,SPF,100.00,C,4,run-09-30sec,2503
B4b,B4b_fromParamsWithIndex,SPF,75.00,NC,3,run-09-30sec,2503
B4b,B4b_guessLength,SPF,100.00,C,2,run-09-30sec,2504
B4b,B4b_guessOneArray,SPF,0.00,NC,1,run-09-30sec,1603
B4b,B4b_guessOneArrayWithLength,SPF,0.00,NC,1,run-09-30sec,1602
B4b,B4b_indexParam,SPF,75.00,NC,1,run-09-30sec,1603
B4b,B4b_iterateWithFor,SPF,0.00,NC,1,run-09-30sec,1605
B4b,B4b_iterateWithForeach,SPF,0.00,NC,1,run-09-30sec,1604
B4b,B4b_twoArrays,SPF,0.00,NC,1,run-09-30sec,1602
B5a1,B5a1_conditionalCall,SPF,100.00,C,8,run-09-30sec,8011
B5a1,B5a1_simple,SPF,100.00,C,7,run-09-30sec,7419
B5a1,B5a1_useReturnValue,SPF,100.00,C,7,run-09-30sec,7016
B5a2,B5a2_conditionalCall,SPF,100.00,C,8,run-09-30sec,8920
B5a2,B5a2_simple,SPF,100.00,C,7,run-09-30sec,6812
B5a2,B5a2_useReturnValue,SPF,100.00,C,7,run-09-30sec,7316
B5b1,B5b1_fibonacci,SPF,,T/M,,run-09-30sec,30200
B5b1,B5b1_simple,SPF,,N/A,,run-09-30sec,1604
B5b2,B5b2_fibonacci,SPF,,T/M,,run-09-30sec,30203
B5b2,B5b2_simple,SPF,,N/A,,run-09-30sec,1602
B6a,B6a_always,SPF,100.00,C,1,run-09-30sec,1604
B6a,B6a_call,SPF,100.00,C,7,run-09-30sec,8014
B6a,B6a_conditionalAndLoop,SPF,100.00,C,12,run-09-30sec,3307
B6a,B6a_recursive,SPF,,N/A,,run-09-30sec,1502
B6a,B6a_tryCatch,SPF,100.00,C,7,run-09-30sec,6620
B6a,B6a_tryCatchFinally,SPF,100.00,C,21,run-09-30sec,7913
B6b,B6b_always,SPF,100.00,C,1,run-09-30sec,1742
B6b,B6b_call,SPF,100.00,C,7,run-09-30sec,7409
B6b,B6b_conditionalAndLoop,SPF,100.00,C,12,run-09-30sec,3304
B6b,B6b_recursive,SPF,,N/A,,run-09-30sec,1502
B6b,B6b_tryCatch,SPF,100.00,C,7,run-09-30sec,6815
B6b,B6b_tryCatchFinally,SPF,100.00,C,21,run-09-30sec,8013
B6c,B6c_arithmeticException,SPF,100.00,C,2,run-09-30sec,2507
B6c,B6c_arrayIndexOutOfBoundsException,SPF,100.00,C,2,run-09-30sec,2403
B6c,B6c_classCastException,SPF,100.00,C,2,run-09-30sec,2504
B6c,B6c_illegalArgumentException,SPF,100.00,C,2,run-09-30sec,2506
B6c,B6c_illegalStateException,SPF,100.00,C,2,run-09-30sec,2408
B6c,B6c_indexOutOfBoundsException,SPF,100.00,C,2,run-09-30sec,2403
B6c,B6c_nullPointerException,SPF,100.00,C,2,run-09-30sec,2403
B6c,B6c_securityException,SPF,100.00,C,2,run-09-30sec,2404
B6c,B6c_unsupportedOperationException,SPF,100.00,C,2,run-09-30sec,2403
S1,S1_returnStructure,SPF,40.00,NC,1,run-09-30sec,1602
S1,S1_returnStructureParams,SPF,100.00,C,1,run-09-30sec,1604
S1,S1_useStructure,SPF,66.67,NC,1,run-09-30sec,1602
S1,S1_useStructureParams,SPF,100.00,C,1,run-09-30sec,1602
S2,S2_oneStructure,SPF,18.18,NC,1,run-09-30sec,1603
S2,S2_oneStructureParams,SPF,100.00,C,7,run-09-30sec,6812
S2,S2_twoStructures,SPF,14.29,NC,1,run-09-30sec,1603
S2,S2_twoStructuresParams,SPF,100.00,C,7,run-09-30sec,8221
S3,S3_arrayOfStructures,SPF,25.00,NC,1,run-09-30sec,1602
S3,S3_arrayOfStructuresParams,SPF,15.38,NC,1,run-09-30sec,1602
S3,S3_noLimit,SPF,25.00,NC,1,run-09-30sec,1604
S3,S3_noLimitParams,SPF,,N/A,,run-09-30sec,2305
S3,S3_withLimit,SPF,25.00,NC,1,run-09-30sec,1602
S3,S3_withLimitParams,SPF,,N/A,,run-09-30sec,2409
S4,S4_guess,SPF,22.22,NC,1,run-09-30sec,1611
S4,S4_guessCoordinates,SPF,16.67,NC,1,run-09-30sec,1602
S4,S4_guessParams,SPF,100.00,C,9,run-09-30sec,3004
O1,O1_fullCoverage,SPF,13.33,NC,1,run-09-30sec,1602
O1,O1_guessImpossibleObject,SPF,40.00,NC,1,run-09-30sec,1502
O1,O1_guessImpossibleOperationCount,SPF,28.57,NC,1,run-09-30sec,1603
O1,O1_guessImpossibleOperationCountParams,SPF,,T/M,,run-09-30sec,30148
O1,O1_guessImpossibleResult,SPF,15.38,NC,1,run-09-30sec,1602
O1,O1_guessImpossibleResultAndOperationCount,SPF,28.57,NC,1,run-09-30sec,1603
O1,O1_guessImpossibleResultAndOperationCountParams,SPF,,T/M,,run-09-30sec,30161
O1,O1_guessImpossibleResultParams,SPF,91.67,C,8,run-09-30sec,9018
O1,O1_guessObject,SPF,40.00,NC,1,run-09-30sec,1602
O1,O1_guessOperationCount,SPF,28.57,NC,1,run-09-30sec,1602
O1,O1_guessOperationCountParams,SPF,,T/M,,run-09-30sec,30227
O1,O1_guessResult,SPF,15.38,NC,1,run-09-30sec,1603
O1,O1_guessResultAndOperationCount,SPF,28.57,NC,1,run-09-30sec,1602
O1,O1_guessResultAndOperationCountParams,SPF,,T/M,,run-09-30sec,30248
O1,O1_guessResultParams,SPF,100.00,C,16,run-09-30sec,3912
O1,O1_oneOperationNoCheck,SPF,0.00,NC,1,run-09-30sec,1605
O1,O1_oneOperationParams,SPF,100.00,C,2,run-09-30sec,2609
O1,O1_oneOperationWithCheck,SPF,22.22,NC,1,run-09-30sec,1602
O1,O1_twoOperationsParams,SPF,100.00,C,4,run-09-30sec,2704
O1,O1_twoOperationsWithCheck,SPF,18.18,NC,1,run-09-30sec,1604
O1,O1_twoOperationsWithNocheck,SPF,0.00,NC,1,run-09-30sec,1602
O2,O2_guessResult,SPF,13.33,NC,1,run-09-30sec,1602
O2,O2_guessResultParams,SPF,100.00,C,16,run-09-30sec,4007
O3a,O3a_guessResult,SPF,11.11,NC,1,run-09-30sec,1603
O3a,O3a_guessResultParams,SPF,100.00,C,16,run-09-30sec,3905
O3b,O3b_guess,SPF,33.33,NC,1,run-09-30sec,1603
O3b,O3b_guessImpossible,SPF,33.33,NC,1,run-09-30sec,1603
O3b,O3b_validate,SPF,33.33,NC,1,run-09-30sec,1603
O3c,O3c_guess,SPF,33.33,NC,1,run-09-30sec,1602
O3c,O3c_guessImpossible,SPF,33.33,NC,1,run-09-30sec,1602
O3c,O3c_validate,SPF,33.33,NC,1,run-09-30sec,1604
O4,O4_guessImpossible,SPF,11.76,NC,1,run-09-30sec,1739
O4,O4_guessImpossibleParams,SPF,87.50,C,8,run-09-30sec,12225
O4,O4_guessResult,SPF,11.76,NC,1,run-09-30sec,1603
O4,O4_guessResultParams,SPF,93.75,C,15,run-09-30sec,9118
G1,G1_guessType,SPF,22.22,NC,1,run-09-30sec,1602
G1,G1_guessTypeAndUse,SPF,13.33,NC,1,run-09-30sec,1508
G1,G1_guessTypeWithExtends,SPF,22.22,NC,1,run-09-30sec,1604
G1,G1_guessTypeWithExtendsAndUse,SPF,13.33,NC,1,run-09-30sec,1602
G2,G2_guessDescendant,SPF,0.00,NC,1,run-09-30sec,1602
G2,G2_guessImpossible,SPF,0.00,NC,1,run-09-30sec,1605
G2,G2_guessInteger,SPF,0.00,NC,1,run-09-30sec,1603
G2,G2_guessIntegerNoHelp,SPF,0.00,NC,1,run-09-30sec,1605
G2,G2_guessSafe,SPF,0.00,NC,1,run-09-30sec,1602
G2,G2_guessSafeNoHelp,SPF,0.00,NC,1,run-09-30sec,1603
L1,L1_abs,SPF,100.00,C,10,run-09-30sec,3211
L1,L1_absImpossible,SPF,66.67,C,4,run-09-30sec,8516
L1,L1_cbrt,SPF,75.00,NC,1,run-09-30sec,1605
L1,L1_cos,SPF,100.00,C,3,run-09-30sec,5508
L1,L1_cosImpossible,SPF,66.67,C,1,run-09-30sec,4807
L1,L1_log10GuessArgument,SPF,,N/A,,run-09-30sec,1602
L1,L1_logGuessArgument,SPF,100.00,C,2,run-09-30sec,5712
L1,L1_logGuessBase,SPF,100.00,C,4,run-09-30sec,5208
L1,L1_logGuessBaseAndArgument,SPF,100.00,C,4,run-09-30sec,5607
L1,L1_minMax,SPF,100.00,C,7,run-09-30sec,5208
L1,L1_minMaxImpossible,SPF,66.67,C,7,run-09-30sec,5507
L1,L1_minMaxWithOrder,SPF,100.00,C,7,run-09-30sec,5311
L1,L1_powGuessBase,SPF,100.00,C,3,run-09-30sec,5509
L1,L1_powGuessBaseAndExponent,SPF,100.00,C,3,run-09-30sec,6741
L1,L1_powGuessExponent,SPF,100.00,C,3,run-09-30sec,5412
L1,L1_sin,SPF,100.00,C,3,run-09-30sec,5312
L1,L1_sinImpossible,SPF,66.67,C,1,run-09-30sec,4808
L1,L1_sqrt,SPF,100.00,C,3,run-09-30sec,5407
L1,L1_sqrtImpossible,SPF,66.67,C,1,run-09-30sec,5206
L1,L1_tan,SPF,100.00,C,3,run-09-30sec,5509
L2,L2_add,SPF,28.57,NC,1,run-09-30sec,1603
L2,L2_addWithCondition,SPF,0.00,NC,1,run-09-30sec,1702
L2,L2_charAt,SPF,28.57,NC,1,run-09-30sec,1604
L2,L2_compareTo,SPF,22.22,NC,1,run-09-30sec,1603
L2,L2_compareToIgnoreCase,SPF,22.22,NC,1,run-09-30sec,1602
L2,L2_equality,SPF,22.22,NC,1,run-09-30sec,1603
L2,L2_equalityIgnoreCase,SPF,22.22,NC,1,run-09-30sec,1602
L2,L2_indexOf,SPF,25.00,NC,1,run-09-30sec,1602
L2,L2_length,SPF,28.57,NC,1,run-09-30sec,1603
L2,L2_regionEquality,SPF,25.00,NC,1,run-09-30sec,1702
L2,L2_startsEnds,SPF,28.57,NC,1,run-09-30sec,1602
L2,L2_substring,SPF,28.57,NC,1,run-09-30sec,1602
L2,L2_switchString,SPF,33.33,NC,1,run-09-30sec,1603
L3,L3_guessDouble,SPF,40.00,NC,1,run-09-30sec,1602
L3,L3_guessInteger,SPF,40.00,NC,1,run-09-30sec,1602
L3,L3_integerOverflow,SPF,75.00,NC,1,run-09-30sec,1602
L4,L4_guessElementAndIndex,SPF,88.89,NC,3,run-09-30sec,2904
L4,L4_guessElements,SPF,100.00,C,3,run-09-30sec,2605
L4,L4_guessGenericListWithElement,SPF,,EX,,run-09-30sec,1602
L4,L4_guessGenericListWithSize,SPF,,EX,,run-09-30sec,1509
L4,L4_guessGenericVectorWithElement,SPF,0.00,NC,1,run-09-30sec,1602
L4,L4_guessGenericVectorWithSize,SPF,0.00,NC,1,run-09-30sec,1602
L4,L4_guessIndices,SPF,88.89,NC,3,run-09-30sec,2608
L4,L4_guessListWithSize,SPF,,EX,,run-09-30sec,1503
L4,L4_guessSize,SPF,100.00,C,2,run-09-30sec,2606
L4,L4_guessSizeAndElements,SPF,100.00,C,4,run-09-30sec,2704
L4,L4_guessVectorWithSize,SPF,0.00,NC,1,run-09-30sec,1603
LO,LO_associatesAPIGuessDate,SPF,,EX,,run-09-30sec,1605
LO,LO_associatesAPIGuessValidDateFormat,SPF,,EX,,run-09-30sec,1602
LO,LO_guessUUID,SPF,22.22,NC,1,run-09-30sec,1602
LO,LO_guessValidUUID,SPF,33.33,NC,1,run-09-30sec,1602
LO,LO_inheritsAPIGuessOneObject,SPF,28.57,NC,1,run-09-30sec,1603
LO,LO_inheritsAPIGuessOnePrimitive,SPF,83.33,C,4,run-09-30sec,2704
LO,LO_inheritsAPIGuessTwoObjects,SPF,16.67,NC,1,run-09-30sec,1502
LO,LO_inheritsAPIGuessTwoPrimitives,SPF,91.67,C,7,run-09-30sec,6409
LO,LO_regexCaseInsensitive,SPF,,EX,,run-09-30sec,1602
LO,LO_regexCaseSensitive,SPF,40.00,NC,1,run-09-30sec,1603
Others,Others_guess,SPF,40.00,NC,1,run-09-30sec,1502
Others,Others_guessEnum,SPF,18.18,NC,1,run-09-30sec,1609
Others,Others_guessEnumOrdinal,SPF,18.18,NC,1,run-09-30sec,1603
Others,Others_guessEnumString,SPF,18.18,NC,1,run-09-30sec,1602
Others,Others_guessWithLength,SPF,40.00,NC,1,run-09-30sec,1611
Others,Others_iterateWithFor,SPF,22.22,NC,1,run-09-30sec,1602
Others,Others_iterateWithForeach,SPF,18.18,NC,1,run-09-30sec,1602
Others,Others_minMax,SPF,100.00,C,7,run-09-30sec,4912
Others,Others_minMaxImpossible,SPF,66.67,C,7,run-09-30sec,5006
Others,Others_minMaxWithOrder,SPF,100.00,C,7,run-09-30sec,5409
Others,Others_switchEnum,SPF,25.00,NC,1,run-09-30sec,1605
Others,Others_test,SPF,100.00,C,2,run-09-30sec,2509
B1a,B1a_oneParamBoolean,SPF,100.00,C,2,run-10-30sec,2405
B1a,B1a_oneParamByte,SPF,100.00,C,1,run-10-30sec,1603
B1a,B1a_oneParamChar,SPF,100.00,C,1,run-10-30sec,1583
B1a,B1a_oneParamDouble,SPF,100.00,C,1,run-10-30sec,1603
B1a,B1a_oneParamFloat,SPF,100.00,C,1,run-10-30sec,1603
B1a,B1a_oneParamInt,SPF,100.00,C,1,run-10-30sec,1603
B1a,B1a_oneParamLong,SPF,100.00,C,1,run-10-30sec,1603
B1a,B1a_oneParamShort,SPF,100.00,C,1,run-10-30sec,1506
B1a,B1a_twoParamBoolean,SPF,100.00,C,1,run-10-30sec,1603
B1a,B1a_twoParamByte,SPF,100.00,C,1,run-10-30sec,1604
B1a,B1a_twoParamChar,SPF,100.00,C,1,run-10-30sec,1603
B1a,B1a_twoParamDouble,SPF,100.00,C,1,run-10-30sec,1604
B1a,B1a_twoParamFloat,SPF,100.00,C,1,run-10-30sec,1502
B1a,B1a_twoParamInt,SPF,100.00,C,1,run-10-30sec,1603
B1a,B1a_twoParamLong,SPF,100.00,C,1,run-10-30sec,1603
B1a,B1a_twoParamShort,SPF,100.00,C,1,run-10-30sec,1505
B1b,B1b_constBoolean,SPF,100.00,C,1,run-10-30sec,1605
B1b,B1b_constByte,SPF,100.00,C,1,run-10-30sec,1602
B1b,B1b_constChar,SPF,100.00,C,1,run-10-30sec,1602
B1b,B1b_constDouble,SPF,100.00,C,1,run-10-30sec,1506
B1b,B1b_constFloat,SPF,100.00,C,1,run-10-30sec,1503
B1b,B1b_constInt,SPF,100.00,C,1,run-10-30sec,1603
B1b,B1b_constLong,SPF,100.00,C,1,run-10-30sec,1503
B1b,B1b_constShort,SPF,100.00,C,1,run-10-30sec,1503
B1c,B1c_add,SPF,100.00,C,1,run-10-30sec,1604
B1c,B1c_addAssignment,SPF,100.00,C,1,run-10-30sec,1502
B1c,B1c_divide,SPF,100.00,C,2,run-10-30sec,2403
B1c,B1c_divideAssignment,SPF,100.00,C,2,run-10-30sec,2405
B1c,B1c_modulo,SPF,,N/A,,run-10-30sec,2304
B1c,B1c_moduloAssignment,SPF,,N/A,,run-10-30sec,2405
B1c,B1c_multiply,SPF,100.00,C,1,run-10-30sec,1602
B1c,B1c_multiplyAssignment,SPF,100.00,C,1,run-10-30sec,1603
B1c,B1c_postfixMinusMinus,SPF,100.00,C,1,run-10-30sec,1606
B1c,B1c_postfixPlusplus,SPF,100.00,C,1,run-10-30sec,1503
B1c,B1c_substract,SPF,100.00,C,1,run-10-30sec,1602
B1c,B1c_substractAssignment,SPF,100.00,C,1,run-10-30sec,1602
B1c,B1c_unaryMinus,SPF,100.00,C,1,run-10-30sec,1603
B1c,B1c_unaryMinusMinus,SPF,100.00,C,1,run-10-30sec,1603
B1c,B1c_unaryPlus,SPF,100.00,C,1,run-10-30sec,1503
B1c,B1c_unaryPlusPlus,SPF,100.00,C,1,run-10-30sec,1603
B1d,B1d_and,SPF,100.00,C,3,run-10-30sec,2403
B1d,B1d_equal,SPF,100.00,C,2,run-10-30sec,2403
B1d,B1d_greater,SPF,100.00,C,2,run-10-30sec,2404
B1d,B1d_greaterOrEqual,SPF,100.00,C,2,run-10-30sec,2406
B1d,B1d_negate,SPF,100.00,C,2,run-10-30sec,2403
B1d,B1d_notEqual,SPF,100.00,C,2,run-10-30sec,2504
B1d,B1d_or,SPF,100.00,C,3,run-10-30sec,2505
B1d,B1d_smaller,SPF,100.00,C,2,run-10-30sec,2403
B1d,B1d_smallerOrEqual,SPF,100.00,C,2,run-10-30sec,2504
B1e,B1e_and,SPF,100.00,C,1,run-10-30sec,1605
B1e,B1e_andAssignment,SPF,100.00,C,1,run-10-30sec,1605
B1e,B1e_negate,SPF,100.00,C,1,run-10-30sec,1608
B1e,B1e_or,SPF,100.00,C,1,run-10-30sec,1604
B1e,B1e_orAssignment,SPF,100.00,C,1,run-10-30sec,1603
B1e,B1e_shiftLeft,SPF,100.00,C,1,run-10-30sec,1607
B1e,B1e_shiftLeftAssignment,SPF,100.00,C,1,run-10-30sec,1603
B1e,B1e_shiftRight,SPF,100.00,C,1,run-10-30sec,1605
B1e,B1e_shiftRightAssignment,SPF,100.00,C,1,run-10-30sec,1605
B1e,B1e_shiftRightUnsigned,SPF,100.00,C,1,run-10-30sec,1603
B1e,B1e_shiftRightUnsignedAssignment,SPF,100.00,C,1,run-10-30sec,1605
B1e,B1e_xor,SPF,100.00,C,1,run-10-30sec,1603
B1e,B1e_xorAssignment,SPF,100.00,C,1,run-10-30sec,1602
B2a,B2a_oneParamBoolean,SPF,100.00,C,2,run-10-30sec,2304
B2a,B2a_oneParamDouble,SPF,100.00,C,4,run-10-30sec,4911
B2a,B2a_oneParamInt,SPF,100.00,C,4,run-10-30sec,2605
B2a,B2a_twoParamsBoolean,SPF,72.73,C,4,run-10-30sec,4649
B2a,B2a_twoParamsDouble,SPF,84.62,C,7,run-10-30sec,14732
B2a,B2a_twoParamsInt,SPF,84.62,C,7,run-10-30sec,9924
B2b,B2b_oneParamBoolean,SPF,100.00,C,2,run-10-30sec,2504
B2b,B2b_oneParamInt,SPF,100.00,C,2,run-10-30sec,2607
B2b,B2b_twoParamsBoolean,SPF,100.00,C,3,run-10-30sec,2604
B2b,B2b_twoParamsInt,SPF,100.00,C,3,run-10-30sec,2504
B2c,B2c_missingBreaks,SPF,100.00,C,4,run-10-30sec,2510
B2c,B2c_simple,SPF,100.00,C,4,run-10-30sec,2504
B2c,B2c_withReturn,SPF,100.00,C,4,run-10-30sec,2404
B2d,B2d_oneParamDouble,SPF,100.00,C,3,run-10-30sec,3107
B2d,B2d_oneParamFloat,SPF,100.00,C,3,run-10-30sec,3305
B2d,B2d_oneParamInt,SPF,100.00,C,2,run-10-30sec,2404
B2d,B2d_oneParamIntNoSolution,SPF,66.67,C,1,run-10-30sec,3706
B2d,B2d_quadraticDouble,SPF,100.00,C,5,run-10-30sec,10019
B2d,B2d_quadraticDoubleNoSolution,SPF,80.00,C,1,run-10-30sec,7117
B2d,B2d_quadraticFloat,SPF,100.00,C,9,run-10-30sec,7515
B2d,B2d_quadraticFloatNoSolution,SPF,,EX,,run-10-30sec,4907
B2d,B2d_quadraticInt,SPF,80.00,NC,3,run-10-30sec,4208
B2d,B2d_quadraticIntNoSolution,SPF,80.00,C,1,run-10-30sec,3807
B2d,B2d_threeParamsDouble,SPF,100.00,C,10,run-10-30sec,8415
B2d,B2d_threeParamsFloat,SPF,100.00,C,13,run-10-30sec,5718
B2d,B2d_threeParamsInt,SPF,83.33,NC,3,run-10-30sec,5409
B2d,B2d_threeParamsIntNoSolution,SPF,83.33,C,3,run-10-30sec,5308
B2d,B2d_twoParamsDouble,SPF,80.00,NC,4,run-10-30sec,4511
B2d,B2d_twoParamsFloat,SPF,80.00,NC,4,run-10-30sec,4310
B2d,B2d_twoParamsInt,SPF,100.00,C,3,run-10-30sec,2804
B2d,B2d_twoParamsIntNoSolution,SPF,80.00,C,2,run-10-30sec,3806
B3a,B3a_complex,SPF,,T/M,,run-10-30sec,30222
B3a,B3a_infinite,SPF,,T/M,,run-10-30sec,30157
B3a,B3a_infiniteNotOptimalizable,SPF,,T/M,,run-10-30sec,30215
B3a,B3a_nestedLoop,SPF,,N/A,,run-10-30sec,2310
B3a,B3a_nestedLoopWithLabel,SPF,,N/A,,run-10-30sec,2405
B3a,B3a_withConditionAndLimit,SPF,100.00,C,12,run-10-30sec,3305
B3a,B3a_withConditionNoLimit,SPF,,N/A,,run-10-30sec,2521
B3a,B3a_withContinueBreak,SPF,100.00,C,103,run-10-30sec,8822
B3a,B3a_withLimit,SPF,100.00,C,12,run-10-30sec,3418
B3b,B3b_complex,SPF,,T/M,,run-10-30sec,30225
B3b,B3b_infinite,SPF,,T/M,,run-10-30sec,30158
B3b,B3b_infiniteNotOptimalizable,SPF,,T/M,,run-10-30sec,30226
B3b,B3b_nestedLoop,SPF,,N/A,,run-10-30sec,2403
B3b,B3b_nestedLoopWithLabel,SPF,,N/A,,run-10-30sec,2304
B3b,B3b_withConditionAndLimit,SPF,100.00,C,12,run-10-30sec,3208
B3b,B3b_withConditionNoLimit,SPF,,N/A,,run-10-30sec,2404
B3b,B3b_withContinueBreak,SPF,100.00,C,103,run-10-30sec,8918
B3b,B3b_withLimit,SPF,100.00,C,12,run-10-30sec,3204
B3c,B3c_complex,SPF,,T/M,,run-10-30sec,30204
B3c,B3c_infinite,SPF,,T/M,,run-10-30sec,30156
B3c,B3c_infiniteNotOptimalizable,SPF,,T/M,,run-10-30sec,30177
B3c,B3c_nestedLoop,SPF,,N/A,,run-10-30sec,1602
B3c,B3c_nestedLoopWithLabel,SPF,,N/A,,run-10-30sec,1604
B3c,B3c_withConditionAndLimit,SPF,100.00,C,11,run-10-30sec,3345
B3c,B3c_withConditionNoLimit,SPF,,N/A,,run-10-30sec,1503
B3c,B3c_withContinueBreak,SPF,100.00,C,102,run-10-30sec,8818
B3c,B3c_withLimit,SPF,100.00,C,11,run-10-30sec,3106
B4a,B4a_fromParams,SPF,100.00,C,4,run-10-30sec,2504
B4a,B4a_fromParamsWithIndex,SPF,83.33,NC,5,run-10-30sec,4206
B4a,B4a_guessLength,SPF,100.00,C,2,run-10-30sec,2505
B4a,B4a_guessOneArray,SPF,40.00,NC,1,run-10-30sec,1607
B4a,B4a_guessOneArrayWithLength,SPF,40.00,NC,1,run-10-30sec,1602
B4a,B4a_indexParam,SPF,83.33,NC,3,run-10-30sec,2605
B4a,B4a_iterateWithFor,SPF,22.22,NC,1,run-10-30sec,1504
B4a,B4a_iterateWithForeach,SPF,18.18,NC,1,run-10-30sec,1603
B4a,B4a_twoArrays,SPF,28.57,NC,1,run-10-30sec,1608
B4b,B4b_fromParams,SPF,100.00,C,4,run-10-30sec,2503
B4b,B4b_fromParamsWithIndex,SPF,75.00,NC,3,run-10-30sec,2504
B4b,B4b_guessLength,SPF,100.00,C,2,run-10-30sec,2504
B4b,B4b_guessOneArray,SPF,0.00,NC,1,run-10-30sec,1603
B4b,B4b_guessOneArrayWithLength,SPF,0.00,NC,1,run-10-30sec,1603
B4b,B4b_indexParam,SPF,75.00,NC,1,run-10-30sec,1602
B4b,B4b_iterateWithFor,SPF,0.00,NC,1,run-10-30sec,1602
B4b,B4b_iterateWithForeach,SPF,0.00,NC,1,run-10-30sec,1505
B4b,B4b_twoArrays,SPF,0.00,NC,1,run-10-30sec,1602
B5a1,B5a1_conditionalCall,SPF,100.00,C,8,run-10-30sec,8212
B5a1,B5a1_simple,SPF,100.00,C,7,run-10-30sec,7312
B5a1,B5a1_useReturnValue,SPF,100.00,C,7,run-10-30sec,6709
B5a2,B5a2_conditionalCall,SPF,100.00,C,8,run-10-30sec,9816
B5a2,B5a2_simple,SPF,100.00,C,7,run-10-30sec,6510
B5a2,B5a2_useReturnValue,SPF,100.00,C,7,run-10-30sec,6922
B5b1,B5b1_fibonacci,SPF,,T/M,,run-10-30sec,30132
B5b1,B5b1_simple,SPF,,N/A,,run-10-30sec,1602
B5b2,B5b2_fibonacci,SPF,,T/M,,run-10-30sec,30242
B5b2,B5b2_simple,SPF,,N/A,,run-10-30sec,1604
B6a,B6a_always,SPF,100.00,C,1,run-10-30sec,1602
B6a,B6a_call,SPF,100.00,C,7,run-10-30sec,7714
B6a,B6a_conditionalAndLoop,SPF,100.00,C,12,run-10-30sec,3408
B6a,B6a_recursive,SPF,,N/A,,run-10-30sec,1733
B6a,B6a_tryCatch,SPF,100.00,C,7,run-10-30sec,6814
B6a,B6a_tryCatchFinally,SPF,100.00,C,21,run-10-30sec,8615
B6b,B6b_always,SPF,100.00,C,1,run-10-30sec,1602
B6b,B6b_call,SPF,100.00,C,7,run-10-30sec,7211
B6b,B6b_conditionalAndLoop,SPF,100.00,C,12,run-10-30sec,3305
B6b,B6b_recursive,SPF,,N/A,,run-10-30sec,1603
B6b,B6b_tryCatch,SPF,100.00,C,7,run-10-30sec,7012
B6b,B6b_tryCatchFinally,SPF,100.00,C,21,run-10-30sec,7313
B6c,B6c_arithmeticException,SPF,100.00,C,2,run-10-30sec,2504
B6c,B6c_arrayIndexOutOfBoundsException,SPF,100.00,C,2,run-10-30sec,2407
B6c,B6c_classCastException,SPF,100.00,C,2,run-10-30sec,2403
B6c,B6c_illegalArgumentException,SPF,100.00,C,2,run-10-30sec,2504
B6c,B6c_illegalStateException,SPF,100.00,C,2,run-10-30sec,2506
B6c,B6c_indexOutOfBoundsException,SPF,100.00,C,2,run-10-30sec,2405
B6c,B6c_nullPointerException,SPF,100.00,C,2,run-10-30sec,2503
B6c,B6c_securityException,SPF,100.00,C,2,run-10-30sec,2404
B6c,B6c_unsupportedOperationException,SPF,100.00,C,2,run-10-30sec,2404
S1,S1_returnStructure,SPF,40.00,NC,1,run-10-30sec,1602
S1,S1_returnStructureParams,SPF,100.00,C,1,run-10-30sec,1602
S1,S1_useStructure,SPF,66.67,NC,1,run-10-30sec,1604
S1,S1_useStructureParams,SPF,100.00,C,1,run-10-30sec,1603
S2,S2_oneStructure,SPF,18.18,NC,1,run-10-30sec,1502
S2,S2_oneStructureParams,SPF,100.00,C,7,run-10-30sec,7417
S2,S2_twoStructures,SPF,14.29,NC,1,run-10-30sec,1605
S2,S2_twoStructuresParams,SPF,100.00,C,7,run-10-30sec,8316
S3,S3_arrayOfStructures,SPF,25.00,NC,1,run-10-30sec,1503
S3,S3_arrayOfStructuresParams,SPF,15.38,NC,1,run-10-30sec,1603
S3,S3_noLimit,SPF,25.00,NC,1,run-10-30sec,1602
S3,S3_noLimitParams,SPF,,N/A,,run-10-30sec,2403
S3,S3_withLimit,SPF,25.00,NC,1,run-10-30sec,1602
S3,S3_withLimitParams,SPF,,N/A,,run-10-30sec,2506
S4,S4_guess,SPF,22.22,NC,1,run-10-30sec,1602
S4,S4_guessCoordinates,SPF,16.67,NC,1,run-10-30sec,1606
S4,S4_guessParams,SPF,100.00,C,9,run-10-30sec,3105
O1,O1_fullCoverage,SPF,13.33,NC,1,run-10-30sec,1604
O1,O1_guessImpossibleObject,SPF,40.00,NC,1,run-10-30sec,1602
O1,O1_guessImpossibleOperationCount,SPF,28.57,NC,1,run-10-30sec,1603
O1,O1_guessImpossibleOperationCountParams,SPF,,T/M,,run-10-30sec,30152
O1,O1_guessImpossibleResult,SPF,15.38,NC,1,run-10-30sec,1603
O1,O1_guessImpossibleResultAndOperationCount,SPF,28.57,NC,1,run-10-30sec,1604
O1,O1_guessImpossibleResultAndOperationCountParams,SPF,,T/M,,run-10-30sec,30207
O1,O1_guessImpossibleResultParams,SPF,91.67,C,8,run-10-30sec,10316
O1,O1_guessObject,SPF,40.00,NC,1,run-10-30sec,1603
O1,O1_guessOperationCount,SPF,28.57,NC,1,run-10-30sec,1602
O1,O1_guessOperationCountParams,SPF,,T/M,,run-10-30sec,30207
O1,O1_guessResult,SPF,15.38,NC,1,run-10-30sec,1602
O1,O1_guessResultAndOperationCount,SPF,28.57,NC,1,run-10-30sec,1602
O1,O1_guessResultAndOperationCountParams,SPF,,T/M,,run-10-30sec,30230
O1,O1_guessResultParams,SPF,100.00,C,16,run-10-30sec,3906
O1,O1_oneOperationNoCheck,SPF,0.00,NC,1,run-10-30sec,1602
O1,O1_oneOperationParams,SPF,100.00,C,2,run-10-30sec,2503
O1,O1_oneOperationWithCheck,SPF,22.22,NC,1,run-10-30sec,1603
O1,O1_twoOperationsParams,SPF,100.00,C,4,run-10-30sec,2705
O1,O1_twoOperationsWithCheck,SPF,18.18,NC,1,run-10-30sec,1602
O1,O1_twoOperationsWithNocheck,SPF,0.00,NC,1,run-10-30sec,1603
O2,O2_guessResult,SPF,13.33,NC,1,run-10-30sec,1602
O2,O2_guessResultParams,SPF,100.00,C,16,run-10-30sec,4007
O3a,O3a_guessResult,SPF,11.11,NC,1,run-10-30sec,1602
O3a,O3a_guessResultParams,SPF,100.00,C,16,run-10-30sec,3910
O3b,O3b_guess,SPF,33.33,NC,1,run-10-30sec,1603
O3b,O3b_guessImpossible,SPF,33.33,NC,1,run-10-30sec,1602
O3b,O3b_validate,SPF,33.33,NC,1,run-10-30sec,1602
O3c,O3c_guess,SPF,33.33,NC,1,run-10-30sec,1602
O3c,O3c_guessImpossible,SPF,33.33,NC,1,run-10-30sec,1603
O3c,O3c_validate,SPF,33.33,NC,1,run-10-30sec,1603
O4,O4_guessImpossible,SPF,11.76,NC,1,run-10-30sec,1603
O4,O4_guessImpossibleParams,SPF,87.50,C,8,run-10-30sec,12030
O4,O4_guessResult,SPF,11.76,NC,1,run-10-30sec,1659
O4,O4_guessResultParams,SPF,93.75,C,15,run-10-30sec,8715
G1,G1_guessType,SPF,22.22,NC,1,run-10-30sec,1603
G1,G1_guessTypeAndUse,SPF,13.33,NC,1,run-10-30sec,1603
G1,G1_guessTypeWithExtends,SPF,22.22,NC,1,run-10-30sec,1603
G1,G1_guessTypeWithExtendsAndUse,SPF,13.33,NC,1,run-10-30sec,1602
G2,G2_guessDescendant,SPF,0.00,NC,1,run-10-30sec,1602
G2,G2_guessImpossible,SPF,0.00,NC,1,run-10-30sec,1703
G2,G2_guessInteger,SPF,0.00,NC,1,run-10-30sec,1602
G2,G2_guessIntegerNoHelp,SPF,0.00,NC,1,run-10-30sec,1605
G2,G2_guessSafe,SPF,0.00,NC,1,run-10-30sec,1605
G2,G2_guessSafeNoHelp,SPF,0.00,NC,1,run-10-30sec,1607
L1,L1_abs,SPF,100.00,C,10,run-10-30sec,3307
L1,L1_absImpossible,SPF,66.67,C,4,run-10-30sec,8613
L1,L1_cbrt,SPF,75.00,NC,1,run-10-30sec,1602
L1,L1_cos,SPF,100.00,C,3,run-10-30sec,5008
L1,L1_cosImpossible,SPF,66.67,C,1,run-10-30sec,4608
L1,L1_log10GuessArgument,SPF,,N/A,,run-10-30sec,1602
L1,L1_logGuessArgument,SPF,100.00,C,2,run-10-30sec,6312
L1,L1_logGuessBase,SPF,100.00,C,4,run-10-30sec,5412
L1,L1_logGuessBaseAndArgument,SPF,100.00,C,4,run-10-30sec,5509
L1,L1_minMax,SPF,100.00,C,7,run-10-30sec,4910
L1,L1_minMaxImpossible,SPF,66.67,C,7,run-10-30sec,5508
L1,L1_minMaxWithOrder,SPF,100.00,C,7,run-10-30sec,5511
L1,L1_powGuessBase,SPF,100.00,C,3,run-10-30sec,5611
L1,L1_powGuessBaseAndExponent,SPF,100.00,C,3,run-10-30sec,7011
L1,L1_powGuessExponent,SPF,100.00,C,3,run-10-30sec,5007
L1,L1_sin,SPF,100.00,C,3,run-10-30sec,5507
L1,L1_sinImpossible,SPF,66.67,C,1,run-10-30sec,4606
L1,L1_sqrt,SPF,100.00,C,3,run-10-30sec,4707
L1,L1_sqrtImpossible,SPF,66.67,C,1,run-10-30sec,4507
L1,L1_tan,SPF,100.00,C,3,run-10-30sec,5412
L2,L2_add,SPF,28.57,NC,1,run-10-30sec,1702
L2,L2_addWithCondition,SPF,0.00,NC,1,run-10-30sec,1702
L2,L2_charAt,SPF,28.57,NC,1,run-10-30sec,1602
L2,L2_compareTo,SPF,22.22,NC,1,run-10-30sec,1604
L2,L2_compareToIgnoreCase,SPF,22.22,NC,1,run-10-30sec,1606
L2,L2_equality,SPF,22.22,NC,1,run-10-30sec,1602
L2,L2_equalityIgnoreCase,SPF,22.22,NC,1,run-10-30sec,1702
L2,L2_indexOf,SPF,25.00,NC,1,run-10-30sec,1603
L2,L2_length,SPF,28.57,NC,1,run-10-30sec,1602
L2,L2_regionEquality,SPF,25.00,NC,1,run-10-30sec,1603
L2,L2_startsEnds,SPF,28.57,NC,1,run-10-30sec,1604
L2,L2_substring,SPF,28.57,NC,1,run-10-30sec,1603
L2,L2_switchString,SPF,33.33,NC,1,run-10-30sec,1602
L3,L3_guessDouble,SPF,40.00,NC,1,run-10-30sec,1602
L3,L3_guessInteger,SPF,40.00,NC,1,run-10-30sec,1603
L3,L3_integerOverflow,SPF,75.00,NC,1,run-10-30sec,1602
L4,L4_guessElementAndIndex,SPF,88.89,NC,3,run-10-30sec,2904
L4,L4_guessElements,SPF,100.00,C,3,run-10-30sec,2709
L4,L4_guessGenericListWithElement,SPF,,EX,,run-10-30sec,1602
L4,L4_guessGenericListWithSize,SPF,,EX,,run-10-30sec,1602
L4,L4_guessGenericVectorWithElement,SPF,0.00,NC,1,run-10-30sec,1603
L4,L4_guessGenericVectorWithSize,SPF,0.00,NC,1,run-10-30sec,1603
L4,L4_guessIndices,SPF,88.89,NC,3,run-10-30sec,2709
L4,L4_guessListWithSize,SPF,,EX,,run-10-30sec,1603
L4,L4_guessSize,SPF,100.00,C,2,run-10-30sec,2403
L4,L4_guessSizeAndElements,SPF,100.00,C,4,run-10-30sec,2706
L4,L4_guessVectorWithSize,SPF,0.00,NC,1,run-10-30sec,1603
LO,LO_associatesAPIGuessDate,SPF,,EX,,run-10-30sec,1602
LO,LO_associatesAPIGuessValidDateFormat,SPF,,EX,,run-10-30sec,1602
LO,LO_guessUUID,SPF,22.22,NC,1,run-10-30sec,1603
LO,LO_guessValidUUID,SPF,33.33,NC,1,run-10-30sec,1602
LO,LO_inheritsAPIGuessOneObject,SPF,28.57,NC,1,run-10-30sec,1502
LO,LO_inheritsAPIGuessOnePrimitive,SPF,83.33,C,4,run-10-30sec,2704
LO,LO_inheritsAPIGuessTwoObjects,SPF,16.67,NC,1,run-10-30sec,1602
LO,LO_inheritsAPIGuessTwoPrimitives,SPF,91.67,C,7,run-10-30sec,6415
LO,LO_regexCaseInsensitive,SPF,,EX,,run-10-30sec,1605
LO,LO_regexCaseSensitive,SPF,40.00,NC,1,run-10-30sec,1602
Others,Others_guess,SPF,40.00,NC,1,run-10-30sec,1603
Others,Others_guessEnum,SPF,18.18,NC,1,run-10-30sec,1603
Others,Others_guessEnumOrdinal,SPF,18.18,NC,1,run-10-30sec,1504
Others,Others_guessEnumString,SPF,18.18,NC,1,run-10-30sec,2628
Others,Others_guessWithLength,SPF,40.00,NC,1,run-10-30sec,1503
Others,Others_iterateWithFor,SPF,22.22,NC,1,run-10-30sec,1602
Others,Others_iterateWithForeach,SPF,18.18,NC,1,run-10-30sec,1602
Others,Others_minMax,SPF,100.00,C,7,run-10-30sec,4907
Others,Others_minMaxImpossible,SPF,66.67,C,7,run-10-30sec,5708
Others,Others_minMaxWithOrder,SPF,100.00,C,7,run-10-30sec,5607
Others,Others_switchEnum,SPF,25.00,NC,1,run-10-30sec,1602
Others,Others_test,SPF,100.00,C,2,run-10-30sec,2505
